123 456 789 
456 789 123 
789 123 456 

297 814 635 
564 932 817 
831 675 294 

378 561 942 
645 298 371 
912 347 568 
===========
123 456 789 
456 789 123 
789 123 456 

297 814 635 
564 932 817 
831 675 942 

378 561 294 
645 298 371 
912 347 568 
===========
123 456 789 
456 789 123 
789 123 456 

297 814 635 
564 932 871 
831 675 294 

378 561 942 
645 298 317 
912 347 568 
===========
123 456 789 
456 789 123 
789 123 456 

297 814 635 
564 932 871 
831 675 942 

378 561 294 
645 298 317 
912 347 568 
===========
123 456 789 
456 789 123 
789 123 456 

297 814 635 
564 932 871 
831 675 294 

378 561 942 
645 297 318 
912 348 567 
===========
123 456 789 
456 789 123 
789 123 456 

297 814 635 
564 932 871 
831 675 942 

378 561 294 
645 297 318 
912 348 567 
===========
123 456 789 
456 789 123 
789 123 456 

297 814 635 
564 932 817 
831 675 294 

378 541 962 
645 298 371 
912 367 548 
===========
123 456 789 
456 789 123 
789 123 456 

297 814 635 
564 932 871 
831 675 294 

378 541 962 
645 298 317 
912 367 548 
===========
123 456 789 
456 789 123 
789 123 456 

297 814 635 
564 932 871 
831 675 294 

378 541 962 
645 297 318 
912 368 547 
===========
123 456 789 
456 789 123 
789 123 456 

297 815 364 
564 932 817 
831 647 295 

378 591 642 
645 278 931 
912 364 578 
===========
123 456 789 
456 789 123 
789 123 456 

297 815 364 
564 932 871 
831 647 295 

378 594 612 
645 271 938 
912 368 547 
===========
123 456 789 
456 789 123 
789 123 456 

297 815 364 
564 937 218 
831 642 597 

378 591 642 
645 278 931 
912 364 875 
===========
123 456 789 
456 789 123 
789 123 456 

297 815 634 
564 932 817 
831 674 295 

378 561 942 
645 298 371 
912 347 568 
===========
123 456 789 
456 789 123 
789 123 456 

297 815 634 
564 932 871 
831 674 295 

378 561 942 
645 298 317 
912 347 568 
===========
123 456 789 
456 789 123 
789 123 456 

297 815 634 
564 932 871 
831 674 295 

378 561 942 
645 297 318 
912 348 567 
===========
123 456 789 
456 789 123 
789 123 456 

297 815 634 
564 937 812 
831 642 975 

378 594 261 
645 271 398 
912 368 547 
===========
123 456 789 
456 789 123 
789 123 456 

297 815 634 
564 932 817 
831 674 295 

378 541 962 
645 298 371 
912 367 548 
===========
123 456 789 
456 789 123 
789 123 456 

297 815 634 
564 932 871 
831 674 295 

378 541 962 
645 298 317 
912 367 548 
===========
123 456 789 
456 789 123 
789 123 456 

297 815 634 
564 932 871 
831 674 295 

378 541 962 
645 297 318 
912 368 547 
===========
123 456 789 
456 789 123 
789 123 456 

297 815 634 
564 932 817 
831 647 295 

378 561 942 
645 298 371 
912 374 568 
===========
123 456 789 
456 789 123 
789 123 456 

297 815 634 
564 932 871 
831 647 295 

378 561 942 
645 298 317 
912 374 568 
===========
123 456 789 
456 789 123 
789 123 456 

297 815 634 
564 937 218 
831 642 597 

378 561 942 
645 298 371 
912 374 865 
===========
123 456 789 
456 789 123 
789 123 456 

297 831 645 
564 972 318 
831 645 297 

378 514 962 
645 297 831 
912 368 574 
===========
123 456 789 
456 789 123 
789 123 456 

297 831 645 
564 972 831 
831 645 297 

378 514 962 
645 297 318 
912 368 574 
===========
123 456 789 
456 789 123 
789 123 456 

297 834 561 
564 912 837 
831 675 294 

378 561 942 
645 297 318 
912 348 675 
===========
123 456 789 
456 789 123 
789 123 456 

297 834 561 
564 912 837 
831 675 942 

378 561 294 
645 297 318 
912 348 675 
===========
123 456 789 
456 789 123 
789 123 456 

297 834 615 
564 912 378 
831 675 294 

378 561 942 
645 297 831 
912 348 567 
===========
123 456 789 
456 789 123 
789 123 456 

297 834 615 
564 912 378 
831 675 942 

378 561 294 
645 297 831 
912 348 567 
===========
123 456 789 
456 789 123 
789 123 456 

297 834 615 
564 912 837 
831 675 294 

378 561 942 
645 298 371 
912 347 568 
===========
123 456 789 
456 789 123 
789 123 456 

297 834 615 
564 912 837 
831 675 942 

378 561 294 
645 298 371 
912 347 568 
===========
123 456 789 
456 789 123 
789 123 456 

297 834 615 
564 912 378 
831 675 294 

378 541 962 
645 297 831 
912 368 547 
===========
123 456 789 
456 789 123 
789 123 456 

297 834 615 
564 912 837 
831 675 294 

378 541 962 
645 298 371 
912 367 548 
===========
123 456 789 
456 789 123 
789 123 456 

297 835 614 
564 912 378 
831 674 295 

378 561 942 
645 297 831 
912 348 567 
===========
123 456 789 
456 789 123 
789 123 456 

297 835 614 
564 912 837 
831 674 295 

378 561 942 
645 298 371 
912 347 568 
===========
123 456 789 
456 789 123 
789 123 456 

297 835 614 
564 971 832 
831 642 975 

378 594 261 
645 218 397 
912 367 548 
===========
123 456 789 
456 789 123 
789 123 456 

297 835 614 
564 971 832 
831 642 975 

378 594 261 
645 217 398 
912 368 547 
===========
123 456 789 
456 789 123 
789 123 456 

297 835 614 
564 917 832 
831 642 975 

378 594 261 
645 271 398 
912 368 547 
===========
123 456 789 
456 789 123 
789 123 456 

297 835 614 
564 971 238 
831 642 597 

378 514 962 
645 298 371 
912 367 845 
===========
123 456 789 
456 789 123 
789 123 456 

297 835 614 
564 912 378 
831 674 295 

378 541 962 
645 297 831 
912 368 547 
===========
123 456 789 
456 789 123 
789 123 456 

297 835 614 
564 912 837 
831 674 295 

378 541 962 
645 298 371 
912 367 548 
===========
123 456 789 
456 789 123 
789 123 456 

297 835 614 
564 912 837 
831 647 295 

378 561 942 
645 298 371 
912 374 568 
===========
123 456 789 
456 789 123 
789 123 456 

297 835 614 
564 917 238 
831 642 597 

378 561 942 
645 298 371 
912 374 865 
===========
123 456 789 
456 789 123 
789 123 456 

297 835 641 
564 912 837 
831 674 295 

378 541 962 
645 297 318 
912 368 574 
===========
123 456 789 
456 789 123 
789 123 456 

297 835 641 
564 912 378 
831 647 295 

378 564 912 
645 291 837 
912 378 564 
===========
123 456 789 
456 789 123 
789 123 456 

297 835 641 
564 912 837 
831 647 295 

378 564 912 
645 291 378 
912 378 564 
===========
123 456 789 
456 789 123 
789 123 456 

297 835 641 
564 917 832 
831 642 975 

378 561 294 
645 298 317 
912 374 568 
===========
123 456 789 
456 789 123 
789 123 456 

297 841 365 
564 932 871 
831 675 294 

378 594 612 
645 218 937 
912 367 548 
===========
123 456 789 
456 789 123 
789 123 456 

297 841 365 
564 932 871 
831 675 294 

378 594 612 
645 217 938 
912 368 547 
===========
123 456 789 
456 789 123 
789 123 456 

297 841 635 
564 932 817 
831 675 942 

378 594 261 
645 217 398 
912 368 574 
===========
123 456 789 
456 789 123 
789 123 456 

297 841 635 
564 932 817 
831 675 294 

378 514 962 
645 298 371 
912 367 548 
===========
123 456 789 
456 789 123 
789 123 456 

297 841 635 
564 932 871 
831 675 294 

378 514 962 
645 298 317 
912 367 548 
===========
123 456 789 
456 789 123 
789 123 456 

297 841 635 
564 932 871 
831 675 294 

378 514 962 
645 297 318 
912 368 547 
===========
123 456 789 
456 789 123 
789 123 456 

297 845 361 
564 931 278 
831 672 594 

378 594 612 
645 218 937 
912 367 845 
===========
123 456 789 
456 789 123 
789 123 456 

297 845 631 
564 931 278 
831 672 594 

378 514 962 
645 298 317 
912 367 845 
===========
123 456 789 
456 789 123 
789 123 456 

297 614 538 
564 832 917 
831 975 642 

378 561 294 
645 298 371 
912 347 865 
===========
123 456 789 
456 789 123 
789 123 456 

297 614 538 
564 832 971 
831 975 642 

378 561 294 
645 298 317 
912 347 865 
===========
123 456 789 
456 789 123 
789 123 456 

297 614 538 
564 832 917 
831 975 264 

378 541 692 
645 298 371 
912 367 845 
===========
123 456 789 
456 789 123 
789 123 456 

297 614 538 
564 832 971 
831 975 264 

378 541 692 
645 298 317 
912 367 845 
===========
123 456 789 
456 789 123 
789 123 456 

297 614 835 
564 832 917 
831 975 642 

378 561 294 
645 298 371 
912 347 568 
===========
123 456 789 
456 789 123 
789 123 456 

297 614 835 
564 832 971 
831 975 642 

378 561 294 
645 298 317 
912 347 568 
===========
123 456 789 
456 789 123 
789 123 456 

297 614 835 
564 832 971 
831 975 642 

378 561 294 
645 297 318 
912 348 567 
===========
123 456 789 
456 789 123 
789 123 456 

297 614 835 
564 832 917 
831 975 264 

378 541 692 
645 298 371 
912 367 548 
===========
123 456 789 
456 789 123 
789 123 456 

297 614 835 
564 832 971 
831 975 264 

378 541 692 
645 298 317 
912 367 548 
===========
123 456 789 
456 789 123 
789 123 456 

297 614 835 
564 832 971 
831 975 264 

378 541 692 
645 297 318 
912 368 547 
===========
123 456 789 
456 789 123 
789 123 456 

297 615 348 
564 832 917 
831 974 562 

378 561 294 
645 297 831 
912 348 675 
===========
123 456 789 
456 789 123 
789 123 456 

297 615 348 
564 832 917 
831 974 265 

378 541 692 
645 297 831 
912 368 574 
===========
123 456 789 
456 789 123 
789 123 456 

297 615 348 
564 837 291 
831 942 675 

378 564 912 
645 291 837 
912 378 564 
===========
123 456 789 
456 789 123 
789 123 456 

297 615 348 
564 837 912 
831 942 675 

378 564 291 
645 291 837 
912 378 564 
===========
123 456 789 
456 789 123 
789 123 456 

297 615 834 
564 832 917 
831 947 265 

378 591 642 
645 278 391 
912 364 578 
===========
123 456 789 
456 789 123 
789 123 456 

297 615 834 
564 832 971 
831 947 265 

378 594 612 
645 271 398 
912 368 547 
===========
123 456 789 
456 789 123 
789 123 456 

297 615 834 
564 837 912 
831 942 675 

378 594 261 
645 271 398 
912 368 547 
===========
123 456 789 
456 789 123 
789 123 456 

297 615 834 
564 832 917 
831 974 265 

378 541 692 
645 298 371 
912 367 548 
===========
123 456 789 
456 789 123 
789 123 456 

297 615 834 
564 832 971 
831 974 265 

378 541 692 
645 298 317 
912 367 548 
===========
123 456 789 
456 789 123 
789 123 456 

297 615 834 
564 832 971 
831 974 265 

378 541 692 
645 297 318 
912 368 547 
===========
123 456 789 
456 789 123 
789 123 456 

297 615 834 
564 832 917 
831 947 562 

378 564 291 
645 291 378 
912 378 645 
===========
123 456 789 
456 789 123 
789 123 456 

297 615 834 
564 837 291 
831 942 675 

378 561 942 
645 298 317 
912 374 568 
===========
123 456 789 
456 789 123 
789 123 456 

297 615 834 
564 837 291 
831 942 567 

378 564 912 
645 291 378 
912 378 645 
===========
123 456 789 
456 789 123 
789 123 456 

297 615 834 
564 837 912 
831 942 567 

378 564 291 
645 291 378 
912 378 645 
===========
123 456 789 
456 789 123 
789 123 456 

297 631 845 
564 872 391 
831 945 267 

378 594 612 
645 217 938 
912 368 574 
===========
123 456 789 
456 789 123 
789 123 456 

297 631 845 
564 872 931 
831 945 267 

378 594 612 
645 217 398 
912 368 574 
===========
123 456 789 
456 789 123 
789 123 456 

297 631 845 
564 872 931 
831 945 267 

378 514 692 
645 297 318 
912 368 574 
===========
123 456 789 
456 789 123 
789 123 456 

297 634 518 
564 812 397 
831 975 264 

378 561 942 
645 297 831 
912 348 675 
===========
123 456 789 
456 789 123 
789 123 456 

297 634 518 
564 812 937 
831 975 642 

378 561 294 
645 298 371 
912 347 865 
===========
123 456 789 
456 789 123 
789 123 456 

297 634 518 
564 812 937 
831 975 264 

378 541 692 
645 298 371 
912 367 845 
===========
123 456 789 
456 789 123 
789 123 456 

297 634 815 
564 812 937 
831 975 642 

378 561 294 
645 298 371 
912 347 568 
===========
123 456 789 
456 789 123 
789 123 456 

297 634 815 
564 812 937 
831 975 264 

378 541 692 
645 298 371 
912 367 548 
===========
123 456 789 
456 789 123 
789 123 456 

297 635 814 
564 871 392 
831 942 675 

378 594 261 
645 218 937 
912 367 548 
===========
123 456 789 
456 789 123 
789 123 456 

297 635 814 
564 871 392 
831 942 675 

378 594 261 
645 217 938 
912 368 547 
===========
123 456 789 
456 789 123 
789 123 456 

297 635 814 
564 871 932 
831 942 675 

378 594 261 
645 218 397 
912 367 548 
===========
123 456 789 
456 789 123 
789 123 456 

297 635 814 
564 871 932 
831 942 675 

378 594 261 
645 217 398 
912 368 547 
===========
123 456 789 
456 789 123 
789 123 456 

297 635 814 
564 812 397 
831 947 265 

378 591 642 
645 278 931 
912 364 578 
===========
123 456 789 
456 789 123 
789 123 456 

297 635 814 
564 812 937 
831 947 265 

378 591 642 
645 278 391 
912 364 578 
===========
123 456 789 
456 789 123 
789 123 456 

297 635 814 
564 817 392 
831 942 675 

378 594 261 
645 271 938 
912 368 547 
===========
123 456 789 
456 789 123 
789 123 456 

297 635 814 
564 817 932 
831 942 675 

378 594 261 
645 271 398 
912 368 547 
===========
123 456 789 
456 789 123 
789 123 456 

297 635 814 
564 812 937 
831 974 265 

378 541 692 
645 298 371 
912 367 548 
===========
123 456 789 
456 789 123 
789 123 456 

297 635 814 
564 812 937 
831 947 562 

378 564 291 
645 291 378 
912 378 645 
===========
123 456 789 
456 789 123 
789 123 456 

297 635 814 
564 817 932 
831 942 567 

378 564 291 
645 291 378 
912 378 645 
===========
123 456 789 
456 789 123 
789 123 456 

297 635 841 
564 812 937 
831 974 562 

378 561 294 
645 297 318 
912 348 675 
===========
123 456 789 
456 789 123 
789 123 456 

297 635 841 
564 812 397 
831 947 265 

378 594 612 
645 271 938 
912 368 574 
===========
123 456 789 
456 789 123 
789 123 456 

297 635 841 
564 812 937 
831 947 265 

378 594 612 
645 271 398 
912 368 574 
===========
123 456 789 
456 789 123 
789 123 456 

297 635 841 
564 812 937 
831 974 265 

378 541 692 
645 297 318 
912 368 574 
===========
123 456 789 
456 789 123 
789 123 456 

297 635 841 
564 817 932 
831 942 675 

378 561 294 
645 298 317 
912 374 568 
===========
123 456 789 
456 789 123 
789 123 456 

297 641 538 
564 832 971 
831 975 264 

378 594 612 
645 218 397 
912 367 845 
===========
123 456 789 
456 789 123 
789 123 456 

297 641 538 
564 832 917 
831 975 264 

378 514 692 
645 298 371 
912 367 845 
===========
123 456 789 
456 789 123 
789 123 456 

297 641 538 
564 832 971 
831 975 264 

378 514 692 
645 298 317 
912 367 845 
===========
123 456 789 
456 789 123 
789 123 456 

297 641 835 
564 832 917 
831 975 642 

378 594 261 
645 217 398 
912 368 574 
===========
123 456 789 
456 789 123 
789 123 456 

297 641 835 
564 832 971 
831 975 264 

378 594 612 
645 218 397 
912 367 548 
===========
123 456 789 
456 789 123 
789 123 456 

297 641 835 
564 832 971 
831 975 264 

378 594 612 
645 217 398 
912 368 547 
===========
123 456 789 
456 789 123 
789 123 456 

297 641 835 
564 832 917 
831 975 264 

378 514 692 
645 298 371 
912 367 548 
===========
123 456 789 
456 789 123 
789 123 456 

297 641 835 
564 832 971 
831 975 264 

378 514 692 
645 298 317 
912 367 548 
===========
123 456 789 
456 789 123 
789 123 456 

297 641 835 
564 832 971 
831 975 264 

378 514 692 
645 297 318 
912 368 547 
===========
123 456 789 
456 789 123 
789 123 456 

297 645 318 
564 831 297 
831 972 645 

378 514 962 
645 297 831 
912 368 574 
===========
123 456 789 
456 789 123 
789 123 456 

297 645 831 
564 831 297 
831 972 645 

378 514 962 
645 297 318 
912 368 574 
===========
123 456 789 
456 789 123 
789 123 456 

297 814 365 
564 932 817 
831 567 294 

378 691 542 
645 278 931 
912 345 678 
===========
123 456 789 
456 789 123 
789 123 456 

297 814 635 
564 932 871 
831 567 942 

378 695 214 
645 271 398 
912 348 567 
===========
123 456 789 
456 789 123 
789 123 456 

297 814 635 
564 937 218 
831 562 974 

378 691 542 
645 278 391 
912 345 867 
===========
123 456 789 
456 789 123 
789 123 456 

297 814 635 
564 937 812 
831 562 974 

378 695 241 
645 271 398 
912 348 567 
===========
123 456 789 
456 789 123 
789 123 456 

297 814 635 
564 932 817 
831 567 942 

378 645 291 
645 291 378 
912 378 564 
===========
123 456 789 
456 789 123 
789 123 456 

297 814 635 
564 937 218 
831 562 947 

378 641 592 
645 298 371 
912 375 864 
===========
123 456 789 
456 789 123 
789 123 456 

297 814 635 
564 937 812 
831 562 947 

378 645 291 
645 291 378 
912 378 564 
===========
123 456 789 
456 789 123 
789 123 456 

297 831 564 
564 972 318 
831 564 297 

378 615 942 
645 297 831 
912 348 675 
===========
123 456 789 
456 789 123 
789 123 456 

297 831 564 
564 972 831 
831 564 297 

378 615 942 
645 297 318 
912 348 675 
===========
123 456 789 
456 789 123 
789 123 456 

297 831 645 
564 972 831 
831 564 972 

378 695 214 
645 218 397 
912 347 568 
===========
123 456 789 
456 789 123 
789 123 456 

297 831 645 
564 972 831 
831 564 972 

378 695 214 
645 217 398 
912 348 567 
===========
123 456 789 
456 789 123 
789 123 456 

297 831 645 
564 972 318 
831 564 972 

378 615 294 
645 297 831 
912 348 567 
===========
123 456 789 
456 789 123 
789 123 456 

297 831 645 
564 972 831 
831 564 972 

378 615 294 
645 298 317 
912 347 568 
===========
123 456 789 
456 789 123 
789 123 456 

297 831 645 
564 972 831 
831 564 972 

378 615 294 
645 297 318 
912 348 567 
===========
123 456 789 
456 789 123 
789 123 456 

297 834 561 
564 971 832 
831 562 947 

378 695 214 
645 217 398 
912 348 675 
===========
123 456 789 
456 789 123 
789 123 456 

297 834 561 
564 912 837 
831 567 942 

378 695 214 
645 271 398 
912 348 675 
===========
123 456 789 
456 789 123 
789 123 456 

297 834 561 
564 917 832 
831 562 947 

378 695 214 
645 271 398 
912 348 675 
===========
123 456 789 
456 789 123 
789 123 456 

297 834 561 
564 971 832 
831 562 947 

378 615 294 
645 297 318 
912 348 675 
===========
123 456 789 
456 789 123 
789 123 456 

297 834 561 
564 912 378 
831 567 294 

378 645 912 
645 291 837 
912 378 645 
===========
123 456 789 
456 789 123 
789 123 456 

297 834 561 
564 912 837 
831 567 294 

378 645 912 
645 291 378 
912 378 645 
===========
123 456 789 
456 789 123 
789 123 456 

297 834 561 
564 917 832 
831 562 974 

378 641 295 
645 298 317 
912 375 648 
===========
123 456 789 
456 789 123 
789 123 456 

297 834 615 
564 971 832 
831 562 974 

378 695 241 
645 218 397 
912 347 568 
===========
123 456 789 
456 789 123 
789 123 456 

297 834 615 
564 971 832 
831 562 974 

378 695 241 
645 217 398 
912 348 567 
===========
123 456 789 
456 789 123 
789 123 456 

297 834 615 
564 912 378 
831 567 294 

378 691 542 
645 278 931 
912 345 867 
===========
123 456 789 
456 789 123 
789 123 456 

297 834 615 
564 917 238 
831 562 974 

378 691 542 
645 278 391 
912 345 867 
===========
123 456 789 
456 789 123 
789 123 456 

297 834 615 
564 917 832 
831 562 974 

378 695 241 
645 271 398 
912 348 567 
===========
123 456 789 
456 789 123 
789 123 456 

297 834 615 
564 971 832 
831 562 947 

378 615 294 
645 298 371 
912 347 568 
===========
123 456 789 
456 789 123 
789 123 456 

297 834 615 
564 912 378 
831 567 942 

378 645 291 
645 291 837 
912 378 564 
===========
123 456 789 
456 789 123 
789 123 456 

297 834 615 
564 912 837 
831 567 942 

378 645 291 
645 291 378 
912 378 564 
===========
123 456 789 
456 789 123 
789 123 456 

297 834 615 
564 917 238 
831 562 947 

378 641 592 
645 298 371 
912 375 864 
===========
123 456 789 
456 789 123 
789 123 456 

297 834 615 
564 917 832 
831 562 947 

378 645 291 
645 291 378 
912 378 564 
===========
123 456 789 
456 789 123 
789 123 456 

297 841 365 
564 932 871 
831 567 294 

378 694 512 
645 218 937 
912 375 648 
===========
123 456 789 
456 789 123 
789 123 456 

297 841 635 
564 932 871 
831 567 942 

378 695 214 
645 218 397 
912 374 568 
===========
123 456 789 
456 789 123 
789 123 456 

297 841 635 
564 937 812 
831 562 974 

378 695 241 
645 218 397 
912 374 568 
===========
123 456 789 
456 789 123 
789 123 456 

297 841 635 
564 932 817 
831 567 294 

378 615 942 
645 298 371 
912 374 568 
===========
123 456 789 
456 789 123 
789 123 456 

297 841 635 
564 932 817 
831 567 942 

378 615 294 
645 298 371 
912 374 568 
===========
123 456 789 
456 789 123 
789 123 456 

297 841 635 
564 932 871 
831 567 294 

378 615 942 
645 298 317 
912 374 568 
===========
123 456 789 
456 789 123 
789 123 456 

297 841 635 
564 932 871 
831 567 942 

378 615 294 
645 298 317 
912 374 568 
===========
123 456 789 
456 789 123 
789 123 456 

297 841 635 
564 937 218 
831 562 947 

378 614 592 
645 298 371 
912 375 864 
===========
123 456 789 
456 789 123 
789 123 456 

297 841 635 
564 937 812 
831 562 947 

378 615 294 
645 298 371 
912 374 568 
===========
123 456 789 
456 789 123 
789 123 456 

297 861 345 
564 932 871 
831 574 692 

378 695 214 
645 218 937 
912 347 568 
===========
123 456 789 
456 789 123 
789 123 456 

297 861 345 
564 932 871 
831 574 692 

378 695 214 
645 217 938 
912 348 567 
===========
123 456 789 
456 789 123 
789 123 456 

297 861 345 
564 932 871 
831 547 692 

378 695 214 
645 218 937 
912 374 568 
===========
123 456 789 
456 789 123 
789 123 456 

297 861 534 
564 932 817 
831 574 962 

378 695 241 
645 217 398 
912 348 675 
===========
123 456 789 
456 789 123 
789 123 456 

297 861 534 
564 932 871 
831 547 962 

378 694 215 
645 218 397 
912 375 648 
===========
123 456 789 
456 789 123 
789 123 456 

297 861 534 
564 932 817 
831 547 962 

378 614 295 
645 298 371 
912 375 648 
===========
123 456 789 
456 789 123 
789 123 456 

297 861 534 
564 932 871 
831 547 962 

378 614 295 
645 298 317 
912 375 648 
===========
123 456 789 
456 789 123 
789 123 456 

297 861 534 
564 937 218 
831 542 697 

378 615 942 
645 298 371 
912 374 865 
===========
123 456 789 
456 789 123 
789 123 456 

297 861 534 
564 937 812 
831 542 967 

378 614 295 
645 298 371 
912 375 648 
===========
123 456 789 
456 789 123 
789 123 456 

297 864 315 
564 931 872 
831 572 694 

378 695 241 
645 218 937 
912 347 568 
===========
123 456 789 
456 789 123 
789 123 456 

297 864 315 
564 931 872 
831 572 694 

378 695 241 
645 217 938 
912 348 567 
===========
123 456 789 
456 789 123 
789 123 456 

297 864 315 
564 931 278 
831 572 694 

378 615 942 
645 297 831 
912 348 567 
===========
123 456 789 
456 789 123 
789 123 456 

297 864 531 
564 931 278 
831 572 694 

378 615 942 
645 298 317 
912 347 865 
===========
123 456 789 
456 789 123 
789 123 456 

297 514 368 
564 837 291 
831 962 574 

378 645 912 
645 291 837 
912 378 645 
===========
123 456 789 
456 789 123 
789 123 456 

297 514 368 
564 837 912 
831 962 574 

378 645 291 
645 291 837 
912 378 645 
===========
123 456 789 
456 789 123 
789 123 456 

297 514 638 
564 837 912 
831 962 574 

378 691 245 
645 278 391 
912 345 867 
===========
123 456 789 
456 789 123 
789 123 456 

297 514 638 
564 832 917 
831 967 245 

378 641 592 
645 298 371 
912 375 864 
===========
123 456 789 
456 789 123 
789 123 456 

297 514 638 
564 832 917 
831 967 542 

378 641 295 
645 298 371 
912 375 864 
===========
123 456 789 
456 789 123 
789 123 456 

297 514 638 
564 832 971 
831 967 245 

378 641 592 
645 298 317 
912 375 864 
===========
123 456 789 
456 789 123 
789 123 456 

297 514 638 
564 832 971 
831 967 542 

378 641 295 
645 298 317 
912 375 864 
===========
123 456 789 
456 789 123 
789 123 456 

297 514 638 
564 837 912 
831 962 547 

378 641 295 
645 298 371 
912 375 864 
===========
123 456 789 
456 789 123 
789 123 456 

297 531 648 
564 872 391 
831 964 572 

378 695 214 
645 218 937 
912 347 865 
===========
123 456 789 
456 789 123 
789 123 456 

297 531 648 
564 872 931 
831 964 572 

378 695 214 
645 218 397 
912 347 865 
===========
123 456 789 
456 789 123 
789 123 456 

297 531 648 
564 872 931 
831 964 572 

378 615 294 
645 298 317 
912 347 865 
===========
123 456 789 
456 789 123 
789 123 456 

297 534 618 
564 871 392 
831 962 574 

378 695 241 
645 218 937 
912 347 865 
===========
123 456 789 
456 789 123 
789 123 456 

297 534 618 
564 871 932 
831 962 574 

378 695 241 
645 218 397 
912 347 865 
===========
123 456 789 
456 789 123 
789 123 456 

297 534 618 
564 817 392 
831 962 574 

378 691 245 
645 278 931 
912 345 867 
===========
123 456 789 
456 789 123 
789 123 456 

297 534 618 
564 817 932 
831 962 574 

378 691 245 
645 278 391 
912 345 867 
===========
123 456 789 
456 789 123 
789 123 456 

297 534 618 
564 871 932 
831 962 547 

378 615 294 
645 298 371 
912 347 865 
===========
123 456 789 
456 789 123 
789 123 456 

297 534 618 
564 812 937 
831 967 245 

378 641 592 
645 298 371 
912 375 864 
===========
123 456 789 
456 789 123 
789 123 456 

297 534 618 
564 812 937 
831 967 542 

378 641 295 
645 298 371 
912 375 864 
===========
123 456 789 
456 789 123 
789 123 456 

297 534 618 
564 817 932 
831 962 547 

378 641 295 
645 298 371 
912 375 864 
===========
123 456 789 
456 789 123 
789 123 456 

297 534 861 
564 871 392 
831 962 547 

378 695 214 
645 217 938 
912 348 675 
===========
123 456 789 
456 789 123 
789 123 456 

297 534 861 
564 871 932 
831 962 547 

378 695 214 
645 217 398 
912 348 675 
===========
123 456 789 
456 789 123 
789 123 456 

297 534 861 
564 812 397 
831 967 542 

378 695 214 
645 271 938 
912 348 675 
===========
123 456 789 
456 789 123 
789 123 456 

297 534 861 
564 812 937 
831 967 542 

378 695 214 
645 271 398 
912 348 675 
===========
123 456 789 
456 789 123 
789 123 456 

297 534 861 
564 817 392 
831 962 547 

378 695 214 
645 271 938 
912 348 675 
===========
123 456 789 
456 789 123 
789 123 456 

297 534 861 
564 817 932 
831 962 547 

378 695 214 
645 271 398 
912 348 675 
===========
123 456 789 
456 789 123 
789 123 456 

297 534 861 
564 871 932 
831 962 547 

378 615 294 
645 297 318 
912 348 675 
===========
123 456 789 
456 789 123 
789 123 456 

297 534 861 
564 817 932 
831 962 574 

378 641 295 
645 298 317 
912 375 648 
===========
123 456 789 
456 789 123 
789 123 456 

297 541 638 
564 832 971 
831 967 542 

378 695 214 
645 218 397 
912 374 865 
===========
123 456 789 
456 789 123 
789 123 456 

297 541 638 
564 832 971 
831 967 245 

378 694 512 
645 218 397 
912 375 864 
===========
123 456 789 
456 789 123 
789 123 456 

297 541 638 
564 832 971 
831 967 542 

378 694 215 
645 218 397 
912 375 864 
===========
123 456 789 
456 789 123 
789 123 456 

297 541 638 
564 837 912 
831 962 574 

378 695 241 
645 218 397 
912 374 865 
===========
123 456 789 
456 789 123 
789 123 456 

297 541 638 
564 832 917 
831 967 542 

378 615 294 
645 298 371 
912 374 865 
===========
123 456 789 
456 789 123 
789 123 456 

297 541 638 
564 832 917 
831 967 245 

378 614 592 
645 298 371 
912 375 864 
===========
123 456 789 
456 789 123 
789 123 456 

297 541 638 
564 832 917 
831 967 542 

378 614 295 
645 298 371 
912 375 864 
===========
123 456 789 
456 789 123 
789 123 456 

297 541 638 
564 832 971 
831 967 542 

378 615 294 
645 298 317 
912 374 865 
===========
