123 456 789 
456 789 132 
789 213 456 

297 831 564 
564 972 318 
831 645 297 

378 594 621 
645 128 973 
912 367 845 
===========
123 456 789 
456 789 132 
789 213 456 

297 831 564 
564 927 318 
831 645 297 

378 592 641 
645 178 923 
912 364 875 
===========
123 456 789 
456 789 132 
789 213 456 

297 831 564 
564 927 318 
831 645 927 

378 592 641 
645 178 293 
912 364 875 
===========
123 456 789 
456 789 132 
789 213 456 

297 831 564 
564 972 318 
831 645 927 

378 524 691 
645 198 273 
912 367 845 
===========
123 456 789 
456 789 132 
789 213 456 

297 831 564 
564 927 318 
831 645 297 

378 564 921 
645 192 873 
912 378 645 
===========
123 456 789 
456 789 132 
789 213 456 

297 831 564 
564 927 318 
831 645 927 

378 564 291 
645 192 873 
912 378 645 
===========
123 456 789 
456 789 132 
789 213 456 

297 831 564 
564 927 813 
831 645 297 

378 564 921 
645 192 378 
912 378 645 
===========
123 456 789 
456 789 132 
789 213 456 

297 831 564 
564 927 813 
831 645 927 

378 564 291 
645 192 378 
912 378 645 
===========
123 456 789 
456 789 132 
789 213 456 

297 831 645 
564 972 318 
831 645 927 

378 594 261 
645 127 893 
912 368 574 
===========
123 456 789 
456 789 132 
789 213 456 

297 831 645 
564 972 813 
831 645 927 

378 594 261 
645 127 398 
912 368 574 
===========
123 456 789 
456 789 132 
789 213 456 

297 831 645 
564 927 318 
831 645 927 

378 594 261 
645 172 893 
912 368 574 
===========
123 456 789 
456 789 132 
789 213 456 

297 831 645 
564 927 813 
831 645 927 

378 594 261 
645 172 398 
912 368 574 
===========
123 456 789 
456 789 132 
789 213 456 

297 831 645 
564 972 318 
831 645 297 

378 524 961 
645 197 823 
912 368 574 
===========
123 456 789 
456 789 132 
789 213 456 

297 831 645 
564 972 813 
831 645 297 

378 524 961 
645 197 328 
912 368 574 
===========
123 456 789 
456 789 132 
789 213 456 

297 831 645 
564 927 318 
831 645 297 

378 564 921 
645 192 873 
912 378 564 
===========
123 456 789 
456 789 132 
789 213 456 

297 831 645 
564 927 318 
831 645 927 

378 564 291 
645 192 873 
912 378 564 
===========
123 456 789 
456 789 132 
789 213 456 

297 831 645 
564 927 813 
831 645 297 

378 564 921 
645 192 378 
912 378 564 
===========
123 456 789 
456 789 132 
789 213 456 

297 831 645 
564 927 813 
831 645 927 

378 564 291 
645 192 378 
912 378 564 
===========
123 456 789 
456 789 132 
789 213 456 

297 834 615 
564 921 378 
831 675 294 

378 562 941 
645 197 823 
912 348 567 
===========
123 456 789 
456 789 132 
789 213 456 

297 834 615 
564 921 873 
831 675 294 

378 562 941 
645 198 327 
912 347 568 
===========
123 456 789 
456 789 132 
789 213 456 

297 834 615 
564 921 873 
831 675 294 

378 562 941 
645 197 328 
912 348 567 
===========
123 456 789 
456 789 132 
789 213 456 

297 834 615 
564 921 378 
831 675 294 

378 542 961 
645 197 823 
912 368 547 
===========
123 456 789 
456 789 132 
789 213 456 

297 834 615 
564 921 873 
831 675 294 

378 542 961 
645 198 327 
912 367 548 
===========
123 456 789 
456 789 132 
789 213 456 

297 834 615 
564 921 873 
831 675 294 

378 542 961 
645 197 328 
912 368 547 
===========
123 456 789 
456 789 132 
789 213 456 

297 835 614 
564 971 328 
831 624 597 

378 562 941 
645 198 273 
912 347 865 
===========
123 456 789 
456 789 132 
789 213 456 

297 835 614 
564 921 378 
831 674 295 

378 562 941 
645 197 823 
912 348 567 
===========
123 456 789 
456 789 132 
789 213 456 

297 835 614 
564 921 873 
831 674 295 

378 562 941 
645 198 327 
912 347 568 
===========
123 456 789 
456 789 132 
789 213 456 

297 835 614 
564 921 873 
831 674 295 

378 562 941 
645 197 328 
912 348 567 
===========
123 456 789 
456 789 132 
789 213 456 

297 835 614 
564 971 328 
831 642 597 

378 594 261 
645 128 973 
912 367 845 
===========
123 456 789 
456 789 132 
789 213 456 

297 835 614 
564 971 328 
831 642 975 

378 594 261 
645 127 893 
912 368 547 
===========
123 456 789 
456 789 132 
789 213 456 

297 835 614 
564 971 823 
831 642 975 

378 594 261 
645 128 397 
912 367 548 
===========
123 456 789 
456 789 132 
789 213 456 

297 835 614 
564 971 823 
831 642 975 

378 594 261 
645 127 398 
912 368 547 
===========
123 456 789 
456 789 132 
789 213 456 

297 835 614 
564 921 378 
831 647 925 

378 594 261 
645 172 893 
912 368 547 
===========
123 456 789 
456 789 132 
789 213 456 

297 835 614 
564 921 873 
831 647 925 

378 594 261 
645 172 398 
912 368 547 
===========
123 456 789 
456 789 132 
789 213 456 

297 835 614 
564 971 328 
831 642 597 

378 524 961 
645 198 273 
912 367 845 
===========
123 456 789 
456 789 132 
789 213 456 

297 835 614 
564 971 328 
831 624 597 

378 542 961 
645 198 273 
912 367 845 
===========
123 456 789 
456 789 132 
789 213 456 

297 835 614 
564 921 378 
831 674 295 

378 542 961 
645 197 823 
912 368 547 
===========
123 456 789 
456 789 132 
789 213 456 

297 835 614 
564 921 873 
831 674 295 

378 542 961 
645 198 327 
912 367 548 
===========
123 456 789 
456 789 132 
789 213 456 

297 835 614 
564 921 873 
831 674 295 

378 542 961 
645 197 328 
912 368 547 
===========
123 456 789 
456 789 132 
789 213 456 

297 835 614 
564 921 873 
831 647 295 

378 562 941 
645 198 327 
912 374 568 
===========
123 456 789 
456 789 132 
789 213 456 

297 835 641 
564 971 328 
831 624 597 

378 562 914 
645 198 273 
912 347 865 
===========
123 456 789 
456 789 132 
789 213 456 

297 835 641 
564 921 378 
831 674 295 

378 562 914 
645 197 823 
912 348 567 
===========
123 456 789 
456 789 132 
789 213 456 

297 835 641 
564 921 873 
831 674 295 

378 562 914 
645 198 327 
912 347 568 
===========
123 456 789 
456 789 132 
789 213 456 

297 835 641 
564 921 873 
831 674 295 

378 562 914 
645 197 328 
912 348 567 
===========
123 456 789 
456 789 132 
789 213 456 

297 835 641 
564 921 873 
831 647 295 

378 562 914 
645 198 327 
912 374 568 
===========
123 456 789 
456 789 132 
789 213 456 

297 841 365 
564 932 817 
831 675 294 

378 594 621 
645 128 973 
912 367 548 
===========
123 456 789 
456 789 132 
789 213 456 

297 841 365 
564 937 218 
831 625 947 

378 594 621 
645 172 893 
912 368 574 
===========
123 456 789 
456 789 132 
789 213 456 

297 841 365 
564 937 218 
831 625 974 

378 594 621 
645 172 893 
912 368 547 
===========
123 456 789 
456 789 132 
789 213 456 

297 841 365 
564 937 821 
831 625 947 

378 592 614 
645 178 293 
912 364 578 
===========
123 456 789 
456 789 132 
789 213 456 

297 841 365 
564 932 817 
831 675 924 

378 524 691 
645 198 273 
912 367 548 
===========
123 456 789 
456 789 132 
789 213 456 

297 845 361 
564 931 827 
831 627 945 

378 592 614 
645 178 293 
912 364 578 
===========
123 456 789 
456 789 132 
789 213 456 

297 845 613 
564 931 827 
831 672 945 

378 594 261 
645 127 398 
912 368 574 
===========
123 456 789 
456 789 132 
789 213 456 

297 845 613 
564 931 827 
831 627 945 

378 594 261 
645 172 398 
912 368 574 
===========
123 456 789 
456 789 132 
789 213 456 

297 845 613 
564 931 278 
831 672 594 

378 524 961 
645 198 327 
912 367 845 
===========
123 456 789 
456 789 132 
789 213 456 

297 845 613 
564 931 278 
831 627 594 

378 562 941 
645 198 327 
912 374 865 
===========
123 456 789 
456 789 132 
789 213 456 

297 845 613 
564 931 827 
831 627 945 

378 564 291 
645 192 378 
912 378 564 
===========
123 456 789 
456 789 132 
789 213 456 

297 631 548 
564 827 391 
831 945 267 

378 592 614 
645 178 923 
912 364 875 
===========
123 456 789 
456 789 132 
789 213 456 

297 631 548 
564 827 391 
831 945 627 

378 562 914 
645 198 273 
912 374 865 
===========
123 456 789 
456 789 132 
789 213 456 

297 631 845 
564 872 913 
831 945 267 

378 594 621 
645 127 398 
912 368 574 
===========
123 456 789 
456 789 132 
789 213 456 

297 631 845 
564 872 913 
831 945 627 

378 594 261 
645 127 398 
912 368 574 
===========
123 456 789 
456 789 132 
789 213 456 

297 631 845 
564 827 391 
831 945 267 

378 592 614 
645 178 923 
912 364 578 
===========
123 456 789 
456 789 132 
789 213 456 

297 631 845 
564 827 913 
831 945 267 

378 594 621 
645 172 398 
912 368 574 
===========
123 456 789 
456 789 132 
789 213 456 

297 631 845 
564 827 913 
831 945 627 

378 594 261 
645 172 398 
912 368 574 
===========
123 456 789 
456 789 132 
789 213 456 

297 631 845 
564 872 913 
831 945 267 

378 524 691 
645 197 328 
912 368 574 
===========
123 456 789 
456 789 132 
789 213 456 

297 631 845 
564 827 391 
831 945 627 

378 562 914 
645 198 273 
912 374 568 
===========
123 456 789 
456 789 132 
789 213 456 

297 631 845 
564 827 913 
831 945 627 

378 564 291 
645 192 378 
912 378 564 
===========
123 456 789 
456 789 132 
789 213 456 

297 634 518 
564 871 293 
831 925 674 

378 562 941 
645 198 327 
912 347 865 
===========
123 456 789 
456 789 132 
789 213 456 

297 634 518 
564 821 397 
831 975 624 

378 562 941 
645 198 273 
912 347 865 
===========
123 456 789 
456 789 132 
789 213 456 

297 634 518 
564 821 397 
831 975 264 

378 562 941 
645 197 823 
912 348 675 
===========
123 456 789 
456 789 132 
789 213 456 

297 634 518 
564 871 293 
831 925 674 

378 542 961 
645 198 327 
912 367 845 
===========
123 456 789 
456 789 132 
789 213 456 

297 634 518 
564 821 397 
831 975 624 

378 542 961 
645 198 273 
912 367 845 
===========
123 456 789 
456 789 132 
789 213 456 

297 634 518 
564 821 973 
831 975 264 

378 542 691 
645 198 327 
912 367 845 
===========
123 456 789 
456 789 132 
789 213 456 

297 634 815 
564 871 293 
831 925 674 

378 562 941 
645 198 327 
912 347 568 
===========
123 456 789 
456 789 132 
789 213 456 

297 634 815 
564 871 293 
831 925 674 

378 562 941 
645 197 328 
912 348 567 
===========
123 456 789 
456 789 132 
789 213 456 

297 634 815 
564 821 397 
831 975 624 

378 562 941 
645 198 273 
912 347 568 
===========
123 456 789 
456 789 132 
789 213 456 

297 634 815 
564 871 293 
831 925 674 

378 542 961 
645 198 327 
912 367 548 
===========
123 456 789 
456 789 132 
789 213 456 

297 634 815 
564 871 293 
831 925 647 

378 542 961 
645 197 328 
912 368 574 
===========
123 456 789 
456 789 132 
789 213 456 

297 634 815 
564 871 293 
831 925 674 

378 542 961 
645 197 328 
912 368 547 
===========
123 456 789 
456 789 132 
789 213 456 

297 634 815 
564 821 397 
831 975 624 

378 542 961 
645 198 273 
912 367 548 
===========
123 456 789 
456 789 132 
789 213 456 

297 634 815 
564 821 973 
831 975 264 

378 542 691 
645 198 327 
912 367 548 
===========
123 456 789 
456 789 132 
789 213 456 

297 634 815 
564 821 973 
831 975 264 

378 542 691 
645 197 328 
912 368 547 
===========
123 456 789 
456 789 132 
789 213 456 

297 635 814 
564 871 293 
831 924 675 

378 562 941 
645 198 327 
912 347 568 
===========
123 456 789 
456 789 132 
789 213 456 

297 635 814 
564 871 293 
831 924 567 

378 562 941 
645 197 328 
912 348 675 
===========
123 456 789 
456 789 132 
789 213 456 

297 635 814 
564 871 293 
831 924 675 

378 562 941 
645 197 328 
912 348 567 
===========
123 456 789 
456 789 132 
789 213 456 

297 635 814 
564 821 397 
831 974 625 

378 562 941 
645 198 273 
912 347 568 
===========
123 456 789 
456 789 132 
789 213 456 

297 635 814 
564 871 923 
831 942 675 

378 594 261 
645 128 397 
912 367 548 
===========
123 456 789 
456 789 132 
789 213 456 

297 635 814 
564 871 923 
831 942 675 

378 594 261 
645 127 398 
912 368 547 
===========
123 456 789 
456 789 132 
789 213 456 

297 635 814 
564 821 397 
831 947 265 

378 592 641 
645 178 923 
912 364 578 
===========
123 456 789 
456 789 132 
789 213 456 

297 635 814 
564 821 973 
831 947 265 

378 594 621 
645 172 398 
912 368 547 
===========
123 456 789 
456 789 132 
789 213 456 

297 635 814 
564 821 973 
831 947 625 

378 594 261 
645 172 398 
912 368 547 
===========
123 456 789 
456 789 132 
789 213 456 

297 635 814 
564 871 293 
831 942 675 

378 524 961 
645 198 327 
912 367 548 
===========
123 456 789 
456 789 132 
789 213 456 

297 635 814 
564 871 293 
831 942 675 

378 524 961 
645 197 328 
912 368 547 
===========
123 456 789 
456 789 132 
789 213 456 

297 635 814 
564 871 293 
831 924 675 

378 542 961 
645 198 327 
912 367 548 
===========
123 456 789 
456 789 132 
789 213 456 

297 635 814 
564 871 293 
831 924 675 

378 542 961 
645 197 328 
912 368 547 
===========
123 456 789 
456 789 132 
789 213 456 

297 635 814 
564 821 397 
831 974 625 

378 542 961 
645 198 273 
912 367 548 
===========
123 456 789 
456 789 132 
789 213 456 

297 635 814 
564 821 973 
831 974 265 

378 542 691 
645 198 327 
912 367 548 
===========
123 456 789 
456 789 132 
789 213 456 

297 635 814 
564 821 973 
831 974 265 

378 542 691 
645 197 328 
912 368 547 
===========
123 456 789 
456 789 132 
789 213 456 

297 635 814 
564 821 397 
831 947 625 

378 562 941 
645 198 273 
912 374 568 
===========
123 456 789 
456 789 132 
789 213 456 

297 635 841 
564 871 293 
831 924 675 

378 562 914 
645 198 327 
912 347 568 
===========
123 456 789 
456 789 132 
789 213 456 

297 635 841 
564 871 293 
831 924 567 

378 562 914 
645 197 328 
912 348 675 
===========
123 456 789 
456 789 132 
789 213 456 

297 635 841 
564 871 293 
831 924 675 

378 562 914 
645 197 328 
912 348 567 
===========
123 456 789 
456 789 132 
789 213 456 

297 635 841 
564 821 397 
831 974 625 

378 562 914 
645 198 273 
912 347 568 
===========
123 456 789 
456 789 132 
789 213 456 

297 635 841 
564 821 397 
831 947 265 

378 592 614 
645 178 923 
912 364 578 
===========
123 456 789 
456 789 132 
789 213 456 

297 635 841 
564 821 397 
831 947 625 

378 562 914 
645 198 273 
912 374 568 
===========
123 456 789 
456 789 132 
789 213 456 

297 645 318 
564 831 297 
831 972 564 

378 594 621 
645 128 973 
912 367 845 
===========
123 456 789 
456 789 132 
789 213 456 

297 645 318 
564 831 927 
831 972 645 

378 594 261 
645 127 893 
912 368 574 
===========
123 456 789 
456 789 132 
789 213 456 

297 645 318 
564 831 297 
831 927 564 

378 592 641 
645 178 923 
912 364 875 
===========
123 456 789 
456 789 132 
789 213 456 

297 645 318 
564 831 927 
831 927 564 

378 592 641 
645 178 293 
912 364 875 
===========
123 456 789 
456 789 132 
789 213 456 

297 645 318 
564 831 927 
831 927 645 

378 594 261 
645 172 893 
912 368 574 
===========
123 456 789 
456 789 132 
789 213 456 

297 645 318 
564 831 297 
831 972 645 

378 524 961 
645 197 823 
912 368 574 
===========
123 456 789 
456 789 132 
789 213 456 

297 645 318 
564 831 927 
831 972 564 

378 524 691 
645 198 273 
912 367 845 
===========
123 456 789 
456 789 132 
789 213 456 

297 645 318 
564 831 297 
831 927 564 

378 564 921 
645 192 873 
912 378 645 
===========
123 456 789 
456 789 132 
789 213 456 

297 645 318 
564 831 297 
831 927 645 

378 564 921 
645 192 873 
912 378 564 
===========
123 456 789 
456 789 132 
789 213 456 

297 645 318 
564 831 927 
831 927 564 

378 564 291 
645 192 873 
912 378 645 
===========
123 456 789 
456 789 132 
789 213 456 

297 645 318 
564 831 927 
831 927 645 

378 564 291 
645 192 873 
912 378 564 
===========
123 456 789 
456 789 132 
789 213 456 

297 645 813 
564 831 927 
831 972 645 

378 594 261 
645 127 398 
912 368 574 
===========
123 456 789 
456 789 132 
789 213 456 

297 645 813 
564 831 927 
831 927 645 

378 594 261 
645 172 398 
912 368 574 
===========
123 456 789 
456 789 132 
789 213 456 

297 645 813 
564 831 297 
831 972 645 

378 524 961 
645 197 328 
912 368 574 
===========
123 456 789 
456 789 132 
789 213 456 

297 645 813 
564 831 297 
831 927 564 

378 564 921 
645 192 378 
912 378 645 
===========
123 456 789 
456 789 132 
789 213 456 

297 645 813 
564 831 297 
831 927 645 

378 564 921 
645 192 378 
912 378 564 
===========
123 456 789 
456 789 132 
789 213 456 

297 645 813 
564 831 927 
831 927 564 

378 564 291 
645 192 378 
912 378 645 
===========
123 456 789 
456 789 132 
789 213 456 

297 645 813 
564 831 927 
831 927 645 

378 564 291 
645 192 378 
912 378 564 
===========
123 456 789 
456 789 132 
789 213 456 

297 831 564 
564 972 318 
831 564 927 

378 695 241 
645 127 893 
912 348 675 
===========
123 456 789 
456 789 132 
789 213 456 

297 831 564 
564 972 813 
831 564 927 

378 695 241 
645 127 398 
912 348 675 
===========
123 456 789 
456 789 132 
789 213 456 

297 831 564 
564 927 318 
831 564 927 

378 695 241 
645 172 893 
912 348 675 
===========
123 456 789 
456 789 132 
789 213 456 

297 831 564 
564 927 813 
831 564 927 

378 695 241 
645 172 398 
912 348 675 
===========
123 456 789 
456 789 132 
789 213 456 

297 831 564 
564 972 318 
831 564 297 

378 625 941 
645 197 823 
912 348 675 
===========
123 456 789 
456 789 132 
789 213 456 

297 831 564 
564 972 813 
831 564 297 

378 625 941 
645 197 328 
912 348 675 
===========
123 456 789 
456 789 132 
789 213 456 

297 831 564 
564 927 318 
831 564 297 

378 645 921 
645 192 873 
912 378 645 
===========
123 456 789 
456 789 132 
789 213 456 

297 831 564 
564 927 318 
831 564 927 

378 645 291 
645 192 873 
912 378 645 
===========
123 456 789 
456 789 132 
789 213 456 

297 831 564 
564 927 813 
831 564 297 

378 645 921 
645 192 378 
912 378 645 
===========
123 456 789 
456 789 132 
789 213 456 

297 831 564 
564 927 813 
831 564 927 

378 645 291 
645 192 378 
912 378 645 
===========
123 456 789 
456 789 132 
789 213 456 

297 831 645 
564 927 318 
831 564 927 

378 642 591 
645 198 273 
912 375 864 
===========
123 456 789 
456 789 132 
789 213 456 

297 831 645 
564 927 318 
831 564 297 

378 645 921 
645 192 873 
912 378 564 
===========
123 456 789 
456 789 132 
789 213 456 

297 831 645 
564 927 318 
831 564 927 

378 645 291 
645 192 873 
912 378 564 
===========
123 456 789 
456 789 132 
789 213 456 

297 831 645 
564 927 813 
831 564 297 

378 645 921 
645 192 378 
912 378 564 
===========
123 456 789 
456 789 132 
789 213 456 

297 831 645 
564 927 813 
831 564 927 

378 645 291 
645 192 378 
912 378 564 
===========
123 456 789 
456 789 132 
789 213 456 

297 834 561 
564 971 328 
831 562 947 

378 695 214 
645 127 893 
912 348 675 
===========
123 456 789 
456 789 132 
789 213 456 

297 834 561 
564 971 823 
831 562 947 

378 695 214 
645 127 398 
912 348 675 
===========
123 456 789 
456 789 132 
789 213 456 

297 834 561 
564 921 873 
831 567 294 

378 642 915 
645 198 327 
912 375 648 
===========
123 456 789 
456 789 132 
789 213 456 

297 834 615 
564 971 328 
831 562 974 

378 695 241 
645 127 893 
912 348 567 
===========
123 456 789 
456 789 132 
789 213 456 

297 834 615 
564 971 823 
831 562 974 

378 695 241 
645 128 397 
912 347 568 
===========
123 456 789 
456 789 132 
789 213 456 

297 834 615 
564 971 823 
831 562 974 

378 695 241 
645 127 398 
912 348 567 
===========
123 456 789 
456 789 132 
789 213 456 

297 834 615 
564 921 378 
831 567 294 

378 692 541 
645 178 923 
912 345 867 
===========
123 456 789 
456 789 132 
789 213 456 

297 834 615 
564 921 378 
831 567 924 

378 692 541 
645 178 293 
912 345 867 
===========
123 456 789 
456 789 132 
789 213 456 

297 834 615 
564 921 378 
831 567 924 

378 695 241 
645 172 893 
912 348 567 
===========
123 456 789 
456 789 132 
789 213 456 

297 834 615 
564 921 873 
831 567 924 

378 695 241 
645 172 398 
912 348 567 
===========
123 456 789 
456 789 132 
789 213 456 

297 841 365 
564 932 817 
831 567 294 

378 694 521 
645 128 973 
912 375 648 
===========
123 456 789 
456 789 132 
789 213 456 

297 841 365 
564 932 817 
831 567 924 

378 624 591 
645 198 273 
912 375 648 
===========
123 456 789 
456 789 132 
789 213 456 

297 841 563 
564 932 871 
831 567 924 

378 694 215 
645 128 397 
912 375 648 
===========
123 456 789 
456 789 132 
789 213 456 

297 841 563 
564 937 821 
831 562 974 

378 694 215 
645 128 397 
912 375 648 
===========
123 456 789 
456 789 132 
789 213 456 

297 841 563 
564 932 871 
831 567 294 

378 624 915 
645 198 327 
912 375 648 
===========
123 456 789 
456 789 132 
789 213 456 

297 861 345 
564 937 821 
831 524 967 

378 692 514 
645 178 293 
912 345 678 
===========
123 456 789 
456 789 132 
789 213 456 

297 861 345 
564 937 218 
831 542 697 

378 694 521 
645 128 973 
912 375 864 
===========
123 456 789 
456 789 132 
789 213 456 

297 861 345 
564 937 821 
831 542 697 

378 695 214 
645 128 973 
912 374 568 
===========
123 456 789 
456 789 132 
789 213 456 

297 861 345 
564 937 821 
831 542 697 

378 625 914 
645 198 273 
912 374 568 
===========
123 456 789 
456 789 132 
789 213 456 

297 861 345 
564 937 218 
831 524 697 

378 645 921 
645 192 873 
912 378 564 
===========
123 456 789 
456 789 132 
789 213 456 

297 861 543 
564 937 821 
831 524 967 

378 695 214 
645 172 398 
912 348 675 
===========
123 456 789 
456 789 132 
789 213 456 

297 864 315 
564 931 827 
831 572 694 

378 695 241 
645 128 973 
912 347 568 
===========
123 456 789 
456 789 132 
789 213 456 

297 864 315 
564 931 278 
831 527 694 

378 692 541 
645 178 923 
912 345 867 
===========
123 456 789 
456 789 132 
789 213 456 

297 864 315 
564 931 827 
831 527 964 

378 692 541 
645 178 293 
912 345 678 
===========
123 456 789 
456 789 132 
789 213 456 

297 864 315 
564 931 278 
831 572 694 

378 625 941 
645 197 823 
912 348 567 
===========
123 456 789 
456 789 132 
789 213 456 

297 864 315 
564 931 827 
831 572 694 

378 625 941 
645 198 273 
912 347 568 
===========
123 456 789 
456 789 132 
789 213 456 

297 864 315 
564 931 827 
831 527 964 

378 642 591 
645 198 273 
912 375 648 
===========
123 456 789 
456 789 132 
789 213 456 

297 864 513 
564 931 827 
831 572 964 

378 695 241 
645 127 398 
912 348 675 
===========
123 456 789 
456 789 132 
789 213 456 

297 864 513 
564 931 827 
831 527 964 

378 695 241 
645 172 398 
912 348 675 
===========
123 456 789 
456 789 132 
789 213 456 

297 864 513 
564 931 278 
831 572 694 

378 625 941 
645 198 327 
912 347 865 
===========
123 456 789 
456 789 132 
789 213 456 

297 864 513 
564 931 827 
831 527 964 

378 645 291 
645 192 378 
912 378 645 
===========
123 456 789 
456 789 132 
789 213 456 

297 531 648 
564 872 391 
831 964 527 

378 695 214 
645 128 973 
912 347 865 
===========
123 456 789 
456 789 132 
789 213 456 

297 531 648 
564 827 391 
831 964 275 

378 692 514 
645 178 923 
912 345 867 
===========
123 456 789 
456 789 132 
789 213 456 

297 531 648 
564 872 391 
831 964 527 

378 625 914 
645 198 273 
912 347 865 
===========
123 456 789 
456 789 132 
789 213 456 

297 531 648 
564 872 391 
831 964 275 

378 625 914 
645 197 823 
912 348 567 
===========
123 456 789 
456 789 132 
789 213 456 

297 531 648 
564 827 391 
831 964 527 

378 642 915 
645 198 273 
912 375 864 
===========
123 456 789 
456 789 132 
789 213 456 

297 531 648 
564 827 913 
831 964 275 

378 642 591 
645 198 327 
912 375 864 
===========
123 456 789 
456 789 132 
789 213 456 

297 531 864 
564 872 913 
831 964 527 

378 695 241 
645 127 398 
912 348 675 
===========
123 456 789 
456 789 132 
789 213 456 

297 531 864 
564 827 913 
831 964 527 

378 695 241 
645 172 398 
912 348 675 
===========
123 456 789 
456 789 132 
789 213 456 

297 531 864 
564 827 391 
831 964 527 

378 642 915 
645 198 273 
912 375 648 
===========
123 456 789 
456 789 132 
789 213 456 

297 531 864 
564 827 913 
831 964 275 

378 642 591 
645 198 327 
912 375 648 
===========
123 456 789 
456 789 132 
789 213 456 

297 531 864 
564 827 913 
831 964 527 

378 645 291 
645 192 378 
912 378 645 
===========
123 456 789 
456 789 132 
789 213 456 

297 534 618 
564 871 923 
831 962 574 

378 695 241 
645 128 397 
912 347 865 
===========
123 456 789 
456 789 132 
789 213 456 

297 534 618 
564 871 293 
831 962 574 

378 625 941 
645 198 327 
912 347 865 
===========
123 456 789 
456 789 132 
789 213 456 

297 534 618 
564 821 397 
831 967 245 

378 645 921 
645 192 873 
912 378 564 
===========
123 456 789 
456 789 132 
789 213 456 

297 534 618 
564 821 973 
831 967 245 

378 642 591 
645 198 327 
912 375 864 
===========
123 456 789 
456 789 132 
789 213 456 

297 534 861 
564 871 923 
831 962 547 

378 695 214 
645 127 398 
912 348 675 
===========
123 456 789 
456 789 132 
789 213 456 

297 534 861 
564 821 397 
831 967 245 

378 692 514 
645 178 923 
912 345 678 
===========
123 456 789 
456 789 132 
789 213 456 

297 534 861 
564 871 293 
831 962 547 

378 625 914 
645 197 328 
912 348 675 
===========
123 456 789 
456 789 132 
789 213 456 

297 534 861 
564 821 397 
831 967 524 

378 642 915 
645 198 273 
912 375 648 
===========
123 456 789 
456 789 132 
789 213 456 

297 541 863 
564 832 971 
831 967 524 

378 694 215 
645 128 397 
912 375 648 
===========
123 456 789 
456 789 132 
789 213 456 

297 541 863 
564 837 921 
831 962 574 

378 694 215 
645 128 397 
912 375 648 
===========
123 456 789 
456 789 132 
789 213 456 

297 541 863 
564 837 291 
831 962 574 

378 624 915 
645 198 327 
912 375 648 
===========
123 456 789 
456 789 132 
789 213 456 

297 561 348 
564 832 971 
831 974 625 

378 695 214 
645 127 893 
912 348 567 
===========
123 456 789 
456 789 132 
789 213 456 

297 561 348 
564 837 291 
831 924 675 

378 692 514 
645 178 923 
912 345 867 
===========
123 456 789 
456 789 132 
789 213 456 

297 561 348 
564 837 921 
831 924 675 

378 692 514 
645 178 293 
912 345 867 
===========
123 456 789 
456 789 132 
789 213 456 

297 561 348 
564 837 921 
831 924 567 

378 695 214 
645 172 893 
912 348 675 
===========
123 456 789 
456 789 132 
789 213 456 

297 561 348 
564 837 921 
831 924 675 

378 695 214 
645 172 893 
912 348 567 
===========
123 456 789 
456 789 132 
789 213 456 

297 561 348 
564 832 917 
831 947 625 

378 624 591 
645 198 273 
912 375 864 
===========
123 456 789 
456 789 132 
789 213 456 

297 561 843 
564 832 971 
831 974 625 

378 695 214 
645 128 397 
912 347 568 
===========
123 456 789 
456 789 132 
789 213 456 

297 561 843 
564 832 971 
831 974 625 

378 695 214 
645 127 398 
912 348 567 
===========
123 456 789 
456 789 132 
789 213 456 

297 561 843 
564 837 921 
831 924 567 

378 695 214 
645 172 398 
912 348 675 
===========
123 456 789 
456 789 132 
789 213 456 

297 561 843 
564 837 921 
831 924 675 

378 695 214 
645 172 398 
912 348 567 
===========
123 456 789 
456 789 132 
789 213 456 

297 561 843 
564 832 971 
831 947 625 

378 695 214 
645 128 397 
912 374 568 
===========
