123 456 789 
456 789 132 
789 213 645 

297 831 456 
564 972 318 
831 645 927 

378 594 261 
645 127 893 
912 368 574 
===========
123 456 789 
456 789 132 
789 213 645 

297 831 456 
564 972 813 
831 645 927 

378 594 261 
645 127 398 
912 368 574 
===========
123 456 789 
456 789 132 
789 213 645 

297 831 456 
564 927 318 
831 645 927 

378 594 261 
645 172 893 
912 368 574 
===========
123 456 789 
456 789 132 
789 213 645 

297 831 456 
564 927 813 
831 645 927 

378 594 261 
645 172 398 
912 368 574 
===========
123 456 789 
456 789 132 
789 213 645 

297 831 456 
564 972 318 
831 645 297 

378 524 961 
645 197 823 
912 368 574 
===========
123 456 789 
456 789 132 
789 213 645 

297 831 456 
564 972 813 
831 645 297 

378 524 961 
645 197 328 
912 368 574 
===========
123 456 789 
456 789 132 
789 213 645 

297 831 456 
564 927 318 
831 645 297 

378 564 921 
645 192 873 
912 378 564 
===========
123 456 789 
456 789 132 
789 213 645 

297 831 456 
564 927 318 
831 645 927 

378 564 291 
645 192 873 
912 378 564 
===========
123 456 789 
456 789 132 
789 213 645 

297 831 456 
564 927 813 
831 645 297 

378 564 921 
645 192 378 
912 378 564 
===========
123 456 789 
456 789 132 
789 213 645 

297 831 456 
564 927 813 
831 645 927 

378 564 291 
645 192 378 
912 378 564 
===========
123 456 789 
456 789 132 
789 213 645 

297 831 564 
564 927 318 
831 645 927 

378 562 491 
645 198 273 
912 374 856 
===========
123 456 789 
456 789 132 
789 213 645 

297 831 564 
564 927 318 
831 645 297 

378 564 921 
645 192 873 
912 378 456 
===========
123 456 789 
456 789 132 
789 213 645 

297 831 564 
564 927 318 
831 645 927 

378 564 291 
645 192 873 
912 378 456 
===========
123 456 789 
456 789 132 
789 213 645 

297 831 564 
564 927 813 
831 645 297 

378 564 921 
645 192 378 
912 378 456 
===========
123 456 789 
456 789 132 
789 213 645 

297 831 564 
564 927 813 
831 645 927 

378 564 291 
645 192 378 
912 378 456 
===========
123 456 789 
456 789 132 
789 213 645 

297 834 516 
564 971 328 
831 625 497 

378 542 961 
645 198 273 
912 367 854 
===========
123 456 789 
456 789 132 
789 213 645 

297 834 516 
564 921 378 
831 675 294 

378 542 961 
645 197 823 
912 368 457 
===========
123 456 789 
456 789 132 
789 213 645 

297 834 516 
564 921 873 
831 675 294 

378 542 961 
645 198 327 
912 367 458 
===========
123 456 789 
456 789 132 
789 213 645 

297 834 516 
564 921 873 
831 675 294 

378 542 961 
645 197 328 
912 368 457 
===========
123 456 789 
456 789 132 
789 213 645 

297 834 561 
564 971 328 
831 625 497 

378 562 914 
645 198 273 
912 347 856 
===========
123 456 789 
456 789 132 
789 213 645 

297 834 561 
564 971 328 
831 625 497 

378 542 916 
645 198 273 
912 367 854 
===========
123 456 789 
456 789 132 
789 213 645 

297 834 561 
564 921 378 
831 675 294 

378 542 916 
645 197 823 
912 368 457 
===========
123 456 789 
456 789 132 
789 213 645 

297 834 561 
564 921 873 
831 675 294 

378 542 916 
645 198 327 
912 367 458 
===========
123 456 789 
456 789 132 
789 213 645 

297 834 561 
564 921 873 
831 675 294 

378 542 916 
645 197 328 
912 368 457 
===========
123 456 789 
456 789 132 
789 213 645 

297 835 416 
564 971 328 
831 642 597 

378 594 261 
645 128 973 
912 367 854 
===========
123 456 789 
456 789 132 
789 213 645 

297 835 416 
564 971 328 
831 642 957 

378 594 261 
645 127 893 
912 368 574 
===========
123 456 789 
456 789 132 
789 213 645 

297 835 416 
564 971 823 
831 642 957 

378 594 261 
645 127 398 
912 368 574 
===========
123 456 789 
456 789 132 
789 213 645 

297 835 416 
564 971 328 
831 642 597 

378 524 961 
645 198 273 
912 367 854 
===========
123 456 789 
456 789 132 
789 213 645 

297 835 416 
564 971 328 
831 624 597 

378 542 961 
645 198 273 
912 367 854 
===========
123 456 789 
456 789 132 
789 213 645 

297 835 461 
564 971 328 
831 624 597 

378 562 914 
645 198 273 
912 347 856 
===========
123 456 789 
456 789 132 
789 213 645 

297 835 461 
564 971 328 
831 642 597 

378 594 216 
645 128 973 
912 367 854 
===========
123 456 789 
456 789 132 
789 213 645 

297 835 461 
564 971 328 
831 642 957 

378 594 216 
645 127 893 
912 368 574 
===========
123 456 789 
456 789 132 
789 213 645 

297 835 461 
564 971 823 
831 642 957 

378 594 216 
645 127 398 
912 368 574 
===========
123 456 789 
456 789 132 
789 213 645 

297 835 461 
564 971 328 
831 642 597 

378 524 916 
645 198 273 
912 367 854 
===========
123 456 789 
456 789 132 
789 213 645 

297 835 461 
564 971 328 
831 624 597 

378 542 916 
645 198 273 
912 367 854 
===========
123 456 789 
456 789 132 
789 213 645 

297 841 356 
564 937 218 
831 625 497 

378 564 921 
645 192 873 
912 378 564 
===========
123 456 789 
456 789 132 
789 213 645 

297 841 356 
564 937 821 
831 625 497 

378 562 914 
645 198 273 
912 374 568 
===========
123 456 789 
456 789 132 
789 213 645 

297 841 563 
564 932 871 
831 675 924 

378 594 216 
645 128 397 
912 367 458 
===========
123 456 789 
456 789 132 
789 213 645 

297 841 563 
564 932 871 
831 675 924 

378 594 216 
645 127 398 
912 368 457 
===========
123 456 789 
456 789 132 
789 213 645 

297 841 563 
564 937 821 
831 625 974 

378 594 216 
645 172 398 
912 368 457 
===========
123 456 789 
456 789 132 
789 213 645 

297 841 563 
564 932 871 
831 675 294 

378 524 916 
645 198 327 
912 367 458 
===========
123 456 789 
456 789 132 
789 213 645 

297 841 563 
564 932 871 
831 675 294 

378 524 916 
645 197 328 
912 368 457 
===========
123 456 789 
456 789 132 
789 213 645 

297 841 563 
564 937 218 
831 625 974 

378 562 491 
645 198 327 
912 374 856 
===========
123 456 789 
456 789 132 
789 213 645 

297 845 316 
564 931 827 
831 672 594 

378 594 261 
645 128 973 
912 367 458 
===========
123 456 789 
456 789 132 
789 213 645 

297 845 316 
564 931 278 
831 627 594 

378 592 461 
645 178 923 
912 364 857 
===========
123 456 789 
456 789 132 
789 213 645 

297 845 316 
564 931 827 
831 627 954 

378 592 461 
645 178 293 
912 364 578 
===========
123 456 789 
456 789 132 
789 213 645 

297 845 316 
564 931 278 
831 672 594 

378 524 961 
645 197 823 
912 368 457 
===========
123 456 789 
456 789 132 
789 213 645 

297 845 316 
564 931 827 
831 672 594 

378 524 961 
645 198 273 
912 367 458 
===========
123 456 789 
456 789 132 
789 213 645 

297 845 316 
564 931 827 
831 627 954 

378 562 491 
645 198 273 
912 374 568 
===========
123 456 789 
456 789 132 
789 213 645 

297 845 361 
564 931 827 
831 672 594 

378 594 216 
645 128 973 
912 367 458 
===========
123 456 789 
456 789 132 
789 213 645 

297 845 361 
564 931 278 
831 627 594 

378 592 416 
645 178 923 
912 364 857 
===========
123 456 789 
456 789 132 
789 213 645 

297 845 361 
564 931 827 
831 627 954 

378 592 416 
645 178 293 
912 364 578 
===========
123 456 789 
456 789 132 
789 213 645 

297 845 361 
564 931 278 
831 672 594 

378 524 916 
645 197 823 
912 368 457 
===========
123 456 789 
456 789 132 
789 213 645 

297 845 361 
564 931 827 
831 672 594 

378 524 916 
645 198 273 
912 367 458 
===========
123 456 789 
456 789 132 
789 213 645 

297 631 458 
564 872 391 
831 945 267 

378 524 916 
645 197 823 
912 368 574 
===========
123 456 789 
456 789 132 
789 213 645 

297 631 854 
564 827 391 
831 945 267 

378 592 416 
645 178 923 
912 364 578 
===========
123 456 789 
456 789 132 
789 213 645 

297 631 854 
564 827 913 
831 945 276 

378 562 491 
645 198 327 
912 374 568 
===========
123 456 789 
456 789 132 
789 213 645 

297 634 518 
564 821 973 
831 975 264 

378 562 491 
645 198 327 
912 347 856 
===========
123 456 789 
456 789 132 
789 213 645 

297 634 518 
564 871 293 
831 925 476 

378 542 961 
645 198 327 
912 367 854 
===========
123 456 789 
456 789 132 
789 213 645 

297 634 518 
564 821 397 
831 975 426 

378 542 961 
645 198 273 
912 367 854 
===========
123 456 789 
456 789 132 
789 213 645 

297 634 851 
564 871 293 
831 925 476 

378 562 914 
645 198 327 
912 347 568 
===========
123 456 789 
456 789 132 
789 213 645 

297 634 851 
564 871 293 
831 925 467 

378 562 914 
645 197 328 
912 348 576 
===========
123 456 789 
456 789 132 
789 213 645 

297 634 851 
564 871 293 
831 925 476 

378 562 914 
645 197 328 
912 348 567 
===========
123 456 789 
456 789 132 
789 213 645 

297 634 851 
564 821 397 
831 975 426 

378 562 914 
645 198 273 
912 347 568 
===========
123 456 789 
456 789 132 
789 213 645 

297 634 851 
564 871 293 
831 925 467 

378 542 916 
645 197 328 
912 368 574 
===========
123 456 789 
456 789 132 
789 213 645 

297 635 418 
564 871 923 
831 942 576 

378 594 261 
645 128 397 
912 367 854 
===========
123 456 789 
456 789 132 
789 213 645 

297 635 418 
564 871 293 
831 942 576 

378 524 961 
645 198 327 
912 367 854 
===========
123 456 789 
456 789 132 
789 213 645 

297 635 418 
564 871 293 
831 924 576 

378 542 961 
645 198 327 
912 367 854 
===========
123 456 789 
456 789 132 
789 213 645 

297 635 418 
564 821 397 
831 974 526 

378 542 961 
645 198 273 
912 367 854 
===========
123 456 789 
456 789 132 
789 213 645 

297 635 418 
564 821 397 
831 974 256 

378 542 961 
645 197 823 
912 368 574 
===========
123 456 789 
456 789 132 
789 213 645 

297 635 418 
564 821 397 
831 947 256 

378 564 921 
645 192 873 
912 378 564 
===========
123 456 789 
456 789 132 
789 213 645 

297 635 814 
564 821 973 
831 974 256 

378 562 491 
645 198 327 
912 347 568 
===========
123 456 789 
456 789 132 
789 213 645 

297 635 814 
564 821 973 
831 974 256 

378 562 491 
645 197 328 
912 348 567 
===========
123 456 789 
456 789 132 
789 213 645 

297 635 814 
564 871 923 
831 942 576 

378 594 261 
645 128 397 
912 367 458 
===========
123 456 789 
456 789 132 
789 213 645 

297 635 814 
564 871 923 
831 942 576 

378 594 261 
645 127 398 
912 368 457 
===========
123 456 789 
456 789 132 
789 213 645 

297 635 814 
564 821 397 
831 947 256 

378 592 461 
645 178 923 
912 364 578 
===========
123 456 789 
456 789 132 
789 213 645 

297 635 814 
564 821 973 
831 947 526 

378 594 261 
645 172 398 
912 368 457 
===========
123 456 789 
456 789 132 
789 213 645 

297 635 814 
564 871 293 
831 942 576 

378 524 961 
645 198 327 
912 367 458 
===========
123 456 789 
456 789 132 
789 213 645 

297 635 814 
564 871 293 
831 942 576 

378 524 961 
645 197 328 
912 368 457 
===========
123 456 789 
456 789 132 
789 213 645 

297 635 814 
564 871 293 
831 924 576 

378 542 961 
645 198 327 
912 367 458 
===========
123 456 789 
456 789 132 
789 213 645 

297 635 814 
564 871 293 
831 924 576 

378 542 961 
645 197 328 
912 368 457 
===========
123 456 789 
456 789 132 
789 213 645 

297 635 814 
564 821 397 
831 974 526 

378 542 961 
645 198 273 
912 367 458 
===========
123 456 789 
456 789 132 
789 213 645 

297 635 814 
564 821 973 
831 947 256 

378 562 491 
645 198 327 
912 374 568 
===========
123 456 789 
456 789 132 
789 213 645 

297 641 358 
564 832 917 
831 975 426 

378 594 261 
645 127 893 
912 368 574 
===========
123 456 789 
456 789 132 
789 213 645 

297 641 358 
564 837 921 
831 925 467 

378 594 216 
645 172 893 
912 368 574 
===========
123 456 789 
456 789 132 
789 213 645 

297 641 853 
564 832 917 
831 975 426 

378 594 261 
645 127 398 
912 368 574 
===========
123 456 789 
456 789 132 
789 213 645 

297 641 853 
564 837 921 
831 925 467 

378 594 216 
645 172 398 
912 368 574 
===========
123 456 789 
456 789 132 
789 213 645 

297 641 853 
564 837 291 
831 925 476 

378 562 914 
645 198 327 
912 374 568 
===========
123 456 789 
456 789 132 
789 213 645 

297 645 318 
564 831 927 
831 972 456 

378 594 261 
645 127 893 
912 368 574 
===========
123 456 789 
456 789 132 
789 213 645 

297 645 318 
564 831 927 
831 927 456 

378 594 261 
645 172 893 
912 368 574 
===========
123 456 789 
456 789 132 
789 213 645 

297 645 318 
564 831 297 
831 972 456 

378 524 961 
645 197 823 
912 368 574 
===========
123 456 789 
456 789 132 
789 213 645 

297 645 318 
564 831 297 
831 927 456 

378 564 921 
645 192 873 
912 378 564 
===========
123 456 789 
456 789 132 
789 213 645 

297 645 318 
564 831 297 
831 927 564 

378 564 921 
645 192 873 
912 378 456 
===========
123 456 789 
456 789 132 
789 213 645 

297 645 318 
564 831 927 
831 927 564 

378 562 491 
645 198 273 
912 374 856 
===========
123 456 789 
456 789 132 
789 213 645 

297 645 318 
564 831 927 
831 927 456 

378 564 291 
645 192 873 
912 378 564 
===========
123 456 789 
456 789 132 
789 213 645 

297 645 318 
564 831 927 
831 927 564 

378 564 291 
645 192 873 
912 378 456 
===========
123 456 789 
456 789 132 
789 213 645 

297 645 813 
564 831 927 
831 972 456 

378 594 261 
645 127 398 
912 368 574 
===========
123 456 789 
456 789 132 
789 213 645 

297 645 813 
564 831 927 
831 927 456 

378 594 261 
645 172 398 
912 368 574 
===========
123 456 789 
456 789 132 
789 213 645 

297 645 813 
564 831 297 
831 972 456 

378 524 961 
645 197 328 
912 368 574 
===========
123 456 789 
456 789 132 
789 213 645 

297 645 813 
564 831 297 
831 927 456 

378 564 921 
645 192 378 
912 378 564 
===========
123 456 789 
456 789 132 
789 213 645 

297 645 813 
564 831 297 
831 927 564 

378 564 921 
645 192 378 
912 378 456 
===========
123 456 789 
456 789 132 
789 213 645 

297 645 813 
564 831 927 
831 927 456 

378 564 291 
645 192 378 
912 378 564 
===========
123 456 789 
456 789 132 
789 213 645 

297 645 813 
564 831 927 
831 927 564 

378 564 291 
645 192 378 
912 378 456 
===========
123 456 789 
456 789 132 
789 213 645 

297 831 456 
564 927 318 
831 564 927 

378 642 591 
645 198 273 
912 375 864 
===========
123 456 789 
456 789 132 
789 213 645 

297 831 456 
564 927 318 
831 564 297 

378 645 921 
645 192 873 
912 378 564 
===========
123 456 789 
456 789 132 
789 213 645 

297 831 456 
564 927 318 
831 564 927 

378 645 291 
645 192 873 
912 378 564 
===========
123 456 789 
456 789 132 
789 213 645 

297 831 456 
564 927 813 
831 564 297 

378 645 921 
645 192 378 
912 378 564 
===========
123 456 789 
456 789 132 
789 213 645 

297 831 456 
564 927 813 
831 564 927 

378 645 291 
645 192 378 
912 378 564 
===========
123 456 789 
456 789 132 
789 213 645 

297 831 564 
564 972 318 
831 564 297 

378 695 421 
645 128 973 
912 347 856 
===========
123 456 789 
456 789 132 
789 213 645 

297 831 564 
564 927 318 
831 564 297 

378 692 451 
645 178 923 
912 345 876 
===========
123 456 789 
456 789 132 
789 213 645 

297 831 564 
564 927 318 
831 564 927 

378 692 451 
645 178 293 
912 345 876 
===========
123 456 789 
456 789 132 
789 213 645 

297 831 564 
564 972 318 
831 564 927 

378 625 491 
645 198 273 
912 347 856 
===========
123 456 789 
456 789 132 
789 213 645 

297 831 564 
564 927 318 
831 564 297 

378 645 921 
645 192 873 
912 378 456 
===========
123 456 789 
456 789 132 
789 213 645 

297 831 564 
564 927 318 
831 564 927 

378 645 291 
645 192 873 
912 378 456 
===========
123 456 789 
456 789 132 
789 213 645 

297 831 564 
564 927 813 
831 564 297 

378 645 921 
645 192 378 
912 378 456 
===========
123 456 789 
456 789 132 
789 213 645 

297 831 564 
564 927 813 
831 564 927 

378 645 291 
645 192 378 
912 378 456 
===========
123 456 789 
456 789 132 
789 213 645 

297 834 516 
564 921 378 
831 567 294 

378 692 451 
645 178 923 
912 345 867 
===========
123 456 789 
456 789 132 
789 213 645 

297 834 516 
564 921 378 
831 567 924 

378 692 451 
645 178 293 
912 345 867 
===========
123 456 789 
456 789 132 
789 213 645 

297 834 516 
564 921 873 
831 567 294 

378 642 951 
645 198 327 
912 375 468 
===========
123 456 789 
456 789 132 
789 213 645 

297 834 561 
564 971 328 
831 562 497 

378 695 214 
645 128 973 
912 347 856 
===========
123 456 789 
456 789 132 
789 213 645 

297 834 561 
564 971 328 
831 562 497 

378 625 914 
645 198 273 
912 347 856 
===========
123 456 789 
456 789 132 
789 213 645 

297 841 356 
564 932 817 
831 567 294 

378 695 421 
645 128 973 
912 374 568 
===========
123 456 789 
456 789 132 
789 213 645 

297 841 356 
564 932 817 
831 567 294 

378 694 521 
645 128 973 
912 375 468 
===========
123 456 789 
456 789 132 
789 213 645 

297 841 356 
564 937 218 
831 562 497 

378 694 521 
645 128 973 
912 375 864 
===========
123 456 789 
456 789 132 
789 213 645 

297 841 356 
564 937 821 
831 562 497 

378 695 214 
645 128 973 
912 374 568 
===========
123 456 789 
456 789 132 
789 213 645 

297 841 356 
564 932 817 
831 567 924 

378 625 491 
645 198 273 
912 374 568 
===========
123 456 789 
456 789 132 
789 213 645 

297 841 356 
564 932 817 
831 567 924 

378 624 591 
645 198 273 
912 375 468 
===========
123 456 789 
456 789 132 
789 213 645 

297 841 356 
564 937 821 
831 562 497 

378 625 914 
645 198 273 
912 374 568 
===========
123 456 789 
456 789 132 
789 213 645 

297 841 563 
564 937 218 
831 562 974 

378 695 421 
645 128 397 
912 374 856 
===========
123 456 789 
456 789 132 
789 213 645 

297 841 563 
564 937 218 
831 562 974 

378 625 491 
645 198 327 
912 374 856 
===========
123 456 789 
456 789 132 
789 213 645 

297 861 354 
564 932 817 
831 574 296 

378 695 421 
645 128 973 
912 347 568 
===========
123 456 789 
456 789 132 
789 213 645 

297 861 354 
564 937 218 
831 524 967 

378 695 421 
645 172 893 
912 348 576 
===========
123 456 789 
456 789 132 
789 213 645 

297 861 354 
564 937 218 
831 524 976 

378 695 421 
645 172 893 
912 348 567 
===========
123 456 789 
456 789 132 
789 213 645 

297 861 354 
564 932 817 
831 574 926 

378 625 491 
645 198 273 
912 347 568 
===========
123 456 789 
456 789 132 
789 213 645 

297 861 354 
564 932 817 
831 547 296 

378 695 421 
645 128 973 
912 374 568 
===========
123 456 789 
456 789 132 
789 213 645 

297 861 354 
564 932 817 
831 547 296 

378 694 521 
645 128 973 
912 375 468 
===========
123 456 789 
456 789 132 
789 213 645 

297 861 354 
564 932 817 
831 547 926 

378 625 491 
645 198 273 
912 374 568 
===========
123 456 789 
456 789 132 
789 213 645 

297 861 354 
564 932 817 
831 547 926 

378 624 591 
645 198 273 
912 375 468 
===========
123 456 789 
456 789 132 
789 213 645 

297 861 453 
564 932 871 
831 574 926 

378 695 214 
645 128 397 
912 347 568 
===========
123 456 789 
456 789 132 
789 213 645 

297 861 453 
564 932 871 
831 574 926 

378 695 214 
645 127 398 
912 348 567 
===========
123 456 789 
456 789 132 
789 213 645 

297 861 453 
564 937 821 
831 524 967 

378 695 214 
645 172 398 
912 348 576 
===========
123 456 789 
456 789 132 
789 213 645 

297 861 453 
564 937 821 
831 524 976 

378 695 214 
645 172 398 
912 348 567 
===========
123 456 789 
456 789 132 
789 213 645 

297 861 453 
564 932 871 
831 574 296 

378 625 914 
645 198 327 
912 347 568 
===========
123 456 789 
456 789 132 
789 213 645 

297 861 453 
564 932 871 
831 574 296 

378 625 914 
645 197 328 
912 348 567 
===========
123 456 789 
456 789 132 
789 213 645 

297 861 453 
564 932 871 
831 547 926 

378 695 214 
645 128 397 
912 374 568 
===========
123 456 789 
456 789 132 
789 213 645 

297 861 453 
564 937 218 
831 542 976 

378 694 521 
645 128 397 
912 375 864 
===========
123 456 789 
456 789 132 
789 213 645 

297 861 453 
564 937 821 
831 542 976 

378 695 214 
645 128 397 
912 374 568 
===========
123 456 789 
456 789 132 
789 213 645 

297 861 453 
564 932 871 
831 547 296 

378 625 914 
645 198 327 
912 374 568 
===========
123 456 789 
456 789 132 
789 213 645 

297 861 453 
564 937 218 
831 542 976 

378 624 591 
645 198 327 
912 375 864 
===========
123 456 789 
456 789 132 
789 213 645 

297 861 453 
564 937 218 
831 524 976 

378 642 591 
645 198 327 
912 375 864 
===========
123 456 789 
456 789 132 
789 213 645 

297 864 351 
564 931 827 
831 572 496 

378 695 214 
645 128 973 
912 347 568 
===========
123 456 789 
456 789 132 
789 213 645 

297 864 351 
564 931 278 
831 527 496 

378 692 514 
645 178 923 
912 345 867 
===========
123 456 789 
456 789 132 
789 213 645 

297 864 351 
564 931 278 
831 572 496 

378 625 914 
645 197 823 
912 348 567 
===========
123 456 789 
456 789 132 
789 213 645 

297 864 351 
564 931 827 
831 572 496 

378 625 914 
645 198 273 
912 347 568 
===========
123 456 789 
456 789 132 
789 213 645 

297 864 513 
564 931 278 
831 572 964 

378 695 421 
645 128 397 
912 347 856 
===========
123 456 789 
456 789 132 
789 213 645 

297 864 513 
564 931 278 
831 572 964 

378 625 491 
645 198 327 
912 347 856 
===========
123 456 789 
456 789 132 
789 213 645 

297 864 513 
564 931 278 
831 527 496 

378 642 951 
645 198 327 
912 375 864 
===========
123 456 789 
456 789 132 
789 213 645 

297 864 513 
564 931 827 
831 527 964 

378 645 291 
645 192 378 
912 378 456 
===========
123 456 789 
456 789 132 
789 213 645 

297 531 468 
564 872 391 
831 964 527 

378 695 214 
645 128 973 
912 347 856 
===========
123 456 789 
456 789 132 
789 213 645 

297 531 468 
564 827 391 
831 964 257 

378 692 514 
645 178 923 
912 345 876 
===========
123 456 789 
456 789 132 
789 213 645 

297 531 468 
564 872 391 
831 964 527 

378 625 914 
645 198 273 
912 347 856 
===========
123 456 789 
456 789 132 
789 213 645 

297 531 468 
564 872 391 
831 964 257 

378 625 914 
645 197 823 
912 348 576 
===========
123 456 789 
456 789 132 
789 213 645 

297 531 864 
564 872 913 
831 964 257 

378 695 421 
645 127 398 
912 348 576 
===========
123 456 789 
456 789 132 
789 213 645 

297 531 864 
564 827 913 
831 964 257 

378 695 421 
645 172 398 
912 348 576 
===========
123 456 789 
456 789 132 
789 213 645 

297 531 864 
564 872 913 
831 964 257 

378 625 491 
645 197 328 
912 348 576 
===========
123 456 789 
456 789 132 
789 213 645 

297 531 864 
564 827 913 
831 964 527 

378 645 291 
645 192 378 
912 378 456 
===========
123 456 789 
456 789 132 
789 213 645 

297 534 816 
564 821 973 
831 967 254 

378 695 421 
645 172 398 
912 348 567 
===========
123 456 789 
456 789 132 
789 213 645 

297 534 816 
564 821 397 
831 967 524 

378 642 951 
645 198 273 
912 375 468 
===========
123 456 789 
456 789 132 
789 213 645 

297 534 816 
564 821 973 
831 967 254 

378 642 591 
645 198 327 
912 375 468 
===========
123 456 789 
456 789 132 
789 213 645 

297 534 861 
564 871 923 
831 962 457 

378 695 214 
645 127 398 
912 348 576 
===========
123 456 789 
456 789 132 
789 213 645 

297 534 861 
564 871 293 
831 962 457 

378 625 914 
645 197 328 
912 348 576 
===========
123 456 789 
456 789 132 
789 213 645 

297 541 368 
564 832 917 
831 967 524 

378 625 491 
645 198 273 
912 374 856 
===========
123 456 789 
456 789 132 
789 213 645 

297 564 318 
564 831 297 
831 972 564 

378 695 421 
645 128 973 
912 347 856 
===========
123 456 789 
456 789 132 
789 213 645 

297 564 318 
564 831 297 
831 927 564 

378 692 451 
645 178 923 
912 345 876 
===========
123 456 789 
456 789 132 
789 213 645 

297 564 318 
564 831 927 
831 927 564 

378 692 451 
645 178 293 
912 345 876 
===========
123 456 789 
456 789 132 
789 213 645 

297 564 318 
564 831 927 
831 972 564 

378 625 491 
645 198 273 
912 347 856 
===========
123 456 789 
456 789 132 
789 213 645 

297 564 318 
564 831 297 
831 927 456 

378 645 921 
645 192 873 
912 378 564 
===========
123 456 789 
456 789 132 
789 213 645 

297 564 318 
564 831 297 
831 927 564 

378 645 921 
645 192 873 
912 378 456 
===========
123 456 789 
456 789 132 
789 213 645 

297 564 318 
564 831 927 
831 927 456 

378 642 591 
645 198 273 
912 375 864 
===========
123 456 789 
456 789 132 
789 213 645 

297 564 318 
564 831 927 
831 927 456 

378 645 291 
645 192 873 
912 378 564 
===========
123 456 789 
456 789 132 
789 213 645 

297 564 318 
564 831 927 
831 927 564 

378 645 291 
645 192 873 
912 378 456 
===========
123 456 789 
456 789 132 
789 213 645 

297 564 813 
564 831 297 
831 927 456 

378 645 921 
645 192 378 
912 378 564 
===========
123 456 789 
456 789 132 
789 213 645 

297 564 813 
564 831 297 
831 927 564 

378 645 921 
645 192 378 
912 378 456 
===========
123 456 789 
456 789 132 
789 213 645 

297 564 813 
564 831 927 
831 927 456 

378 645 291 
645 192 378 
912 378 564 
===========
123 456 789 
456 789 132 
789 213 645 

297 564 813 
564 831 927 
831 927 564 

378 645 291 
645 192 378 
912 378 456 
===========
123 456 789 
456 789 132 
789 213 645 

297 631 458 
564 892 371 
831 574 926 

378 965 214 
645 127 893 
912 348 567 
===========
123 456 789 
456 789 132 
789 213 645 

297 631 458 
564 897 321 
831 524 967 

378 962 514 
645 178 293 
912 345 876 
===========
123 456 789 
456 789 132 
789 213 645 

297 631 458 
564 897 321 
831 524 976 

378 962 514 
645 178 293 
912 345 867 
===========
123 456 789 
456 789 132 
789 213 645 

297 631 458 
564 897 321 
831 524 967 

378 965 214 
645 172 893 
912 348 576 
===========
123 456 789 
456 789 132 
789 213 645 

297 631 458 
564 897 321 
831 524 976 

378 965 214 
645 172 893 
912 348 567 
===========
123 456 789 
456 789 132 
789 213 645 

297 631 458 
564 827 391 
831 594 267 

378 962 514 
645 178 923 
912 345 876 
===========
123 456 789 
456 789 132 
789 213 645 

297 631 458 
564 827 391 
831 594 276 

378 962 514 
645 178 923 
912 345 867 
===========
123 456 789 
456 789 132 
789 213 645 

297 631 458 
564 892 317 
831 574 926 

378 945 261 
645 127 893 
912 368 574 
===========
123 456 789 
456 789 132 
789 213 645 

297 631 458 
564 892 317 
831 547 296 

378 924 561 
645 178 923 
912 365 874 
===========
123 456 789 
456 789 132 
789 213 645 

297 631 458 
564 892 317 
831 547 926 

378 924 561 
645 178 293 
912 365 874 
===========
123 456 789 
456 789 132 
789 213 645 

297 631 458 
564 897 321 
831 542 967 

378 924 516 
645 178 293 
912 365 874 
===========
123 456 789 
456 789 132 
789 213 645 

297 631 458 
564 897 321 
831 524 967 

378 942 516 
645 178 293 
912 365 874 
===========
123 456 789 
456 789 132 
789 213 645 

297 631 458 
564 897 321 
831 524 967 

378 945 216 
645 172 893 
912 368 574 
===========
123 456 789 
456 789 132 
789 213 645 

297 631 458 
564 827 391 
831 594 267 

378 942 516 
645 178 923 
912 365 874 
===========
123 456 789 
456 789 132 
789 213 645 

297 631 458 
564 892 317 
831 547 296 

378 964 521 
645 128 973 
912 375 864 
===========
123 456 789 
456 789 132 
789 213 645 

297 631 458 
564 897 213 
831 542 976 

378 964 521 
645 128 397 
912 375 864 
===========
