123 456 789 
456 789 132 
789 213 654 

297 831 465 
564 927 318 
831 645 297 

378 564 921 
645 192 873 
912 378 546 
===========
123 456 789 
456 789 132 
789 213 654 

297 831 465 
564 927 318 
831 645 927 

378 564 291 
645 192 873 
912 378 546 
===========
123 456 789 
456 789 132 
789 213 654 

297 831 465 
564 927 813 
831 645 297 

378 564 921 
645 192 378 
912 378 546 
===========
123 456 789 
456 789 132 
789 213 654 

297 831 465 
564 927 813 
831 645 927 

378 564 291 
645 192 378 
912 378 546 
===========
123 456 789 
456 789 132 
789 213 654 

297 831 546 
564 972 318 
831 645 927 

378 594 261 
645 127 893 
912 368 475 
===========
123 456 789 
456 789 132 
789 213 654 

297 831 546 
564 972 813 
831 645 927 

378 594 261 
645 127 398 
912 368 475 
===========
123 456 789 
456 789 132 
789 213 654 

297 831 546 
564 927 318 
831 645 297 

378 592 461 
645 178 923 
912 364 875 
===========
123 456 789 
456 789 132 
789 213 654 

297 831 546 
564 927 318 
831 645 927 

378 592 461 
645 178 293 
912 364 875 
===========
123 456 789 
456 789 132 
789 213 654 

297 831 546 
564 927 318 
831 645 927 

378 594 261 
645 172 893 
912 368 475 
===========
123 456 789 
456 789 132 
789 213 654 

297 831 546 
564 927 813 
831 645 927 

378 594 261 
645 172 398 
912 368 475 
===========
123 456 789 
456 789 132 
789 213 654 

297 831 546 
564 972 318 
831 645 297 

378 524 961 
645 197 823 
912 368 475 
===========
123 456 789 
456 789 132 
789 213 654 

297 831 546 
564 972 813 
831 645 297 

378 524 961 
645 197 328 
912 368 475 
===========
123 456 789 
456 789 132 
789 213 654 

297 831 546 
564 927 318 
831 645 927 

378 562 491 
645 198 273 
912 374 865 
===========
123 456 789 
456 789 132 
789 213 654 

297 831 546 
564 927 318 
831 645 297 

378 564 921 
645 192 873 
912 378 465 
===========
123 456 789 
456 789 132 
789 213 654 

297 831 546 
564 927 318 
831 645 927 

378 564 291 
645 192 873 
912 378 465 
===========
123 456 789 
456 789 132 
789 213 654 

297 831 546 
564 927 813 
831 645 297 

378 564 921 
645 192 378 
912 378 465 
===========
123 456 789 
456 789 132 
789 213 654 

297 831 546 
564 927 813 
831 645 927 

378 564 291 
645 192 378 
912 378 465 
===========
123 456 789 
456 789 132 
789 213 654 

297 834 516 
564 971 328 
831 625 497 

378 562 941 
645 198 273 
912 347 865 
===========
123 456 789 
456 789 132 
789 213 654 

297 834 516 
564 971 328 
831 625 947 

378 562 491 
645 198 273 
912 347 865 
===========
123 456 789 
456 789 132 
789 213 654 

297 834 516 
564 971 328 
831 625 497 

378 542 961 
645 198 273 
912 367 845 
===========
123 456 789 
456 789 132 
789 213 654 

297 834 561 
564 971 328 
831 625 497 

378 542 916 
645 198 273 
912 367 845 
===========
123 456 789 
456 789 132 
789 213 654 

297 835 416 
564 971 328 
831 624 597 

378 562 941 
645 198 273 
912 347 865 
===========
123 456 789 
456 789 132 
789 213 654 

297 835 416 
564 921 378 
831 674 295 

378 562 941 
645 197 823 
912 348 567 
===========
123 456 789 
456 789 132 
789 213 654 

297 835 416 
564 921 873 
831 674 295 

378 562 941 
645 198 327 
912 347 568 
===========
123 456 789 
456 789 132 
789 213 654 

297 835 416 
564 921 873 
831 674 295 

378 562 941 
645 197 328 
912 348 567 
===========
123 456 789 
456 789 132 
789 213 654 

297 835 416 
564 971 328 
831 642 597 

378 594 261 
645 128 973 
912 367 845 
===========
123 456 789 
456 789 132 
789 213 654 

297 835 416 
564 971 328 
831 642 975 

378 594 261 
645 127 893 
912 368 547 
===========
123 456 789 
456 789 132 
789 213 654 

297 835 416 
564 971 823 
831 642 975 

378 594 261 
645 128 397 
912 367 548 
===========
123 456 789 
456 789 132 
789 213 654 

297 835 416 
564 971 823 
831 642 975 

378 594 261 
645 127 398 
912 368 547 
===========
123 456 789 
456 789 132 
789 213 654 

297 835 416 
564 921 378 
831 647 925 

378 594 261 
645 172 893 
912 368 547 
===========
123 456 789 
456 789 132 
789 213 654 

297 835 416 
564 921 873 
831 647 925 

378 594 261 
645 172 398 
912 368 547 
===========
123 456 789 
456 789 132 
789 213 654 

297 835 416 
564 971 328 
831 642 597 

378 524 961 
645 198 273 
912 367 845 
===========
123 456 789 
456 789 132 
789 213 654 

297 835 416 
564 971 328 
831 624 597 

378 542 961 
645 198 273 
912 367 845 
===========
123 456 789 
456 789 132 
789 213 654 

297 835 416 
564 921 378 
831 674 295 

378 542 961 
645 197 823 
912 368 547 
===========
123 456 789 
456 789 132 
789 213 654 

297 835 416 
564 921 873 
831 674 295 

378 542 961 
645 198 327 
912 367 548 
===========
123 456 789 
456 789 132 
789 213 654 

297 835 416 
564 921 873 
831 674 295 

378 542 961 
645 197 328 
912 368 547 
===========
123 456 789 
456 789 132 
789 213 654 

297 835 416 
564 921 873 
831 647 295 

378 562 941 
645 198 327 
912 374 568 
===========
123 456 789 
456 789 132 
789 213 654 

297 835 461 
564 971 328 
831 642 597 

378 594 216 
645 128 973 
912 367 845 
===========
123 456 789 
456 789 132 
789 213 654 

297 835 461 
564 971 328 
831 642 975 

378 594 216 
645 127 893 
912 368 547 
===========
123 456 789 
456 789 132 
789 213 654 

297 835 461 
564 971 823 
831 642 975 

378 594 216 
645 128 397 
912 367 548 
===========
123 456 789 
456 789 132 
789 213 654 

297 835 461 
564 971 823 
831 642 975 

378 594 216 
645 127 398 
912 368 547 
===========
123 456 789 
456 789 132 
789 213 654 

297 835 461 
564 921 378 
831 647 925 

378 594 216 
645 172 893 
912 368 547 
===========
123 456 789 
456 789 132 
789 213 654 

297 835 461 
564 921 873 
831 647 925 

378 594 216 
645 172 398 
912 368 547 
===========
123 456 789 
456 789 132 
789 213 654 

297 835 461 
564 971 328 
831 642 597 

378 524 916 
645 198 273 
912 367 845 
===========
123 456 789 
456 789 132 
789 213 654 

297 835 461 
564 971 328 
831 624 597 

378 542 916 
645 198 273 
912 367 845 
===========
123 456 789 
456 789 132 
789 213 654 

297 835 461 
564 921 378 
831 674 295 

378 542 916 
645 197 823 
912 368 547 
===========
123 456 789 
456 789 132 
789 213 654 

297 835 461 
564 921 873 
831 674 295 

378 542 916 
645 198 327 
912 367 548 
===========
123 456 789 
456 789 132 
789 213 654 

297 835 461 
564 921 873 
831 674 295 

378 542 916 
645 197 328 
912 368 547 
===========
123 456 789 
456 789 132 
789 213 654 

297 841 365 
564 937 821 
831 625 947 

378 592 416 
645 178 293 
912 364 578 
===========
123 456 789 
456 789 132 
789 213 654 

297 841 365 
564 937 218 
831 625 497 

378 564 921 
645 192 873 
912 378 546 
===========
123 456 789 
456 789 132 
789 213 654 

297 841 563 
564 937 821 
831 625 947 

378 594 216 
645 172 398 
912 368 475 
===========
123 456 789 
456 789 132 
789 213 654 

297 845 316 
564 931 827 
831 672 495 

378 594 261 
645 128 973 
912 367 548 
===========
123 456 789 
456 789 132 
789 213 654 

297 845 316 
564 931 827 
831 627 945 

378 592 461 
645 178 293 
912 364 578 
===========
123 456 789 
456 789 132 
789 213 654 

297 845 316 
564 931 278 
831 672 495 

378 524 961 
645 197 823 
912 368 547 
===========
123 456 789 
456 789 132 
789 213 654 

297 845 316 
564 931 827 
831 672 495 

378 524 961 
645 198 273 
912 367 548 
===========
123 456 789 
456 789 132 
789 213 654 

297 845 316 
564 931 827 
831 627 495 

378 562 941 
645 198 273 
912 374 568 
===========
123 456 789 
456 789 132 
789 213 654 

297 845 316 
564 931 827 
831 627 945 

378 562 491 
645 198 273 
912 374 568 
===========
123 456 789 
456 789 132 
789 213 654 

297 845 361 
564 931 827 
831 672 495 

378 594 216 
645 128 973 
912 367 548 
===========
123 456 789 
456 789 132 
789 213 654 

297 845 361 
564 931 827 
831 627 945 

378 592 416 
645 178 293 
912 364 578 
===========
123 456 789 
456 789 132 
789 213 654 

297 845 361 
564 931 278 
831 672 495 

378 524 916 
645 197 823 
912 368 547 
===========
123 456 789 
456 789 132 
789 213 654 

297 845 361 
564 931 827 
831 672 495 

378 524 916 
645 198 273 
912 367 548 
===========
123 456 789 
456 789 132 
789 213 654 

297 631 548 
564 827 391 
831 945 267 

378 592 416 
645 178 923 
912 364 875 
===========
123 456 789 
456 789 132 
789 213 654 

297 631 548 
564 872 391 
831 945 267 

378 524 916 
645 197 823 
912 368 475 
===========
123 456 789 
456 789 132 
789 213 654 

297 631 548 
564 827 913 
831 945 276 

378 562 491 
645 198 327 
912 374 865 
===========
123 456 789 
456 789 132 
789 213 654 

297 631 845 
564 827 391 
831 945 267 

378 592 416 
645 178 923 
912 364 578 
===========
123 456 789 
456 789 132 
789 213 654 

297 631 845 
564 827 913 
831 945 276 

378 562 491 
645 198 327 
912 374 568 
===========
123 456 789 
456 789 132 
789 213 654 

297 634 518 
564 871 293 
831 925 476 

378 562 941 
645 198 327 
912 347 865 
===========
123 456 789 
456 789 132 
789 213 654 

297 634 518 
564 821 397 
831 975 426 

378 562 941 
645 198 273 
912 347 865 
===========
123 456 789 
456 789 132 
789 213 654 

297 634 518 
564 821 973 
831 975 246 

378 562 491 
645 198 327 
912 347 865 
===========
123 456 789 
456 789 132 
789 213 654 

297 634 518 
564 871 293 
831 925 476 

378 542 961 
645 198 327 
912 367 845 
===========
123 456 789 
456 789 132 
789 213 654 

297 634 518 
564 821 397 
831 975 426 

378 542 961 
645 198 273 
912 367 845 
===========
123 456 789 
456 789 132 
789 213 654 

297 634 518 
564 821 397 
831 975 246 

378 542 961 
645 197 823 
912 368 475 
===========
123 456 789 
456 789 132 
789 213 654 

297 634 815 
564 871 293 
831 925 476 

378 562 941 
645 198 327 
912 347 568 
===========
123 456 789 
456 789 132 
789 213 654 

297 634 815 
564 871 293 
831 925 467 

378 562 941 
645 197 328 
912 348 576 
===========
123 456 789 
456 789 132 
789 213 654 

297 634 815 
564 871 293 
831 925 476 

378 562 941 
645 197 328 
912 348 567 
===========
123 456 789 
456 789 132 
789 213 654 

297 634 815 
564 821 397 
831 975 426 

378 562 941 
645 198 273 
912 347 568 
===========
123 456 789 
456 789 132 
789 213 654 

297 634 815 
564 821 973 
831 975 246 

378 562 491 
645 198 327 
912 347 568 
===========
123 456 789 
456 789 132 
789 213 654 

297 634 815 
564 821 973 
831 975 246 

378 562 491 
645 197 328 
912 348 567 
===========
123 456 789 
456 789 132 
789 213 654 

297 634 815 
564 871 293 
831 925 476 

378 542 961 
645 198 327 
912 367 548 
===========
123 456 789 
456 789 132 
789 213 654 

297 634 815 
564 871 293 
831 925 476 

378 542 961 
645 197 328 
912 368 547 
===========
123 456 789 
456 789 132 
789 213 654 

297 634 815 
564 821 397 
831 975 426 

378 542 961 
645 198 273 
912 367 548 
===========
123 456 789 
456 789 132 
789 213 654 

297 635 418 
564 871 293 
831 924 576 

378 562 941 
645 198 327 
912 347 865 
===========
123 456 789 
456 789 132 
789 213 654 

297 635 418 
564 821 397 
831 974 526 

378 562 941 
645 198 273 
912 347 865 
===========
123 456 789 
456 789 132 
789 213 654 

297 635 418 
564 821 397 
831 974 265 

378 562 941 
645 197 823 
912 348 576 
===========
123 456 789 
456 789 132 
789 213 654 

297 635 418 
564 871 923 
831 942 576 

378 594 261 
645 128 397 
912 367 845 
===========
123 456 789 
456 789 132 
789 213 654 

297 635 418 
564 871 293 
831 942 576 

378 524 961 
645 198 327 
912 367 845 
===========
123 456 789 
456 789 132 
789 213 654 

297 635 418 
564 871 293 
831 924 576 

378 542 961 
645 198 327 
912 367 845 
===========
123 456 789 
456 789 132 
789 213 654 

297 635 418 
564 821 397 
831 974 526 

378 542 961 
645 198 273 
912 367 845 
===========
123 456 789 
456 789 132 
789 213 654 

297 635 418 
564 821 397 
831 947 526 

378 562 941 
645 198 273 
912 374 865 
===========
123 456 789 
456 789 132 
789 213 654 

297 635 418 
564 821 397 
831 947 265 

378 564 921 
645 192 873 
912 378 546 
===========
123 456 789 
456 789 132 
789 213 654 

297 635 841 
564 871 923 
831 942 567 

378 594 216 
645 127 398 
912 368 475 
===========
123 456 789 
456 789 132 
789 213 654 

297 635 841 
564 821 397 
831 947 265 

378 592 416 
645 178 923 
912 364 578 
===========
123 456 789 
456 789 132 
789 213 654 

297 635 841 
564 871 293 
831 942 567 

378 524 916 
645 197 328 
912 368 475 
===========
123 456 789 
456 789 132 
789 213 654 

297 635 841 
564 871 293 
831 924 567 

378 542 916 
645 197 328 
912 368 475 
===========
123 456 789 
456 789 132 
789 213 654 

297 645 318 
564 831 927 
831 972 546 

378 594 261 
645 127 893 
912 368 475 
===========
123 456 789 
456 789 132 
789 213 654 

297 645 318 
564 831 297 
831 927 546 

378 592 461 
645 178 923 
912 364 875 
===========
123 456 789 
456 789 132 
789 213 654 

297 645 318 
564 831 927 
831 927 546 

378 592 461 
645 178 293 
912 364 875 
===========
123 456 789 
456 789 132 
789 213 654 

297 645 318 
564 831 927 
831 927 546 

378 594 261 
645 172 893 
912 368 475 
===========
123 456 789 
456 789 132 
789 213 654 

297 645 318 
564 831 297 
831 972 546 

378 524 961 
645 197 823 
912 368 475 
===========
123 456 789 
456 789 132 
789 213 654 

297 645 318 
564 831 297 
831 927 465 

378 564 921 
645 192 873 
912 378 546 
===========
123 456 789 
456 789 132 
789 213 654 

297 645 318 
564 831 297 
831 927 546 

378 564 921 
645 192 873 
912 378 465 
===========
123 456 789 
456 789 132 
789 213 654 

297 645 318 
564 831 927 
831 927 546 

378 562 491 
645 198 273 
912 374 865 
===========
123 456 789 
456 789 132 
789 213 654 

297 645 318 
564 831 927 
831 927 465 

378 564 291 
645 192 873 
912 378 546 
===========
123 456 789 
456 789 132 
789 213 654 

297 645 318 
564 831 927 
831 927 546 

378 564 291 
645 192 873 
912 378 465 
===========
123 456 789 
456 789 132 
789 213 654 

297 645 813 
564 831 927 
831 972 546 

378 594 261 
645 127 398 
912 368 475 
===========
123 456 789 
456 789 132 
789 213 654 

297 645 813 
564 831 927 
831 927 546 

378 594 261 
645 172 398 
912 368 475 
===========
123 456 789 
456 789 132 
789 213 654 

297 645 813 
564 831 297 
831 972 546 

378 524 961 
645 197 328 
912 368 475 
===========
123 456 789 
456 789 132 
789 213 654 

297 645 813 
564 831 297 
831 927 465 

378 564 921 
645 192 378 
912 378 546 
===========
123 456 789 
456 789 132 
789 213 654 

297 645 813 
564 831 297 
831 927 546 

378 564 921 
645 192 378 
912 378 465 
===========
123 456 789 
456 789 132 
789 213 654 

297 645 813 
564 831 927 
831 927 465 

378 564 291 
645 192 378 
912 378 546 
===========
123 456 789 
456 789 132 
789 213 654 

297 645 813 
564 831 927 
831 927 546 

378 564 291 
645 192 378 
912 378 465 
===========
123 456 789 
456 789 132 
789 213 654 

297 831 465 
564 972 318 
831 564 927 

378 695 241 
645 127 893 
912 348 576 
===========
123 456 789 
456 789 132 
789 213 654 

297 831 465 
564 972 813 
831 564 927 

378 695 241 
645 127 398 
912 348 576 
===========
123 456 789 
456 789 132 
789 213 654 

297 831 465 
564 927 318 
831 564 297 

378 692 541 
645 178 923 
912 345 876 
===========
123 456 789 
456 789 132 
789 213 654 

297 831 465 
564 927 318 
831 564 927 

378 692 541 
645 178 293 
912 345 876 
===========
123 456 789 
456 789 132 
789 213 654 

297 831 465 
564 927 318 
831 564 927 

378 695 241 
645 172 893 
912 348 576 
===========
123 456 789 
456 789 132 
789 213 654 

297 831 465 
564 927 813 
831 564 927 

378 695 241 
645 172 398 
912 348 576 
===========
123 456 789 
456 789 132 
789 213 654 

297 831 465 
564 972 318 
831 564 297 

378 625 941 
645 197 823 
912 348 576 
===========
123 456 789 
456 789 132 
789 213 654 

297 831 465 
564 972 813 
831 564 297 

378 625 941 
645 197 328 
912 348 576 
===========
123 456 789 
456 789 132 
789 213 654 

297 831 465 
564 927 318 
831 564 927 

378 642 591 
645 198 273 
912 375 846 
===========
123 456 789 
456 789 132 
789 213 654 

297 831 465 
564 927 318 
831 564 297 

378 645 921 
645 192 873 
912 378 546 
===========
123 456 789 
456 789 132 
789 213 654 

297 831 465 
564 927 318 
831 564 927 

378 645 291 
645 192 873 
912 378 546 
===========
123 456 789 
456 789 132 
789 213 654 

297 831 465 
564 927 813 
831 564 297 

378 645 921 
645 192 378 
912 378 546 
===========
123 456 789 
456 789 132 
789 213 654 

297 831 465 
564 927 813 
831 564 927 

378 645 291 
645 192 378 
912 378 546 
===========
123 456 789 
456 789 132 
789 213 654 

297 831 546 
564 972 318 
831 564 297 

378 695 421 
645 128 973 
912 347 865 
===========
123 456 789 
456 789 132 
789 213 654 

297 831 546 
564 972 318 
831 564 927 

378 625 491 
645 198 273 
912 347 865 
===========
123 456 789 
456 789 132 
789 213 654 

297 831 546 
564 927 318 
831 564 297 

378 645 921 
645 192 873 
912 378 465 
===========
123 456 789 
456 789 132 
789 213 654 

297 831 546 
564 927 318 
831 564 927 

378 645 291 
645 192 873 
912 378 465 
===========
123 456 789 
456 789 132 
789 213 654 

297 831 546 
564 927 813 
831 564 297 

378 645 921 
645 192 378 
912 378 465 
===========
123 456 789 
456 789 132 
789 213 654 

297 831 546 
564 927 813 
831 564 927 

378 645 291 
645 192 378 
912 378 465 
===========
123 456 789 
456 789 132 
789 213 654 

297 834 516 
564 971 328 
831 562 497 

378 695 241 
645 128 973 
912 347 865 
===========
123 456 789 
456 789 132 
789 213 654 

297 834 516 
564 971 328 
831 562 497 

378 625 941 
645 198 273 
912 347 865 
===========
123 456 789 
456 789 132 
789 213 654 

297 834 516 
564 971 328 
831 562 947 

378 625 491 
645 198 273 
912 347 865 
===========
123 456 789 
456 789 132 
789 213 654 

297 841 365 
564 937 218 
831 562 497 

378 694 521 
645 128 973 
912 375 846 
===========
123 456 789 
456 789 132 
789 213 654 

297 861 345 
564 932 817 
831 574 296 

378 695 421 
645 128 973 
912 347 568 
===========
123 456 789 
456 789 132 
789 213 654 

297 861 345 
564 937 218 
831 524 967 

378 695 421 
645 172 893 
912 348 576 
===========
123 456 789 
456 789 132 
789 213 654 

297 861 345 
564 937 218 
831 524 976 

378 695 421 
645 172 893 
912 348 567 
===========
123 456 789 
456 789 132 
789 213 654 

297 861 345 
564 932 817 
831 574 926 

378 625 491 
645 198 273 
912 347 568 
===========
123 456 789 
456 789 132 
789 213 654 

297 861 345 
564 932 817 
831 547 296 

378 695 421 
645 128 973 
912 374 568 
===========
123 456 789 
456 789 132 
789 213 654 

297 861 345 
564 932 817 
831 547 296 

378 694 521 
645 128 973 
912 375 468 
===========
123 456 789 
456 789 132 
789 213 654 

297 861 345 
564 932 817 
831 547 926 

378 625 491 
645 198 273 
912 374 568 
===========
123 456 789 
456 789 132 
789 213 654 

297 861 345 
564 932 817 
831 547 926 

378 624 591 
645 198 273 
912 375 468 
===========
123 456 789 
456 789 132 
789 213 654 

297 861 543 
564 932 871 
831 547 926 

378 694 215 
645 128 397 
912 375 468 
===========
123 456 789 
456 789 132 
789 213 654 

297 861 543 
564 937 218 
831 542 976 

378 695 421 
645 128 397 
912 374 865 
===========
123 456 789 
456 789 132 
789 213 654 

297 861 543 
564 937 821 
831 542 976 

378 694 215 
645 128 397 
912 375 468 
===========
123 456 789 
456 789 132 
789 213 654 

297 861 543 
564 932 871 
831 547 296 

378 624 915 
645 198 327 
912 375 468 
===========
123 456 789 
456 789 132 
789 213 654 

297 861 543 
564 937 218 
831 542 976 

378 625 491 
645 198 327 
912 374 865 
===========
123 456 789 
456 789 132 
789 213 654 

297 864 315 
564 931 278 
831 572 946 

378 695 421 
645 127 893 
912 348 567 
===========
123 456 789 
456 789 132 
789 213 654 

297 864 315 
564 931 827 
831 572 496 

378 695 241 
645 128 973 
912 347 568 
===========
123 456 789 
456 789 132 
789 213 654 

297 864 315 
564 931 278 
831 527 496 

378 692 541 
645 178 923 
912 345 867 
===========
123 456 789 
456 789 132 
789 213 654 

297 864 315 
564 931 278 
831 527 946 

378 695 421 
645 172 893 
912 348 567 
===========
123 456 789 
456 789 132 
789 213 654 

297 864 315 
564 931 278 
831 572 496 

378 625 941 
645 197 823 
912 348 567 
===========
123 456 789 
456 789 132 
789 213 654 

297 864 315 
564 931 278 
831 572 946 

378 625 491 
645 197 823 
912 348 567 
===========
123 456 789 
456 789 132 
789 213 654 

297 864 315 
564 931 827 
831 572 496 

378 625 941 
645 198 273 
912 347 568 
===========
123 456 789 
456 789 132 
789 213 654 

297 864 315 
564 931 827 
831 572 946 

378 625 491 
645 198 273 
912 347 568 
===========
123 456 789 
456 789 132 
789 213 654 

297 864 315 
564 931 827 
831 527 946 

378 642 591 
645 198 273 
912 375 468 
===========
123 456 789 
456 789 132 
789 213 654 

297 864 513 
564 931 278 
831 572 946 

378 695 421 
645 128 397 
912 347 865 
===========
123 456 789 
456 789 132 
789 213 654 

297 864 513 
564 931 278 
831 572 496 

378 625 941 
645 198 327 
912 347 865 
===========
123 456 789 
456 789 132 
789 213 654 

297 864 513 
564 931 278 
831 572 946 

378 625 491 
645 198 327 
912 347 865 
===========
123 456 789 
456 789 132 
789 213 654 

297 864 513 
564 931 827 
831 527 946 

378 645 291 
645 192 378 
912 378 465 
===========
123 456 789 
456 789 132 
789 213 654 

297 531 468 
564 827 391 
831 964 527 

378 642 915 
645 198 273 
912 375 846 
===========
123 456 789 
456 789 132 
789 213 654 

297 531 468 
564 827 913 
831 964 275 

378 642 591 
645 198 327 
912 375 846 
===========
123 456 789 
456 789 132 
789 213 654 

297 531 846 
564 872 913 
831 964 275 

378 695 421 
645 128 397 
912 347 568 
===========
123 456 789 
456 789 132 
789 213 654 

297 531 846 
564 872 913 
831 964 275 

378 695 421 
645 127 398 
912 348 567 
===========
123 456 789 
456 789 132 
789 213 654 

297 531 846 
564 827 913 
831 964 275 

378 695 421 
645 172 398 
912 348 567 
===========
123 456 789 
456 789 132 
789 213 654 

297 531 846 
564 872 913 
831 964 275 

378 625 491 
645 198 327 
912 347 568 
===========
123 456 789 
456 789 132 
789 213 654 

297 531 846 
564 872 913 
831 964 275 

378 625 491 
645 197 328 
912 348 567 
===========
123 456 789 
456 789 132 
789 213 654 

297 531 846 
564 827 391 
831 964 527 

378 642 915 
645 198 273 
912 375 468 
===========
123 456 789 
456 789 132 
789 213 654 

297 531 846 
564 827 913 
831 964 275 

378 642 591 
645 198 327 
912 375 468 
===========
123 456 789 
456 789 132 
789 213 654 

297 531 846 
564 827 913 
831 964 527 

378 645 291 
645 192 378 
912 378 465 
===========
123 456 789 
456 789 132 
789 213 654 

297 534 816 
564 871 923 
831 962 475 

378 695 241 
645 128 397 
912 347 568 
===========
123 456 789 
456 789 132 
789 213 654 

297 534 816 
564 871 923 
831 962 475 

378 695 241 
645 127 398 
912 348 567 
===========
123 456 789 
456 789 132 
789 213 654 

297 534 816 
564 821 973 
831 967 245 

378 695 421 
645 172 398 
912 348 567 
===========
123 456 789 
456 789 132 
789 213 654 

297 534 816 
564 821 973 
831 967 425 

378 695 241 
645 172 398 
912 348 567 
===========
123 456 789 
456 789 132 
789 213 654 

297 534 816 
564 871 293 
831 962 475 

378 625 941 
645 198 327 
912 347 568 
===========
123 456 789 
456 789 132 
789 213 654 

297 534 816 
564 871 293 
831 962 475 

378 625 941 
645 197 328 
912 348 567 
===========
123 456 789 
456 789 132 
789 213 654 

297 534 816 
564 821 973 
831 967 245 

378 642 591 
645 198 327 
912 375 468 
===========
123 456 789 
456 789 132 
789 213 654 

297 541 368 
564 832 917 
831 967 425 

378 624 591 
645 198 273 
912 375 846 
===========
123 456 789 
456 789 132 
789 213 654 

297 561 348 
564 832 917 
831 974 265 

378 695 421 
645 127 893 
912 348 576 
===========
123 456 789 
456 789 132 
789 213 654 

297 561 348 
564 837 291 
831 924 567 

378 692 415 
645 178 923 
912 345 876 
===========
123 456 789 
456 789 132 
789 213 654 

297 561 348 
564 837 291 
831 924 576 

378 692 415 
645 178 923 
912 345 867 
===========
123 456 789 
456 789 132 
789 213 654 

297 561 348 
564 837 921 
831 924 567 

378 692 415 
645 178 293 
912 345 876 
===========
123 456 789 
456 789 132 
789 213 654 

297 561 348 
564 837 921 
831 924 576 

378 692 415 
645 178 293 
912 345 867 
===========
123 456 789 
456 789 132 
789 213 654 

297 561 348 
564 832 917 
831 974 526 

378 625 491 
645 198 273 
912 347 865 
===========
123 456 789 
456 789 132 
789 213 654 

297 561 348 
564 832 917 
831 974 265 

378 625 491 
645 197 823 
912 348 576 
===========
123 456 789 
456 789 132 
789 213 654 

297 561 348 
564 832 917 
831 947 526 

378 625 491 
645 198 273 
912 374 865 
===========
123 456 789 
456 789 132 
789 213 654 

297 561 843 
564 832 917 
831 974 265 

378 695 421 
645 127 398 
912 348 576 
===========
123 456 789 
456 789 132 
789 213 654 

297 561 843 
564 832 917 
831 974 265 

378 625 491 
645 197 328 
912 348 576 
===========
123 456 789 
456 789 132 
789 213 654 

297 561 843 
564 832 971 
831 947 526 

378 694 215 
645 128 397 
912 375 468 
===========
123 456 789 
456 789 132 
789 213 654 

297 561 843 
564 837 921 
831 942 576 

378 694 215 
645 128 397 
912 375 468 
===========
123 456 789 
456 789 132 
789 213 654 

297 561 843 
564 837 291 
831 942 576 

378 624 915 
645 198 327 
912 375 468 
===========
123 456 789 
456 789 132 
789 213 654 

297 561 843 
564 837 291 
831 924 576 

378 642 915 
645 198 327 
912 375 468 
===========
123 456 789 
456 789 132 
789 213 654 

297 564 318 
564 831 297 
831 972 546 

378 695 421 
645 128 973 
912 347 865 
===========
123 456 789 
456 789 132 
789 213 654 

297 564 318 
564 831 927 
831 972 465 

378 695 241 
645 127 893 
912 348 576 
===========
123 456 789 
456 789 132 
789 213 654 

297 564 318 
564 831 297 
831 927 465 

378 692 541 
645 178 923 
912 345 876 
===========
123 456 789 
456 789 132 
789 213 654 

297 564 318 
564 831 927 
831 927 465 

378 692 541 
645 178 293 
912 345 876 
===========
123 456 789 
456 789 132 
789 213 654 

297 564 318 
564 831 927 
831 927 465 

378 695 241 
645 172 893 
912 348 576 
===========
123 456 789 
456 789 132 
789 213 654 

297 564 318 
564 831 297 
831 972 465 

378 625 941 
645 197 823 
912 348 576 
===========
123 456 789 
456 789 132 
789 213 654 

297 564 318 
564 831 927 
831 972 546 

378 625 491 
645 198 273 
912 347 865 
===========
123 456 789 
456 789 132 
789 213 654 

297 564 318 
564 831 297 
831 927 465 

378 645 921 
645 192 873 
912 378 546 
===========
123 456 789 
456 789 132 
789 213 654 

297 564 318 
564 831 297 
831 927 546 

378 645 921 
645 192 873 
912 378 465 
===========
