123 456 789 
456 789 132 
789 231 546 

297 813 465 
564 972 318 
831 645 297 

378 594 621 
645 128 973 
912 367 854 
===========
123 456 789 
456 789 132 
789 231 546 

297 813 465 
564 972 318 
831 645 927 

378 524 691 
645 198 273 
912 367 854 
===========
123 456 789 
456 789 132 
789 231 546 

297 813 465 
564 927 318 
831 645 297 

378 564 921 
645 192 873 
912 378 654 
===========
123 456 789 
456 789 132 
789 231 546 

297 813 465 
564 927 318 
831 645 927 

378 564 291 
645 192 873 
912 378 654 
===========
123 456 789 
456 789 132 
789 231 546 

297 813 465 
564 927 813 
831 645 297 

378 564 921 
645 192 378 
912 378 654 
===========
123 456 789 
456 789 132 
789 231 546 

297 813 465 
564 927 813 
831 645 927 

378 564 291 
645 192 378 
912 378 654 
===========
123 456 789 
456 789 132 
789 231 546 

297 813 654 
564 972 318 
831 645 927 

378 594 261 
645 127 893 
912 368 475 
===========
123 456 789 
456 789 132 
789 231 546 

297 813 654 
564 972 813 
831 645 927 

378 594 261 
645 127 398 
912 368 475 
===========
123 456 789 
456 789 132 
789 231 546 

297 813 654 
564 927 318 
831 645 297 

378 592 461 
645 178 923 
912 364 875 
===========
123 456 789 
456 789 132 
789 231 546 

297 813 654 
564 927 318 
831 645 927 

378 592 461 
645 178 293 
912 364 875 
===========
123 456 789 
456 789 132 
789 231 546 

297 813 654 
564 927 318 
831 645 927 

378 594 261 
645 172 893 
912 368 475 
===========
123 456 789 
456 789 132 
789 231 546 

297 813 654 
564 927 813 
831 645 927 

378 594 261 
645 172 398 
912 368 475 
===========
123 456 789 
456 789 132 
789 231 546 

297 813 654 
564 972 318 
831 645 297 

378 524 961 
645 197 823 
912 368 475 
===========
123 456 789 
456 789 132 
789 231 546 

297 813 654 
564 972 813 
831 645 297 

378 524 961 
645 197 328 
912 368 475 
===========
123 456 789 
456 789 132 
789 231 546 

297 813 654 
564 927 318 
831 645 927 

378 562 491 
645 198 273 
912 374 865 
===========
123 456 789 
456 789 132 
789 231 546 

297 813 654 
564 927 318 
831 645 297 

378 564 921 
645 192 873 
912 378 465 
===========
123 456 789 
456 789 132 
789 231 546 

297 813 654 
564 927 318 
831 645 927 

378 564 291 
645 192 873 
912 378 465 
===========
123 456 789 
456 789 132 
789 231 546 

297 813 654 
564 927 813 
831 645 297 

378 564 921 
645 192 378 
912 378 465 
===========
123 456 789 
456 789 132 
789 231 546 

297 813 654 
564 927 813 
831 645 927 

378 564 291 
645 192 378 
912 378 465 
===========
123 456 789 
456 789 132 
789 231 546 

297 814 365 
564 973 218 
831 625 974 

378 562 491 
645 197 823 
912 348 657 
===========
123 456 789 
456 789 132 
789 231 546 

297 814 365 
564 973 821 
831 625 497 

378 562 914 
645 198 273 
912 347 658 
===========
123 456 789 
456 789 132 
789 231 546 

297 814 365 
564 923 817 
831 675 924 

378 562 491 
645 198 273 
912 347 658 
===========
123 456 789 
456 789 132 
789 231 546 

297 814 365 
564 973 218 
831 625 974 

378 542 691 
645 197 823 
912 368 457 
===========
123 456 789 
456 789 132 
789 231 546 

297 814 365 
564 923 817 
831 675 924 

378 542 691 
645 198 273 
912 367 458 
===========
123 456 789 
456 789 132 
789 231 546 

297 814 653 
564 973 218 
831 625 974 

378 562 491 
645 198 327 
912 347 865 
===========
123 456 789 
456 789 132 
789 231 546 

297 814 653 
564 923 817 
831 675 294 

378 542 961 
645 197 328 
912 368 475 
===========
123 456 789 
456 789 132 
789 231 546 

297 815 364 
564 973 218 
831 624 957 

378 562 491 
645 197 823 
912 348 675 
===========
123 456 789 
456 789 132 
789 231 546 

297 815 364 
564 973 218 
831 624 975 

378 562 491 
645 197 823 
912 348 657 
===========
123 456 789 
456 789 132 
789 231 546 

297 815 364 
564 923 817 
831 674 925 

378 562 491 
645 198 273 
912 347 658 
===========
123 456 789 
456 789 132 
789 231 546 

297 815 364 
564 973 218 
831 642 957 

378 594 621 
645 127 893 
912 368 475 
===========
123 456 789 
456 789 132 
789 231 546 

297 815 364 
564 973 218 
831 642 975 

378 594 621 
645 127 893 
912 368 457 
===========
123 456 789 
456 789 132 
789 231 546 

297 815 364 
564 973 218 
831 642 957 

378 524 691 
645 197 823 
912 368 475 
===========
123 456 789 
456 789 132 
789 231 546 

297 815 364 
564 973 218 
831 642 975 

378 524 691 
645 197 823 
912 368 457 
===========
123 456 789 
456 789 132 
789 231 546 

297 815 364 
564 973 218 
831 624 957 

378 542 691 
645 197 823 
912 368 475 
===========
123 456 789 
456 789 132 
789 231 546 

297 815 364 
564 973 218 
831 624 975 

378 542 691 
645 197 823 
912 368 457 
===========
123 456 789 
456 789 132 
789 231 546 

297 815 364 
564 923 817 
831 674 925 

378 542 691 
645 198 273 
912 367 458 
===========
123 456 789 
456 789 132 
789 231 546 

297 815 364 
564 923 817 
831 647 925 

378 562 491 
645 198 273 
912 374 658 
===========
123 456 789 
456 789 132 
789 231 546 

297 815 463 
564 923 871 
831 674 295 

378 562 914 
645 198 327 
912 347 658 
===========
123 456 789 
456 789 132 
789 231 546 

297 815 463 
564 923 871 
831 674 295 

378 562 914 
645 197 328 
912 348 657 
===========
123 456 789 
456 789 132 
789 231 546 

297 815 463 
564 973 218 
831 642 975 

378 594 621 
645 128 397 
912 367 854 
===========
123 456 789 
456 789 132 
789 231 546 

297 815 463 
564 973 218 
831 642 975 

378 524 691 
645 198 327 
912 367 854 
===========
123 456 789 
456 789 132 
789 231 546 

297 815 463 
564 973 218 
831 624 975 

378 542 691 
645 198 327 
912 367 854 
===========
123 456 789 
456 789 132 
789 231 546 

297 815 463 
564 923 817 
831 647 295 

378 564 921 
645 192 378 
912 378 654 
===========
123 456 789 
456 789 132 
789 231 546 

297 815 463 
564 923 817 
831 647 925 

378 564 291 
645 192 378 
912 378 654 
===========
123 456 789 
456 789 132 
789 231 546 

297 815 463 
564 923 871 
831 647 295 

378 562 914 
645 198 327 
912 374 658 
===========
123 456 789 
456 789 132 
789 231 546 

297 843 615 
564 912 378 
831 675 924 

378 594 261 
645 127 893 
912 368 457 
===========
123 456 789 
456 789 132 
789 231 546 

297 843 615 
564 912 873 
831 675 924 

378 594 261 
645 128 397 
912 367 458 
===========
123 456 789 
456 789 132 
789 231 546 

297 843 615 
564 912 873 
831 675 924 

378 594 261 
645 127 398 
912 368 457 
===========
123 456 789 
456 789 132 
789 231 546 

297 843 615 
564 917 328 
831 625 974 

378 592 461 
645 178 293 
912 364 857 
===========
123 456 789 
456 789 132 
789 231 546 

297 843 615 
564 917 328 
831 625 974 

378 594 261 
645 172 893 
912 368 457 
===========
123 456 789 
456 789 132 
789 231 546 

297 843 615 
564 917 823 
831 625 974 

378 594 261 
645 172 398 
912 368 457 
===========
123 456 789 
456 789 132 
789 231 546 

297 843 615 
564 912 378 
831 675 294 

378 524 961 
645 197 823 
912 368 457 
===========
123 456 789 
456 789 132 
789 231 546 

297 843 615 
564 912 873 
831 675 294 

378 524 961 
645 198 327 
912 367 458 
===========
123 456 789 
456 789 132 
789 231 546 

297 843 615 
564 912 873 
831 675 294 

378 524 961 
645 197 328 
912 368 457 
===========
123 456 789 
456 789 132 
789 231 546 

297 843 651 
564 917 328 
831 625 497 

378 562 914 
645 198 273 
912 374 865 
===========
123 456 789 
456 789 132 
789 231 546 

297 845 361 
564 913 278 
831 627 495 

378 592 614 
645 178 923 
912 364 857 
===========
123 456 789 
456 789 132 
789 231 546 

297 845 361 
564 913 827 
831 627 495 

378 562 914 
645 198 273 
912 374 658 
===========
123 456 789 
456 789 132 
789 231 546 

297 845 613 
564 913 827 
831 672 954 

378 594 261 
645 127 398 
912 368 475 
===========
123 456 789 
456 789 132 
789 231 546 

297 845 613 
564 913 827 
831 627 954 

378 594 261 
645 172 398 
912 368 475 
===========
123 456 789 
456 789 132 
789 231 546 

297 845 613 
564 913 278 
831 672 495 

378 524 961 
645 198 327 
912 367 854 
===========
123 456 789 
456 789 132 
789 231 546 

297 845 613 
564 913 278 
831 627 954 

378 562 491 
645 198 327 
912 374 865 
===========
123 456 789 
456 789 132 
789 231 546 

297 845 613 
564 913 827 
831 627 954 

378 564 291 
645 192 378 
912 378 465 
===========
123 456 789 
456 789 132 
789 231 546 

297 613 458 
564 827 391 
831 945 267 

378 592 614 
645 178 923 
912 364 875 
===========
123 456 789 
456 789 132 
789 231 546 

297 613 458 
564 827 391 
831 945 627 

378 562 914 
645 198 273 
912 374 865 
===========
123 456 789 
456 789 132 
789 231 546 

297 613 854 
564 872 913 
831 945 267 

378 594 621 
645 127 398 
912 368 475 
===========
123 456 789 
456 789 132 
789 231 546 

297 613 854 
564 872 913 
831 945 627 

378 594 261 
645 127 398 
912 368 475 
===========
123 456 789 
456 789 132 
789 231 546 

297 613 854 
564 827 913 
831 945 267 

378 594 621 
645 172 398 
912 368 475 
===========
123 456 789 
456 789 132 
789 231 546 

297 613 854 
564 827 913 
831 945 627 

378 594 261 
645 172 398 
912 368 475 
===========
123 456 789 
456 789 132 
789 231 546 

297 613 854 
564 872 913 
831 945 267 

378 524 691 
645 197 328 
912 368 475 
===========
123 456 789 
456 789 132 
789 231 546 

297 613 854 
564 827 913 
831 945 627 

378 564 291 
645 192 378 
912 378 465 
===========
123 456 789 
456 789 132 
789 231 546 

297 614 358 
564 873 291 
831 925 467 

378 562 914 
645 197 823 
912 348 675 
===========
123 456 789 
456 789 132 
789 231 546 

297 614 358 
564 823 917 
831 975 624 

378 562 491 
645 198 273 
912 347 865 
===========
123 456 789 
456 789 132 
789 231 546 

297 614 358 
564 823 917 
831 975 264 

378 562 491 
645 197 823 
912 348 675 
===========
123 456 789 
456 789 132 
789 231 546 

297 614 358 
564 823 917 
831 975 264 

378 542 691 
645 197 823 
912 368 475 
===========
123 456 789 
456 789 132 
789 231 546 

297 614 853 
564 873 291 
831 925 467 

378 562 914 
645 197 328 
912 348 675 
===========
123 456 789 
456 789 132 
789 231 546 

297 614 853 
564 823 917 
831 975 264 

378 562 491 
645 197 328 
912 348 675 
===========
123 456 789 
456 789 132 
789 231 546 

297 614 853 
564 823 917 
831 975 264 

378 542 691 
645 197 328 
912 368 475 
===========
123 456 789 
456 789 132 
789 231 546 

297 643 815 
564 812 397 
831 975 264 

378 594 621 
645 128 973 
912 367 458 
===========
123 456 789 
456 789 132 
789 231 546 

297 643 815 
564 812 397 
831 975 624 

378 594 261 
645 128 973 
912 367 458 
===========
123 456 789 
456 789 132 
789 231 546 

297 643 815 
564 812 973 
831 975 264 

378 594 621 
645 128 397 
912 367 458 
===========
123 456 789 
456 789 132 
789 231 546 

297 643 815 
564 812 973 
831 975 624 

378 594 261 
645 128 397 
912 367 458 
===========
123 456 789 
456 789 132 
789 231 546 

297 643 815 
564 812 973 
831 975 264 

378 594 621 
645 127 398 
912 368 457 
===========
123 456 789 
456 789 132 
789 231 546 

297 643 815 
564 812 973 
831 975 624 

378 594 261 
645 127 398 
912 368 457 
===========
123 456 789 
456 789 132 
789 231 546 

297 643 815 
564 817 923 
831 925 674 

378 594 261 
645 172 398 
912 368 457 
===========
123 456 789 
456 789 132 
789 231 546 

297 643 815 
564 812 397 
831 975 624 

378 524 961 
645 198 273 
912 367 458 
===========
123 456 789 
456 789 132 
789 231 546 

297 643 815 
564 812 973 
831 975 264 

378 524 691 
645 198 327 
912 367 458 
===========
123 456 789 
456 789 132 
789 231 546 

297 643 815 
564 812 973 
831 975 264 

378 524 691 
645 197 328 
912 368 457 
===========
123 456 789 
456 789 132 
789 231 546 

297 643 815 
564 817 293 
831 925 467 

378 564 921 
645 192 378 
912 378 654 
===========
123 456 789 
456 789 132 
789 231 546 

297 643 815 
564 817 923 
831 925 467 

378 564 291 
645 192 378 
912 378 654 
===========
123 456 789 
456 789 132 
789 231 546 

297 645 318 
564 813 297 
831 972 465 

378 594 621 
645 128 973 
912 367 854 
===========
123 456 789 
456 789 132 
789 231 546 

297 645 318 
564 813 927 
831 972 654 

378 594 261 
645 127 893 
912 368 475 
===========
123 456 789 
456 789 132 
789 231 546 

297 645 318 
564 813 297 
831 927 654 

378 592 461 
645 178 923 
912 364 875 
===========
123 456 789 
456 789 132 
789 231 546 

297 645 318 
564 813 927 
831 927 654 

378 592 461 
645 178 293 
912 364 875 
===========
123 456 789 
456 789 132 
789 231 546 

297 645 318 
564 813 927 
831 927 654 

378 594 261 
645 172 893 
912 368 475 
===========
123 456 789 
456 789 132 
789 231 546 

297 645 318 
564 813 297 
831 972 654 

378 524 961 
645 197 823 
912 368 475 
===========
123 456 789 
456 789 132 
789 231 546 

297 645 318 
564 813 927 
831 972 465 

378 524 691 
645 198 273 
912 367 854 
===========
123 456 789 
456 789 132 
789 231 546 

297 645 318 
564 813 297 
831 927 465 

378 564 921 
645 192 873 
912 378 654 
===========
123 456 789 
456 789 132 
789 231 546 

297 645 318 
564 813 297 
831 927 654 

378 564 921 
645 192 873 
912 378 465 
===========
123 456 789 
456 789 132 
789 231 546 

297 645 318 
564 813 927 
831 927 654 

378 562 491 
645 198 273 
912 374 865 
===========
123 456 789 
456 789 132 
789 231 546 

297 645 318 
564 813 927 
831 927 465 

378 564 291 
645 192 873 
912 378 654 
===========
123 456 789 
456 789 132 
789 231 546 

297 645 318 
564 813 927 
831 927 654 

378 564 291 
645 192 873 
912 378 465 
===========
123 456 789 
456 789 132 
789 231 546 

297 645 813 
564 813 927 
831 972 654 

378 594 261 
645 127 398 
912 368 475 
===========
123 456 789 
456 789 132 
789 231 546 

297 645 813 
564 813 927 
831 927 654 

378 594 261 
645 172 398 
912 368 475 
===========
123 456 789 
456 789 132 
789 231 546 

297 645 813 
564 813 297 
831 972 654 

378 524 961 
645 197 328 
912 368 475 
===========
123 456 789 
456 789 132 
789 231 546 

297 645 813 
564 813 297 
831 927 465 

378 564 921 
645 192 378 
912 378 654 
===========
123 456 789 
456 789 132 
789 231 546 

297 645 813 
564 813 297 
831 927 654 

378 564 921 
645 192 378 
912 378 465 
===========
123 456 789 
456 789 132 
789 231 546 

297 645 813 
564 813 927 
831 927 465 

378 564 291 
645 192 378 
912 378 654 
===========
123 456 789 
456 789 132 
789 231 546 

297 645 813 
564 813 927 
831 927 654 

378 564 291 
645 192 378 
912 378 465 
===========
123 456 789 
456 789 132 
789 231 546 

297 813 465 
564 927 318 
831 564 297 

378 645 921 
645 192 873 
912 378 654 
===========
123 456 789 
456 789 132 
789 231 546 

297 813 465 
564 927 318 
831 564 927 

378 645 291 
645 192 873 
912 378 654 
===========
123 456 789 
456 789 132 
789 231 546 

297 813 465 
564 927 813 
831 564 297 

378 645 921 
645 192 378 
912 378 654 
===========
123 456 789 
456 789 132 
789 231 546 

297 813 465 
564 927 813 
831 564 927 

378 645 291 
645 192 378 
912 378 654 
===========
123 456 789 
456 789 132 
789 231 546 

297 813 654 
564 972 318 
831 564 297 

378 695 421 
645 128 973 
912 347 865 
===========
123 456 789 
456 789 132 
789 231 546 

297 813 654 
564 972 318 
831 564 927 

378 625 491 
645 198 273 
912 347 865 
===========
123 456 789 
456 789 132 
789 231 546 

297 813 654 
564 927 318 
831 564 297 

378 645 921 
645 192 873 
912 378 465 
===========
123 456 789 
456 789 132 
789 231 546 

297 813 654 
564 927 318 
831 564 927 

378 645 291 
645 192 873 
912 378 465 
===========
123 456 789 
456 789 132 
789 231 546 

297 813 654 
564 927 813 
831 564 297 

378 645 921 
645 192 378 
912 378 465 
===========
123 456 789 
456 789 132 
789 231 546 

297 813 654 
564 927 813 
831 564 927 

378 645 291 
645 192 378 
912 378 465 
===========
123 456 789 
456 789 132 
789 231 546 

297 814 365 
564 973 218 
831 562 974 

378 695 421 
645 127 893 
912 348 657 
===========
123 456 789 
456 789 132 
789 231 546 

297 814 365 
564 973 821 
831 562 497 

378 695 214 
645 128 973 
912 347 658 
===========
123 456 789 
456 789 132 
789 231 546 

297 814 365 
564 923 817 
831 567 294 

378 692 451 
645 178 923 
912 345 678 
===========
123 456 789 
456 789 132 
789 231 546 

297 814 365 
564 923 817 
831 567 924 

378 692 451 
645 178 293 
912 345 678 
===========
123 456 789 
456 789 132 
789 231 546 

297 814 365 
564 973 218 
831 562 974 

378 625 491 
645 197 823 
912 348 657 
===========
123 456 789 
456 789 132 
789 231 546 

297 814 365 
564 973 821 
831 562 497 

378 625 914 
645 198 273 
912 347 658 
===========
123 456 789 
456 789 132 
789 231 546 

297 814 653 
564 973 218 
831 562 974 

378 695 421 
645 128 397 
912 347 865 
===========
123 456 789 
456 789 132 
789 231 546 

297 814 653 
564 973 218 
831 562 974 

378 625 491 
645 198 327 
912 347 865 
===========
123 456 789 
456 789 132 
789 231 546 

297 814 653 
564 923 817 
831 567 294 

378 645 921 
645 192 378 
912 378 465 
===========
123 456 789 
456 789 132 
789 231 546 

297 814 653 
564 923 817 
831 567 924 

378 645 291 
645 192 378 
912 378 465 
===========
123 456 789 
456 789 132 
789 231 546 

297 814 653 
564 923 871 
831 567 294 

378 642 915 
645 198 327 
912 375 468 
===========
123 456 789 
456 789 132 
789 231 546 

297 843 615 
564 912 873 
831 567 924 

378 694 251 
645 128 397 
912 375 468 
===========
123 456 789 
456 789 132 
789 231 546 

297 843 615 
564 917 328 
831 562 497 

378 694 251 
645 128 973 
912 375 864 
===========
123 456 789 
456 789 132 
789 231 546 

297 843 615 
564 917 823 
831 562 974 

378 694 251 
645 128 397 
912 375 468 
===========
123 456 789 
456 789 132 
789 231 546 

297 843 615 
564 912 873 
831 567 294 

378 624 951 
645 198 327 
912 375 468 
===========
123 456 789 
456 789 132 
789 231 546 

297 843 615 
564 917 328 
831 562 497 

378 624 951 
645 198 273 
912 375 864 
===========
123 456 789 
456 789 132 
789 231 546 

297 843 651 
564 912 873 
831 567 924 

378 694 215 
645 128 397 
912 375 468 
===========
123 456 789 
456 789 132 
789 231 546 

297 843 651 
564 917 328 
831 562 497 

378 695 214 
645 128 973 
912 374 865 
===========
123 456 789 
456 789 132 
789 231 546 

297 843 651 
564 917 328 
831 562 497 

378 694 215 
645 128 973 
912 375 864 
===========
123 456 789 
456 789 132 
789 231 546 

297 843 651 
564 917 823 
831 562 974 

378 694 215 
645 128 397 
912 375 468 
===========
123 456 789 
456 789 132 
789 231 546 

297 843 651 
564 912 873 
831 567 294 

378 624 915 
645 198 327 
912 375 468 
===========
123 456 789 
456 789 132 
789 231 546 

297 843 651 
564 917 328 
831 562 497 

378 625 914 
645 198 273 
912 374 865 
===========
123 456 789 
456 789 132 
789 231 546 

297 843 651 
564 917 328 
831 562 497 

378 624 915 
645 198 273 
912 375 864 
===========
123 456 789 
456 789 132 
789 231 546 

297 863 415 
564 917 328 
831 542 697 

378 694 251 
645 128 973 
912 375 864 
===========
123 456 789 
456 789 132 
789 231 546 

297 863 415 
564 917 328 
831 542 697 

378 624 951 
645 198 273 
912 375 864 
===========
123 456 789 
456 789 132 
789 231 546 

297 863 415 
564 917 328 
831 524 697 

378 642 951 
645 198 273 
912 375 864 
===========
123 456 789 
456 789 132 
789 231 546 

297 863 415 
564 917 328 
831 524 967 

378 645 291 
645 192 873 
912 378 654 
===========
123 456 789 
456 789 132 
789 231 546 

297 863 415 
564 917 823 
831 524 967 

378 645 291 
645 192 378 
912 378 654 
===========
123 456 789 
456 789 132 
789 231 546 

297 863 451 
564 917 328 
831 524 967 

378 695 214 
645 172 893 
912 348 675 
===========
123 456 789 
456 789 132 
789 231 546 

297 863 451 
564 917 823 
831 524 967 

378 695 214 
645 172 398 
912 348 675 
===========
123 456 789 
456 789 132 
789 231 546 

297 863 451 
564 917 328 
831 542 697 

378 695 214 
645 128 973 
912 374 865 
===========
123 456 789 
456 789 132 
789 231 546 

297 863 451 
564 917 328 
831 542 697 

378 694 215 
645 128 973 
912 375 864 
===========
123 456 789 
456 789 132 
789 231 546 

297 863 451 
564 917 328 
831 542 697 

378 625 914 
645 198 273 
912 374 865 
===========
123 456 789 
456 789 132 
789 231 546 

297 863 451 
564 917 328 
831 542 697 

378 624 915 
645 198 273 
912 375 864 
===========
123 456 789 
456 789 132 
789 231 546 

297 863 451 
564 917 328 
831 524 697 

378 642 915 
645 198 273 
912 375 864 
===========
123 456 789 
456 789 132 
789 231 546 

297 864 315 
564 913 278 
831 572 964 

378 695 421 
645 127 893 
912 348 657 
===========
123 456 789 
456 789 132 
789 231 546 

297 864 315 
564 913 278 
831 527 694 

378 692 451 
645 178 923 
912 345 867 
===========
123 456 789 
456 789 132 
789 231 546 

297 864 315 
564 913 278 
831 527 964 

378 695 421 
645 172 893 
912 348 657 
===========
123 456 789 
456 789 132 
789 231 546 

297 864 315 
564 913 827 
831 527 964 

378 692 451 
645 178 293 
912 345 678 
===========
123 456 789 
456 789 132 
789 231 546 

297 864 315 
564 913 278 
831 572 964 

378 625 491 
645 197 823 
912 348 657 
===========
123 456 789 
456 789 132 
789 231 546 

297 864 315 
564 913 827 
831 572 964 

378 625 491 
645 198 273 
912 347 658 
===========
123 456 789 
456 789 132 
789 231 546 

297 864 315 
564 913 827 
831 527 694 

378 642 951 
645 198 273 
912 375 468 
===========
123 456 789 
456 789 132 
789 231 546 

297 864 351 
564 913 278 
831 527 694 

378 692 415 
645 178 923 
912 345 867 
===========
123 456 789 
456 789 132 
789 231 546 

297 864 351 
564 913 827 
831 527 964 

378 692 415 
645 178 293 
912 345 678 
===========
123 456 789 
456 789 132 
789 231 546 

297 864 351 
564 913 827 
831 527 694 

378 642 915 
645 198 273 
912 375 468 
===========
123 456 789 
456 789 132 
789 231 546 

297 513 468 
564 872 391 
831 964 257 

378 625 914 
645 197 823 
912 348 675 
===========
123 456 789 
456 789 132 
789 231 546 

297 513 468 
564 872 391 
831 964 275 

378 625 914 
645 197 823 
912 348 657 
===========
123 456 789 
456 789 132 
789 231 546 

297 513 864 
564 872 913 
831 964 275 

378 695 421 
645 128 397 
912 347 658 
===========
123 456 789 
456 789 132 
789 231 546 

297 513 864 
564 872 913 
831 964 257 

378 695 421 
645 127 398 
912 348 675 
===========
123 456 789 
456 789 132 
789 231 546 

297 513 864 
564 872 913 
831 964 275 

378 695 421 
645 127 398 
912 348 657 
===========
123 456 789 
456 789 132 
789 231 546 

297 513 864 
564 827 391 
831 964 257 

378 692 415 
645 178 923 
912 345 678 
===========
123 456 789 
456 789 132 
789 231 546 

297 513 864 
564 827 913 
831 964 257 

378 695 421 
645 172 398 
912 348 675 
===========
123 456 789 
456 789 132 
789 231 546 

297 513 864 
564 827 913 
831 964 275 

378 695 421 
645 172 398 
912 348 657 
===========
123 456 789 
456 789 132 
789 231 546 

297 513 864 
564 872 913 
831 964 275 

378 625 491 
645 198 327 
912 347 658 
===========
123 456 789 
456 789 132 
789 231 546 

297 513 864 
564 872 913 
831 964 257 

378 625 491 
645 197 328 
912 348 675 
===========
123 456 789 
456 789 132 
789 231 546 

297 513 864 
564 872 913 
831 964 275 

378 625 491 
645 197 328 
912 348 657 
===========
123 456 789 
456 789 132 
789 231 546 

297 514 368 
564 873 921 
831 962 457 

378 695 214 
645 127 893 
912 348 675 
===========
123 456 789 
456 789 132 
789 231 546 

297 514 368 
564 873 921 
831 962 475 

378 695 214 
645 127 893 
912 348 657 
===========
123 456 789 
456 789 132 
789 231 546 

297 514 368 
564 823 917 
831 967 254 

378 695 421 
645 172 893 
912 348 675 
===========
123 456 789 
456 789 132 
789 231 546 

297 514 368 
564 823 971 
831 967 425 

378 695 214 
645 172 893 
912 348 657 
===========
123 456 789 
456 789 132 
789 231 546 

297 514 368 
564 873 291 
831 962 457 

378 625 914 
645 197 823 
912 348 675 
===========
123 456 789 
456 789 132 
789 231 546 

297 514 368 
564 873 291 
831 962 475 

378 625 914 
645 197 823 
912 348 657 
===========
123 456 789 
456 789 132 
789 231 546 

297 514 368 
564 823 917 
831 967 425 

378 645 291 
645 192 873 
912 378 654 
===========
123 456 789 
456 789 132 
789 231 546 

297 514 863 
564 873 921 
831 962 475 

378 695 214 
645 128 397 
912 347 658 
===========
123 456 789 
456 789 132 
789 231 546 

297 514 863 
564 873 921 
831 962 457 

378 695 214 
645 127 398 
912 348 675 
===========
123 456 789 
456 789 132 
789 231 546 

297 514 863 
564 873 921 
831 962 475 

378 695 214 
645 127 398 
912 348 657 
===========
123 456 789 
456 789 132 
789 231 546 

297 514 863 
564 823 917 
831 967 254 

378 695 421 
645 172 398 
912 348 675 
===========
123 456 789 
456 789 132 
789 231 546 

297 514 863 
564 823 971 
831 967 425 

378 695 214 
645 172 398 
912 348 657 
===========
123 456 789 
456 789 132 
789 231 546 

297 514 863 
564 873 291 
831 962 475 

378 625 914 
645 198 327 
912 347 658 
===========
123 456 789 
456 789 132 
789 231 546 

297 514 863 
564 873 291 
831 962 457 

378 625 914 
645 197 328 
912 348 675 
===========
123 456 789 
456 789 132 
789 231 546 

297 514 863 
564 873 291 
831 962 475 

378 625 914 
645 197 328 
912 348 657 
===========
123 456 789 
456 789 132 
789 231 546 

297 514 863 
564 823 917 
831 967 425 

378 645 291 
645 192 378 
912 378 654 
===========
123 456 789 
456 789 132 
789 231 546 

297 543 618 
564 812 397 
831 967 254 

378 695 421 
645 128 973 
912 374 865 
===========
123 456 789 
456 789 132 
789 231 546 

297 543 618 
564 812 397 
831 967 425 

378 694 251 
645 128 973 
912 375 864 
===========
123 456 789 
456 789 132 
789 231 546 

297 543 618 
564 812 973 
831 967 254 

378 695 421 
645 128 397 
912 374 865 
===========
123 456 789 
456 789 132 
789 231 546 

297 543 618 
564 812 973 
831 967 425 

378 694 251 
645 128 397 
912 375 864 
===========
123 456 789 
456 789 132 
789 231 546 

297 543 618 
564 817 923 
831 962 475 

378 694 251 
645 128 397 
912 375 864 
===========
123 456 789 
456 789 132 
789 231 546 

297 543 618 
564 812 397 
831 967 425 

378 624 951 
645 198 273 
912 375 864 
===========
123 456 789 
456 789 132 
789 231 546 

297 543 618 
564 812 973 
831 967 254 

378 625 491 
645 198 327 
912 374 865 
===========
123 456 789 
456 789 132 
789 231 546 

297 543 618 
564 817 293 
831 962 475 

378 624 951 
645 198 327 
912 375 864 
===========
123 456 789 
456 789 132 
789 231 546 

297 543 861 
564 812 397 
831 967 425 

378 695 214 
645 128 973 
912 374 658 
===========
123 456 789 
456 789 132 
789 231 546 

297 543 861 
564 812 973 
831 967 425 

378 695 214 
645 128 397 
912 374 658 
===========
123 456 789 
456 789 132 
789 231 546 

297 543 861 
564 817 923 
831 962 475 

378 695 214 
645 128 397 
912 374 658 
===========
