123 456 789 
456 789 132 
789 231 564 

297 813 456 
564 972 318 
831 645 297 

378 594 621 
645 128 973 
912 367 845 
===========
123 456 789 
456 789 132 
789 231 564 

297 813 456 
564 927 318 
831 645 297 

378 592 641 
645 178 923 
912 364 875 
===========
123 456 789 
456 789 132 
789 231 564 

297 813 456 
564 927 318 
831 645 927 

378 592 641 
645 178 293 
912 364 875 
===========
123 456 789 
456 789 132 
789 231 564 

297 813 456 
564 972 318 
831 645 927 

378 524 691 
645 198 273 
912 367 845 
===========
123 456 789 
456 789 132 
789 231 564 

297 813 456 
564 927 318 
831 645 297 

378 564 921 
645 192 873 
912 378 645 
===========
123 456 789 
456 789 132 
789 231 564 

297 813 456 
564 927 318 
831 645 927 

378 564 291 
645 192 873 
912 378 645 
===========
123 456 789 
456 789 132 
789 231 564 

297 813 456 
564 927 813 
831 645 297 

378 564 921 
645 192 378 
912 378 645 
===========
123 456 789 
456 789 132 
789 231 564 

297 813 456 
564 927 813 
831 645 927 

378 564 291 
645 192 378 
912 378 645 
===========
123 456 789 
456 789 132 
789 231 564 

297 813 645 
564 927 318 
831 645 927 

378 562 491 
645 198 273 
912 374 856 
===========
123 456 789 
456 789 132 
789 231 564 

297 813 645 
564 927 318 
831 645 297 

378 564 921 
645 192 873 
912 378 456 
===========
123 456 789 
456 789 132 
789 231 564 

297 813 645 
564 927 318 
831 645 927 

378 564 291 
645 192 873 
912 378 456 
===========
123 456 789 
456 789 132 
789 231 564 

297 813 645 
564 927 813 
831 645 297 

378 564 921 
645 192 378 
912 378 456 
===========
123 456 789 
456 789 132 
789 231 564 

297 813 645 
564 927 813 
831 645 927 

378 564 291 
645 192 378 
912 378 456 
===========
123 456 789 
456 789 132 
789 231 564 

297 814 356 
564 973 218 
831 625 497 

378 562 941 
645 197 823 
912 348 675 
===========
123 456 789 
456 789 132 
789 231 564 

297 814 356 
564 973 218 
831 625 947 

378 562 491 
645 197 823 
912 348 675 
===========
123 456 789 
456 789 132 
789 231 564 

297 814 356 
564 973 218 
831 625 947 

378 542 691 
645 197 823 
912 368 475 
===========
123 456 789 
456 789 132 
789 231 564 

297 815 346 
564 973 218 
831 624 957 

378 562 491 
645 197 823 
912 348 675 
===========
123 456 789 
456 789 132 
789 231 564 

297 815 346 
564 973 218 
831 624 975 

378 562 491 
645 197 823 
912 348 657 
===========
123 456 789 
456 789 132 
789 231 564 

297 815 346 
564 923 817 
831 674 925 

378 562 491 
645 198 273 
912 347 658 
===========
123 456 789 
456 789 132 
789 231 564 

297 815 346 
564 973 218 
831 642 957 

378 594 621 
645 127 893 
912 368 475 
===========
123 456 789 
456 789 132 
789 231 564 

297 815 346 
564 973 218 
831 642 975 

378 594 621 
645 127 893 
912 368 457 
===========
123 456 789 
456 789 132 
789 231 564 

297 815 346 
564 973 218 
831 642 957 

378 524 691 
645 197 823 
912 368 475 
===========
123 456 789 
456 789 132 
789 231 564 

297 815 346 
564 973 218 
831 642 975 

378 524 691 
645 197 823 
912 368 457 
===========
123 456 789 
456 789 132 
789 231 564 

297 815 346 
564 973 218 
831 624 957 

378 542 691 
645 197 823 
912 368 475 
===========
123 456 789 
456 789 132 
789 231 564 

297 815 346 
564 973 218 
831 624 975 

378 542 691 
645 197 823 
912 368 457 
===========
123 456 789 
456 789 132 
789 231 564 

297 815 346 
564 923 817 
831 674 925 

378 542 691 
645 198 273 
912 367 458 
===========
123 456 789 
456 789 132 
789 231 564 

297 815 346 
564 923 817 
831 647 925 

378 562 491 
645 198 273 
912 374 658 
===========
123 456 789 
456 789 132 
789 231 564 

297 815 643 
564 973 218 
831 624 975 

378 562 491 
645 198 327 
912 347 856 
===========
123 456 789 
456 789 132 
789 231 564 

297 815 643 
564 973 821 
831 642 975 

378 594 216 
645 128 397 
912 367 458 
===========
123 456 789 
456 789 132 
789 231 564 

297 815 643 
564 973 821 
831 642 957 

378 594 216 
645 127 398 
912 368 475 
===========
123 456 789 
456 789 132 
789 231 564 

297 815 643 
564 973 821 
831 642 975 

378 594 216 
645 127 398 
912 368 457 
===========
123 456 789 
456 789 132 
789 231 564 

297 815 643 
564 923 871 
831 647 925 

378 594 216 
645 172 398 
912 368 457 
===========
123 456 789 
456 789 132 
789 231 564 

297 815 643 
564 923 871 
831 674 295 

378 542 916 
645 198 327 
912 367 458 
===========
123 456 789 
456 789 132 
789 231 564 

297 815 643 
564 923 871 
831 674 295 

378 542 916 
645 197 328 
912 368 457 
===========
123 456 789 
456 789 132 
789 231 564 

297 815 643 
564 923 817 
831 647 295 

378 564 921 
645 192 378 
912 378 456 
===========
123 456 789 
456 789 132 
789 231 564 

297 815 643 
564 923 817 
831 647 925 

378 564 291 
645 192 378 
912 378 456 
===========
123 456 789 
456 789 132 
789 231 564 

297 843 615 
564 917 328 
831 625 497 

378 562 941 
645 198 273 
912 374 856 
===========
123 456 789 
456 789 132 
789 231 564 

297 843 615 
564 917 328 
831 625 947 

378 562 491 
645 198 273 
912 374 856 
===========
123 456 789 
456 789 132 
789 231 564 

297 843 615 
564 917 328 
831 625 947 

378 564 291 
645 192 873 
912 378 456 
===========
123 456 789 
456 789 132 
789 231 564 

297 843 615 
564 917 823 
831 625 947 

378 564 291 
645 192 378 
912 378 456 
===========
123 456 789 
456 789 132 
789 231 564 

297 843 651 
564 917 328 
831 625 947 

378 592 416 
645 178 293 
912 364 875 
===========
123 456 789 
456 789 132 
789 231 564 

297 843 651 
564 917 328 
831 625 947 

378 594 216 
645 172 893 
912 368 475 
===========
123 456 789 
456 789 132 
789 231 564 

297 843 651 
564 917 823 
831 625 947 

378 594 216 
645 172 398 
912 368 475 
===========
123 456 789 
456 789 132 
789 231 564 

297 845 316 
564 913 278 
831 672 945 

378 594 621 
645 127 893 
912 368 457 
===========
123 456 789 
456 789 132 
789 231 564 

297 845 316 
564 913 278 
831 627 495 

378 592 641 
645 178 923 
912 364 857 
===========
123 456 789 
456 789 132 
789 231 564 

297 845 316 
564 913 278 
831 627 945 

378 594 621 
645 172 893 
912 368 457 
===========
123 456 789 
456 789 132 
789 231 564 

297 845 316 
564 913 278 
831 672 945 

378 524 691 
645 197 823 
912 368 457 
===========
123 456 789 
456 789 132 
789 231 564 

297 845 316 
564 913 827 
831 672 945 

378 524 691 
645 198 273 
912 367 458 
===========
123 456 789 
456 789 132 
789 231 564 

297 845 316 
564 913 827 
831 627 495 

378 562 941 
645 198 273 
912 374 658 
===========
123 456 789 
456 789 132 
789 231 564 

297 845 316 
564 913 827 
831 627 945 

378 562 491 
645 198 273 
912 374 658 
===========
123 456 789 
456 789 132 
789 231 564 

297 845 613 
564 913 278 
831 627 495 

378 562 941 
645 198 327 
912 374 856 
===========
123 456 789 
456 789 132 
789 231 564 

297 845 613 
564 913 278 
831 627 945 

378 562 491 
645 198 327 
912 374 856 
===========
123 456 789 
456 789 132 
789 231 564 

297 845 613 
564 913 827 
831 627 945 

378 564 291 
645 192 378 
912 378 456 
===========
123 456 789 
456 789 132 
789 231 564 

297 613 458 
564 872 391 
831 945 627 

378 594 216 
645 128 973 
912 367 845 
===========
123 456 789 
456 789 132 
789 231 564 

297 613 458 
564 872 913 
831 945 276 

378 594 621 
645 128 397 
912 367 845 
===========
123 456 789 
456 789 132 
789 231 564 

297 613 458 
564 872 391 
831 945 627 

378 524 916 
645 198 273 
912 367 845 
===========
123 456 789 
456 789 132 
789 231 564 

297 613 458 
564 872 913 
831 945 276 

378 524 691 
645 198 327 
912 367 845 
===========
123 456 789 
456 789 132 
789 231 564 

297 613 845 
564 872 391 
831 945 627 

378 594 216 
645 128 973 
912 367 458 
===========
123 456 789 
456 789 132 
789 231 564 

297 613 845 
564 872 913 
831 945 276 

378 594 621 
645 128 397 
912 367 458 
===========
123 456 789 
456 789 132 
789 231 564 

297 613 845 
564 872 913 
831 945 276 

378 594 621 
645 127 398 
912 368 457 
===========
123 456 789 
456 789 132 
789 231 564 

297 613 845 
564 827 913 
831 945 276 

378 594 621 
645 172 398 
912 368 457 
===========
123 456 789 
456 789 132 
789 231 564 

297 613 845 
564 872 391 
831 945 627 

378 524 916 
645 198 273 
912 367 458 
===========
123 456 789 
456 789 132 
789 231 564 

297 613 845 
564 872 913 
831 945 276 

378 524 691 
645 198 327 
912 367 458 
===========
123 456 789 
456 789 132 
789 231 564 

297 613 845 
564 872 913 
831 945 276 

378 524 691 
645 197 328 
912 368 457 
===========
123 456 789 
456 789 132 
789 231 564 

297 613 845 
564 827 913 
831 945 276 

378 562 491 
645 198 327 
912 374 658 
===========
123 456 789 
456 789 132 
789 231 564 

297 613 845 
564 827 913 
831 945 627 

378 564 291 
645 192 378 
912 378 456 
===========
123 456 789 
456 789 132 
789 231 564 

297 614 358 
564 823 917 
831 975 246 

378 562 491 
645 197 823 
912 348 675 
===========
123 456 789 
456 789 132 
789 231 564 

297 614 358 
564 873 291 
831 925 647 

378 542 916 
645 197 823 
912 368 475 
===========
123 456 789 
456 789 132 
789 231 564 

297 614 358 
564 823 917 
831 975 426 

378 542 691 
645 198 273 
912 367 845 
===========
123 456 789 
456 789 132 
789 231 564 

297 614 358 
564 823 917 
831 975 246 

378 542 691 
645 197 823 
912 368 475 
===========
123 456 789 
456 789 132 
789 231 564 

297 614 853 
564 823 917 
831 975 246 

378 562 491 
645 197 328 
912 348 675 
===========
123 456 789 
456 789 132 
789 231 564 

297 614 853 
564 873 291 
831 925 647 

378 542 916 
645 197 328 
912 368 475 
===========
123 456 789 
456 789 132 
789 231 564 

297 614 853 
564 823 917 
831 975 246 

378 542 691 
645 197 328 
912 368 475 
===========
123 456 789 
456 789 132 
789 231 564 

297 615 348 
564 823 917 
831 974 625 

378 562 491 
645 198 273 
912 347 856 
===========
123 456 789 
456 789 132 
789 231 564 

297 615 348 
564 823 917 
831 974 256 

378 562 491 
645 197 823 
912 348 675 
===========
123 456 789 
456 789 132 
789 231 564 

297 615 348 
564 873 921 
831 942 657 

378 594 216 
645 127 893 
912 368 475 
===========
123 456 789 
456 789 132 
789 231 564 

297 615 348 
564 873 921 
831 942 675 

378 594 216 
645 127 893 
912 368 457 
===========
123 456 789 
456 789 132 
789 231 564 

297 615 348 
564 823 917 
831 947 256 

378 594 621 
645 172 893 
912 368 475 
===========
123 456 789 
456 789 132 
789 231 564 

297 615 348 
564 823 971 
831 947 625 

378 592 416 
645 178 293 
912 364 857 
===========
123 456 789 
456 789 132 
789 231 564 

297 615 348 
564 823 971 
831 947 625 

378 594 216 
645 172 893 
912 368 457 
===========
123 456 789 
456 789 132 
789 231 564 

297 615 348 
564 873 291 
831 942 657 

378 524 916 
645 197 823 
912 368 475 
===========
123 456 789 
456 789 132 
789 231 564 

297 615 348 
564 873 291 
831 942 675 

378 524 916 
645 197 823 
912 368 457 
===========
123 456 789 
456 789 132 
789 231 564 

297 615 348 
564 873 291 
831 924 657 

378 542 916 
645 197 823 
912 368 475 
===========
123 456 789 
456 789 132 
789 231 564 

297 615 348 
564 873 291 
831 924 675 

378 542 916 
645 197 823 
912 368 457 
===========
123 456 789 
456 789 132 
789 231 564 

297 615 348 
564 823 917 
831 974 256 

378 542 691 
645 197 823 
912 368 475 
===========
123 456 789 
456 789 132 
789 231 564 

297 615 348 
564 823 917 
831 947 625 

378 562 491 
645 198 273 
912 374 856 
===========
123 456 789 
456 789 132 
789 231 564 

297 615 348 
564 823 917 
831 947 625 

378 564 291 
645 192 873 
912 378 456 
===========
123 456 789 
456 789 132 
789 231 564 

297 615 843 
564 823 917 
831 974 256 

378 562 491 
645 197 328 
912 348 675 
===========
123 456 789 
456 789 132 
789 231 564 

297 615 843 
564 873 921 
831 942 675 

378 594 216 
645 128 397 
912 367 458 
===========
123 456 789 
456 789 132 
789 231 564 

297 615 843 
564 873 921 
831 942 657 

378 594 216 
645 127 398 
912 368 475 
===========
123 456 789 
456 789 132 
789 231 564 

297 615 843 
564 873 921 
831 942 675 

378 594 216 
645 127 398 
912 368 457 
===========
123 456 789 
456 789 132 
789 231 564 

297 615 843 
564 823 917 
831 947 256 

378 594 621 
645 172 398 
912 368 475 
===========
123 456 789 
456 789 132 
789 231 564 

297 615 843 
564 823 971 
831 947 625 

378 594 216 
645 172 398 
912 368 457 
===========
123 456 789 
456 789 132 
789 231 564 

297 615 843 
564 873 291 
831 942 675 

378 524 916 
645 198 327 
912 367 458 
===========
123 456 789 
456 789 132 
789 231 564 

297 615 843 
564 873 291 
831 942 657 

378 524 916 
645 197 328 
912 368 475 
===========
123 456 789 
456 789 132 
789 231 564 

297 615 843 
564 873 291 
831 942 675 

378 524 916 
645 197 328 
912 368 457 
===========
123 456 789 
456 789 132 
789 231 564 

297 615 843 
564 873 291 
831 924 675 

378 542 916 
645 198 327 
912 367 458 
===========
123 456 789 
456 789 132 
789 231 564 

297 615 843 
564 873 291 
831 924 657 

378 542 916 
645 197 328 
912 368 475 
===========
123 456 789 
456 789 132 
789 231 564 

297 615 843 
564 873 291 
831 924 675 

378 542 916 
645 197 328 
912 368 457 
===========
123 456 789 
456 789 132 
789 231 564 

297 615 843 
564 823 917 
831 974 256 

378 542 691 
645 197 328 
912 368 475 
===========
123 456 789 
456 789 132 
789 231 564 

297 615 843 
564 823 917 
831 947 625 

378 564 291 
645 192 378 
912 378 456 
===========
123 456 789 
456 789 132 
789 231 564 

297 643 815 
564 812 397 
831 975 246 

378 594 621 
645 128 973 
912 367 458 
===========
123 456 789 
456 789 132 
789 231 564 

297 643 815 
564 812 973 
831 975 246 

378 594 621 
645 128 397 
912 367 458 
===========
123 456 789 
456 789 132 
789 231 564 

297 643 815 
564 812 973 
831 975 246 

378 594 621 
645 127 398 
912 368 457 
===========
123 456 789 
456 789 132 
789 231 564 

297 643 815 
564 812 973 
831 975 246 

378 524 691 
645 198 327 
912 367 458 
===========
123 456 789 
456 789 132 
789 231 564 

297 643 815 
564 812 973 
831 975 246 

378 524 691 
645 197 328 
912 368 457 
===========
123 456 789 
456 789 132 
789 231 564 

297 643 815 
564 817 293 
831 925 476 

378 562 941 
645 198 327 
912 374 658 
===========
123 456 789 
456 789 132 
789 231 564 

297 643 815 
564 817 293 
831 925 647 

378 564 921 
645 192 378 
912 378 456 
===========
123 456 789 
456 789 132 
789 231 564 

297 643 815 
564 817 923 
831 925 647 

378 564 291 
645 192 378 
912 378 456 
===========
123 456 789 
456 789 132 
789 231 564 

297 643 851 
564 817 923 
831 925 647 

378 594 216 
645 172 398 
912 368 475 
===========
123 456 789 
456 789 132 
789 231 564 

297 645 318 
564 813 297 
831 972 456 

378 594 621 
645 128 973 
912 367 845 
===========
123 456 789 
456 789 132 
789 231 564 

297 645 318 
564 813 297 
831 927 456 

378 592 641 
645 178 923 
912 364 875 
===========
123 456 789 
456 789 132 
789 231 564 

297 645 318 
564 813 927 
831 927 456 

378 592 641 
645 178 293 
912 364 875 
===========
123 456 789 
456 789 132 
789 231 564 

297 645 318 
564 813 927 
831 972 456 

378 524 691 
645 198 273 
912 367 845 
===========
123 456 789 
456 789 132 
789 231 564 

297 645 318 
564 813 297 
831 927 456 

378 564 921 
645 192 873 
912 378 645 
===========
123 456 789 
456 789 132 
789 231 564 

297 645 318 
564 813 297 
831 927 645 

378 564 921 
645 192 873 
912 378 456 
===========
123 456 789 
456 789 132 
789 231 564 

297 645 318 
564 813 927 
831 927 645 

378 562 491 
645 198 273 
912 374 856 
===========
123 456 789 
456 789 132 
789 231 564 

297 645 318 
564 813 927 
831 927 456 

378 564 291 
645 192 873 
912 378 645 
===========
123 456 789 
456 789 132 
789 231 564 

297 645 318 
564 813 927 
831 927 645 

378 564 291 
645 192 873 
912 378 456 
===========
123 456 789 
456 789 132 
789 231 564 

297 645 813 
564 813 297 
831 927 456 

378 564 921 
645 192 378 
912 378 645 
===========
123 456 789 
456 789 132 
789 231 564 

297 645 813 
564 813 297 
831 927 645 

378 564 921 
645 192 378 
912 378 456 
===========
123 456 789 
456 789 132 
789 231 564 

297 645 813 
564 813 927 
831 927 456 

378 564 291 
645 192 378 
912 378 645 
===========
123 456 789 
456 789 132 
789 231 564 

297 645 813 
564 813 927 
831 927 645 

378 564 291 
645 192 378 
912 378 456 
===========
123 456 789 
456 789 132 
789 231 564 

297 813 456 
564 972 318 
831 564 927 

378 695 241 
645 127 893 
912 348 675 
===========
123 456 789 
456 789 132 
789 231 564 

297 813 456 
564 972 813 
831 564 927 

378 695 241 
645 127 398 
912 348 675 
===========
123 456 789 
456 789 132 
789 231 564 

297 813 456 
564 927 318 
831 564 927 

378 695 241 
645 172 893 
912 348 675 
===========
123 456 789 
456 789 132 
789 231 564 

297 813 456 
564 927 813 
831 564 927 

378 695 241 
645 172 398 
912 348 675 
===========
123 456 789 
456 789 132 
789 231 564 

297 813 456 
564 972 318 
831 564 297 

378 625 941 
645 197 823 
912 348 675 
===========
123 456 789 
456 789 132 
789 231 564 

297 813 456 
564 972 813 
831 564 297 

378 625 941 
645 197 328 
912 348 675 
===========
123 456 789 
456 789 132 
789 231 564 

297 813 456 
564 927 318 
831 564 297 

378 645 921 
645 192 873 
912 378 645 
===========
123 456 789 
456 789 132 
789 231 564 

297 813 456 
564 927 318 
831 564 927 

378 645 291 
645 192 873 
912 378 645 
===========
123 456 789 
456 789 132 
789 231 564 

297 813 456 
564 927 813 
831 564 297 

378 645 921 
645 192 378 
912 378 645 
===========
123 456 789 
456 789 132 
789 231 564 

297 813 456 
564 927 813 
831 564 927 

378 645 291 
645 192 378 
912 378 645 
===========
123 456 789 
456 789 132 
789 231 564 

297 813 645 
564 972 318 
831 564 297 

378 695 421 
645 128 973 
912 347 856 
===========
123 456 789 
456 789 132 
789 231 564 

297 813 645 
564 927 318 
831 564 297 

378 692 451 
645 178 923 
912 345 876 
===========
123 456 789 
456 789 132 
789 231 564 

297 813 645 
564 927 318 
831 564 927 

378 692 451 
645 178 293 
912 345 876 
===========
123 456 789 
456 789 132 
789 231 564 

297 813 645 
564 972 318 
831 564 927 

378 625 491 
645 198 273 
912 347 856 
===========
123 456 789 
456 789 132 
789 231 564 

297 813 645 
564 927 318 
831 564 297 

378 645 921 
645 192 873 
912 378 456 
===========
123 456 789 
456 789 132 
789 231 564 

297 813 645 
564 927 318 
831 564 927 

378 645 291 
645 192 873 
912 378 456 
===========
123 456 789 
456 789 132 
789 231 564 

297 813 645 
564 927 813 
831 564 297 

378 645 921 
645 192 378 
912 378 456 
===========
123 456 789 
456 789 132 
789 231 564 

297 813 645 
564 927 813 
831 564 927 

378 645 291 
645 192 378 
912 378 456 
===========
123 456 789 
456 789 132 
789 231 564 

297 814 356 
564 973 218 
831 562 947 

378 695 421 
645 127 893 
912 348 675 
===========
123 456 789 
456 789 132 
789 231 564 

297 814 356 
564 973 218 
831 562 497 

378 625 941 
645 197 823 
912 348 675 
===========
123 456 789 
456 789 132 
789 231 564 

297 814 356 
564 973 218 
831 562 947 

378 625 491 
645 197 823 
912 348 675 
===========
123 456 789 
456 789 132 
789 231 564 

297 843 615 
564 917 328 
831 562 497 

378 695 241 
645 128 973 
912 374 856 
===========
123 456 789 
456 789 132 
789 231 564 

297 843 615 
564 917 328 
831 562 497 

378 694 251 
645 128 973 
912 375 846 
===========
123 456 789 
456 789 132 
789 231 564 

297 843 615 
564 917 328 
831 562 497 

378 625 941 
645 198 273 
912 374 856 
===========
123 456 789 
456 789 132 
789 231 564 

297 843 615 
564 917 328 
831 562 947 

378 625 491 
645 198 273 
912 374 856 
===========
123 456 789 
456 789 132 
789 231 564 

297 843 615 
564 917 328 
831 562 497 

378 624 951 
645 198 273 
912 375 846 
===========
123 456 789 
456 789 132 
789 231 564 

297 843 651 
564 917 328 
831 562 497 

378 694 215 
645 128 973 
912 375 846 
===========
123 456 789 
456 789 132 
789 231 564 

297 843 651 
564 917 328 
831 562 497 

378 624 915 
645 198 273 
912 375 846 
===========
123 456 789 
456 789 132 
789 231 564 

297 863 415 
564 912 378 
831 574 926 

378 695 241 
645 127 893 
912 348 657 
===========
123 456 789 
456 789 132 
789 231 564 

297 863 415 
564 912 873 
831 574 926 

378 695 241 
645 128 397 
912 347 658 
===========
123 456 789 
456 789 132 
789 231 564 

297 863 415 
564 912 873 
831 574 926 

378 695 241 
645 127 398 
912 348 657 
===========
123 456 789 
456 789 132 
789 231 564 

297 863 415 
564 917 328 
831 524 976 

378 695 241 
645 172 893 
912 348 657 
===========
123 456 789 
456 789 132 
789 231 564 

297 863 415 
564 917 823 
831 524 976 

378 695 241 
645 172 398 
912 348 657 
===========
123 456 789 
456 789 132 
789 231 564 

297 863 415 
564 912 378 
831 574 296 

378 625 941 
645 197 823 
912 348 657 
===========
123 456 789 
456 789 132 
789 231 564 

297 863 415 
564 912 873 
831 574 296 

378 625 941 
645 198 327 
912 347 658 
===========
123 456 789 
456 789 132 
789 231 564 

297 863 415 
564 912 873 
831 574 296 

378 625 941 
645 197 328 
912 348 657 
===========
123 456 789 
456 789 132 
789 231 564 

297 863 415 
564 912 873 
831 547 926 

378 695 241 
645 128 397 
912 374 658 
===========
123 456 789 
456 789 132 
789 231 564 

297 863 415 
564 912 873 
831 547 926 

378 694 251 
645 128 397 
912 375 648 
===========
123 456 789 
456 789 132 
789 231 564 

297 863 415 
564 917 328 
831 542 697 

378 695 241 
645 128 973 
912 374 856 
===========
123 456 789 
456 789 132 
789 231 564 

297 863 415 
564 917 328 
831 542 697 

378 694 251 
645 128 973 
912 375 846 
===========
123 456 789 
456 789 132 
789 231 564 

297 863 415 
564 917 823 
831 542 976 

378 695 241 
645 128 397 
912 374 658 
===========
123 456 789 
456 789 132 
789 231 564 

297 863 415 
564 917 823 
831 542 976 

378 694 251 
645 128 397 
912 375 648 
===========
123 456 789 
456 789 132 
789 231 564 

297 863 415 
564 912 873 
831 547 296 

378 625 941 
645 198 327 
912 374 658 
===========
123 456 789 
456 789 132 
789 231 564 

297 863 415 
564 912 873 
831 547 296 

378 624 951 
645 198 327 
912 375 648 
===========
123 456 789 
456 789 132 
789 231 564 

297 863 415 
564 917 328 
831 542 697 

378 625 941 
645 198 273 
912 374 856 
===========
123 456 789 
456 789 132 
789 231 564 

297 863 415 
564 917 328 
831 542 697 

378 624 951 
645 198 273 
912 375 846 
===========
123 456 789 
456 789 132 
789 231 564 

297 863 415 
564 917 328 
831 524 697 

378 642 951 
645 198 273 
912 375 846 
===========
123 456 789 
456 789 132 
789 231 564 

297 863 451 
564 912 873 
831 547 926 

378 694 215 
645 128 397 
912 375 648 
===========
123 456 789 
456 789 132 
789 231 564 

297 863 451 
564 917 328 
831 542 697 

378 694 215 
645 128 973 
912 375 846 
===========
123 456 789 
456 789 132 
789 231 564 

297 863 451 
564 917 823 
831 542 976 

378 694 215 
645 128 397 
912 375 648 
===========
123 456 789 
456 789 132 
789 231 564 

297 863 451 
564 912 873 
831 547 296 

378 624 915 
645 198 327 
912 375 648 
===========
123 456 789 
456 789 132 
789 231 564 

297 863 451 
564 917 328 
831 542 697 

378 624 915 
645 198 273 
912 375 846 
===========
123 456 789 
456 789 132 
789 231 564 

297 863 451 
564 917 328 
831 524 697 

378 642 915 
645 198 273 
912 375 846 
===========
123 456 789 
456 789 132 
789 231 564 

297 864 315 
564 913 278 
831 572 946 

378 695 421 
645 127 893 
912 348 657 
===========
123 456 789 
456 789 132 
789 231 564 

297 864 315 
564 913 827 
831 572 496 

378 695 241 
645 128 973 
912 347 658 
===========
123 456 789 
456 789 132 
789 231 564 

297 864 315 
564 913 278 
831 527 946 

378 695 421 
645 172 893 
912 348 657 
===========
123 456 789 
456 789 132 
789 231 564 

297 864 315 
564 913 827 
831 527 946 

378 692 451 
645 178 293 
912 345 678 
===========
123 456 789 
456 789 132 
789 231 564 

297 864 315 
564 913 278 
831 572 496 

378 625 941 
645 197 823 
912 348 657 
===========
123 456 789 
456 789 132 
789 231 564 

297 864 315 
564 913 278 
831 572 946 

378 625 491 
645 197 823 
912 348 657 
===========
123 456 789 
456 789 132 
789 231 564 

297 864 315 
564 913 827 
831 572 496 

378 625 941 
645 198 273 
912 347 658 
===========
123 456 789 
456 789 132 
789 231 564 

297 864 315 
564 913 827 
831 572 946 

378 625 491 
645 198 273 
912 347 658 
===========
123 456 789 
456 789 132 
789 231 564 

297 864 315 
564 913 827 
831 527 496 

378 642 951 
645 198 273 
912 375 648 
===========
123 456 789 
456 789 132 
789 231 564 

297 864 351 
564 913 827 
831 527 946 

378 692 415 
645 178 293 
912 345 678 
===========
123 456 789 
456 789 132 
789 231 564 

297 864 351 
564 913 827 
831 527 496 

378 642 915 
645 198 273 
912 375 648 
===========
123 456 789 
456 789 132 
789 231 564 

297 513 648 
564 872 913 
831 964 275 

378 695 421 
645 128 397 
912 347 856 
===========
123 456 789 
456 789 132 
789 231 564 

297 513 648 
564 827 391 
831 964 257 

378 692 415 
645 178 923 
912 345 876 
===========
123 456 789 
456 789 132 
789 231 564 

297 513 648 
564 872 913 
831 964 275 

378 625 491 
645 198 327 
912 347 856 
===========
123 456 789 
456 789 132 
789 231 564 

297 513 846 
564 872 913 
831 964 275 

378 695 421 
645 128 397 
912 347 658 
===========
123 456 789 
456 789 132 
789 231 564 

297 513 846 
564 872 913 
831 964 257 

378 695 421 
645 127 398 
912 348 675 
===========
123 456 789 
456 789 132 
789 231 564 

297 513 846 
564 872 913 
831 964 275 

378 695 421 
645 127 398 
912 348 657 
===========
123 456 789 
456 789 132 
789 231 564 

297 513 846 
564 827 391 
831 964 257 

378 692 415 
645 178 923 
912 345 678 
===========
123 456 789 
456 789 132 
789 231 564 

297 513 846 
564 827 913 
831 964 257 

378 695 421 
645 172 398 
912 348 675 
===========
123 456 789 
456 789 132 
789 231 564 

297 513 846 
564 827 913 
831 964 275 

378 695 421 
645 172 398 
912 348 657 
===========
123 456 789 
456 789 132 
789 231 564 

297 513 846 
564 872 913 
831 964 275 

378 625 491 
645 198 327 
912 347 658 
===========
123 456 789 
456 789 132 
789 231 564 

297 513 846 
564 872 913 
831 964 257 

378 625 491 
645 197 328 
912 348 675 
===========
123 456 789 
456 789 132 
789 231 564 

297 513 846 
564 872 913 
831 964 275 

378 625 491 
645 197 328 
912 348 657 
===========
123 456 789 
456 789 132 
789 231 564 

297 543 618 
564 812 397 
831 967 245 

378 695 421 
645 128 973 
912 374 856 
===========
123 456 789 
456 789 132 
789 231 564 

297 543 618 
564 812 397 
831 967 425 

378 695 241 
645 128 973 
912 374 856 
===========
