123 456 789 
456 789 231 
789 123 645 

297 814 356 
564 932 178 
831 675 492 

378 561 924 
645 297 813 
912 348 567 
===========
123 456 789 
456 789 231 
789 123 645 

297 814 356 
564 932 178 
831 675 924 

378 561 492 
645 297 813 
912 348 567 
===========
123 456 789 
456 789 231 
789 123 645 

297 814 356 
564 932 817 
831 675 492 

378 561 924 
645 298 173 
912 347 568 
===========
123 456 789 
456 789 231 
789 123 645 

297 814 356 
564 932 817 
831 675 924 

378 561 492 
645 298 173 
912 347 568 
===========
123 456 789 
456 789 231 
789 123 645 

297 814 563 
564 932 178 
831 675 492 

378 561 924 
645 298 317 
912 347 856 
===========
123 456 789 
456 789 231 
789 123 645 

297 814 563 
564 932 178 
831 675 924 

378 561 492 
645 298 317 
912 347 856 
===========
123 456 789 
456 789 231 
789 123 645 

297 814 563 
564 932 178 
831 675 492 

378 541 926 
645 298 317 
912 367 854 
===========
123 456 789 
456 789 231 
789 123 645 

297 815 364 
564 932 178 
831 647 592 

378 591 426 
645 278 913 
912 364 857 
===========
123 456 789 
456 789 231 
789 123 645 

297 815 364 
564 932 817 
831 647 952 

378 591 426 
645 278 193 
912 364 578 
===========
123 456 789 
456 789 231 
789 123 645 

297 815 364 
564 937 812 
831 642 957 

378 591 426 
645 278 193 
912 364 578 
===========
123 456 789 
456 789 231 
789 123 645 

297 815 364 
564 932 178 
831 674 592 

378 541 926 
645 297 813 
912 368 457 
===========
123 456 789 
456 789 231 
789 123 645 

297 815 364 
564 932 817 
831 674 592 

378 541 926 
645 298 173 
912 367 458 
===========
123 456 789 
456 789 231 
789 123 645 

297 815 364 
564 937 128 
831 642 597 

378 564 912 
645 291 873 
912 378 456 
===========
123 456 789 
456 789 231 
789 123 645 

297 815 463 
564 932 178 
831 674 592 

378 561 924 
645 298 317 
912 347 856 
===========
123 456 789 
456 789 231 
789 123 645 

297 815 463 
564 932 817 
831 647 952 

378 594 126 
645 271 398 
912 368 574 
===========
123 456 789 
456 789 231 
789 123 645 

297 815 463 
564 937 812 
831 642 957 

378 594 126 
645 271 398 
912 368 574 
===========
123 456 789 
456 789 231 
789 123 645 

297 815 463 
564 932 178 
831 674 592 

378 541 926 
645 298 317 
912 367 854 
===========
123 456 789 
456 789 231 
789 123 645 

297 815 463 
564 932 178 
831 647 592 

378 561 924 
645 298 317 
912 374 856 
===========
123 456 789 
456 789 231 
789 123 645 

297 831 456 
564 972 318 
831 645 927 

378 594 162 
645 217 893 
912 368 574 
===========
123 456 789 
456 789 231 
789 123 645 

297 831 456 
564 972 813 
831 645 927 

378 594 162 
645 217 398 
912 368 574 
===========
123 456 789 
456 789 231 
789 123 645 

297 831 564 
564 972 318 
831 645 972 

378 594 126 
645 217 893 
912 368 457 
===========
123 456 789 
456 789 231 
789 123 645 

297 831 564 
564 972 813 
831 645 972 

378 594 126 
645 218 397 
912 367 458 
===========
123 456 789 
456 789 231 
789 123 645 

297 831 564 
564 972 813 
831 645 972 

378 594 126 
645 217 398 
912 368 457 
===========
123 456 789 
456 789 231 
789 123 645 

297 834 156 
564 912 378 
831 675 492 

378 561 924 
645 297 813 
912 348 567 
===========
123 456 789 
456 789 231 
789 123 645 

297 834 156 
564 912 378 
831 675 924 

378 561 492 
645 297 813 
912 348 567 
===========
123 456 789 
456 789 231 
789 123 645 

297 834 156 
564 912 873 
831 675 492 

378 561 924 
645 298 317 
912 347 568 
===========
123 456 789 
456 789 231 
789 123 645 

297 834 156 
564 912 873 
831 675 924 

378 561 492 
645 298 317 
912 347 568 
===========
123 456 789 
456 789 231 
789 123 645 

297 834 156 
564 912 873 
831 675 492 

378 561 924 
645 297 318 
912 348 567 
===========
123 456 789 
456 789 231 
789 123 645 

297 834 156 
564 912 873 
831 675 924 

378 561 492 
645 297 318 
912 348 567 
===========
123 456 789 
456 789 231 
789 123 645 

297 835 164 
564 912 378 
831 647 592 

378 591 426 
645 278 913 
912 364 857 
===========
123 456 789 
456 789 231 
789 123 645 

297 835 164 
564 912 378 
831 674 592 

378 541 926 
645 297 813 
912 368 457 
===========
123 456 789 
456 789 231 
789 123 645 

297 835 164 
564 912 873 
831 674 592 

378 541 926 
645 298 317 
912 367 458 
===========
123 456 789 
456 789 231 
789 123 645 

297 835 164 
564 912 873 
831 674 592 

378 541 926 
645 297 318 
912 368 457 
===========
123 456 789 
456 789 231 
789 123 645 

297 835 164 
564 917 328 
831 642 597 

378 564 912 
645 291 873 
912 378 456 
===========
123 456 789 
456 789 231 
789 123 645 

297 835 164 
564 917 823 
831 642 597 

378 564 912 
645 291 378 
912 378 456 
===========
123 456 789 
456 789 231 
789 123 645 

297 835 416 
564 971 328 
831 642 597 

378 594 162 
645 218 973 
912 367 854 
===========
123 456 789 
456 789 231 
789 123 645 

297 835 416 
564 971 328 
831 642 957 

378 594 162 
645 217 893 
912 368 574 
===========
123 456 789 
456 789 231 
789 123 645 

297 835 416 
564 971 823 
831 642 957 

378 594 162 
645 217 398 
912 368 574 
===========
123 456 789 
456 789 231 
789 123 645 

297 835 416 
564 917 328 
831 642 957 

378 594 162 
645 271 893 
912 368 574 
===========
123 456 789 
456 789 231 
789 123 645 

297 835 416 
564 917 823 
831 642 957 

378 594 162 
645 271 398 
912 368 574 
===========
123 456 789 
456 789 231 
789 123 645 

297 835 416 
564 971 328 
831 642 597 

378 514 962 
645 298 173 
912 367 854 
===========
123 456 789 
456 789 231 
789 123 645 

297 835 416 
564 917 328 
831 642 957 

378 564 192 
645 291 873 
912 378 564 
===========
123 456 789 
456 789 231 
789 123 645 

297 835 416 
564 917 823 
831 642 957 

378 564 192 
645 291 378 
912 378 564 
===========
123 456 789 
456 789 231 
789 123 645 

297 841 563 
564 932 178 
831 675 492 

378 514 926 
645 298 317 
912 367 854 
===========
123 456 789 
456 789 231 
789 123 645 

297 845 163 
564 931 872 
831 672 594 

378 514 926 
645 298 317 
912 367 458 
===========
123 456 789 
456 789 231 
789 123 645 

297 845 163 
564 931 872 
831 672 594 

378 514 926 
645 297 318 
912 368 457 
===========
123 456 789 
456 789 231 
789 123 645 

297 845 316 
564 931 827 
831 672 594 

378 594 162 
645 218 973 
912 367 458 
===========
123 456 789 
456 789 231 
789 123 645 

297 845 316 
564 931 827 
831 672 594 

378 514 962 
645 298 173 
912 367 458 
===========
123 456 789 
456 789 231 
789 123 645 

297 614 358 
564 832 197 
831 975 462 

378 561 924 
645 297 813 
912 348 576 
===========
123 456 789 
456 789 231 
789 123 645 

297 614 358 
564 832 197 
831 975 426 

378 541 962 
645 297 813 
912 368 574 
===========
123 456 789 
456 789 231 
789 123 645 

297 614 358 
564 832 197 
831 975 462 

378 541 926 
645 297 813 
912 368 574 
===========
123 456 789 
456 789 231 
789 123 645 

297 614 853 
564 832 197 
831 975 462 

378 561 924 
645 297 318 
912 348 576 
===========
123 456 789 
456 789 231 
789 123 645 

297 614 853 
564 832 197 
831 975 426 

378 541 962 
645 297 318 
912 368 574 
===========
123 456 789 
456 789 231 
789 123 645 

297 614 853 
564 832 197 
831 975 462 

378 541 926 
645 297 318 
912 368 574 
===========
123 456 789 
456 789 231 
789 123 645 

297 634 158 
564 812 397 
831 975 462 

378 561 924 
645 297 813 
912 348 576 
===========
123 456 789 
456 789 231 
789 123 645 

297 634 158 
564 812 397 
831 975 426 

378 541 962 
645 297 813 
912 368 574 
===========
123 456 789 
456 789 231 
789 123 645 

297 634 158 
564 812 397 
831 975 462 

378 541 926 
645 297 813 
912 368 574 
===========
123 456 789 
456 789 231 
789 123 645 

297 634 518 
564 812 397 
831 975 462 

378 561 924 
645 298 173 
912 347 856 
===========
123 456 789 
456 789 231 
789 123 645 

297 634 518 
564 812 397 
831 975 426 

378 541 962 
645 298 173 
912 367 854 
===========
123 456 789 
456 789 231 
789 123 645 

297 634 518 
564 812 397 
831 975 462 

378 541 926 
645 298 173 
912 367 854 
===========
123 456 789 
456 789 231 
789 123 645 

297 635 418 
564 812 397 
831 974 562 

378 561 924 
645 298 173 
912 347 856 
===========
123 456 789 
456 789 231 
789 123 645 

297 635 418 
564 871 392 
831 942 567 

378 594 126 
645 218 973 
912 367 854 
===========
123 456 789 
456 789 231 
789 123 645 

297 635 418 
564 871 923 
831 942 576 

378 594 162 
645 218 397 
912 367 854 
===========
123 456 789 
456 789 231 
789 123 645 

297 635 418 
564 871 392 
831 942 567 

378 514 926 
645 298 173 
912 367 854 
===========
123 456 789 
456 789 231 
789 123 645 

297 635 418 
564 812 397 
831 974 526 

378 541 962 
645 298 173 
912 367 854 
===========
123 456 789 
456 789 231 
789 123 645 

297 635 418 
564 812 397 
831 974 562 

378 541 926 
645 298 173 
912 367 854 
===========
123 456 789 
456 789 231 
789 123 645 

297 635 418 
564 812 397 
831 947 562 

378 561 924 
645 298 173 
912 374 856 
===========
123 456 789 
456 789 231 
789 123 645 

297 635 418 
564 817 392 
831 942 567 

378 561 924 
645 298 173 
912 374 856 
===========
123 456 789 
456 789 231 
789 123 645 

297 635 814 
564 871 392 
831 942 567 

378 594 126 
645 218 973 
912 367 458 
===========
123 456 789 
456 789 231 
789 123 645 

297 635 814 
564 871 923 
831 942 576 

378 594 162 
645 218 397 
912 367 458 
===========
123 456 789 
456 789 231 
789 123 645 

297 635 814 
564 871 923 
831 942 576 

378 594 162 
645 217 398 
912 368 457 
===========
123 456 789 
456 789 231 
789 123 645 

297 635 814 
564 812 973 
831 947 526 

378 594 162 
645 271 398 
912 368 457 
===========
123 456 789 
456 789 231 
789 123 645 

297 635 814 
564 812 973 
831 947 562 

378 594 126 
645 271 398 
912 368 457 
===========
123 456 789 
456 789 231 
789 123 645 

297 635 814 
564 817 923 
831 942 576 

378 594 162 
645 271 398 
912 368 457 
===========
123 456 789 
456 789 231 
789 123 645 

297 635 814 
564 871 392 
831 942 567 

378 514 926 
645 298 173 
912 367 458 
===========
123 456 789 
456 789 231 
789 123 645 

297 635 814 
564 812 397 
831 974 526 

378 541 962 
645 298 173 
912 367 458 
===========
123 456 789 
456 789 231 
789 123 645 

297 635 814 
564 812 397 
831 974 562 

378 541 926 
645 298 173 
912 367 458 
===========
123 456 789 
456 789 231 
789 123 645 

297 635 814 
564 817 923 
831 942 567 

378 564 192 
645 291 378 
912 378 456 
===========
123 456 789 
456 789 231 
789 123 645 

297 641 358 
564 832 917 
831 975 426 

378 594 162 
645 217 893 
912 368 574 
===========
123 456 789 
456 789 231 
789 123 645 

297 641 358 
564 832 917 
831 975 462 

378 594 126 
645 217 893 
912 368 574 
===========
123 456 789 
456 789 231 
789 123 645 

297 641 358 
564 832 197 
831 975 426 

378 514 962 
645 297 813 
912 368 574 
===========
123 456 789 
456 789 231 
789 123 645 

297 641 358 
564 832 197 
831 975 462 

378 514 926 
645 297 813 
912 368 574 
===========
123 456 789 
456 789 231 
789 123 645 

297 641 853 
564 832 917 
831 975 426 

378 594 162 
645 217 398 
912 368 574 
===========
123 456 789 
456 789 231 
789 123 645 

297 641 853 
564 832 917 
831 975 462 

378 594 126 
645 217 398 
912 368 574 
===========
123 456 789 
456 789 231 
789 123 645 

297 641 853 
564 832 197 
831 975 426 

378 514 962 
645 297 318 
912 368 574 
===========
123 456 789 
456 789 231 
789 123 645 

297 641 853 
564 832 197 
831 975 462 

378 514 926 
645 297 318 
912 368 574 
===========
123 456 789 
456 789 231 
789 123 645 

297 645 318 
564 831 927 
831 972 456 

378 594 162 
645 217 893 
912 368 574 
===========
123 456 789 
456 789 231 
789 123 645 

297 645 318 
564 831 972 
831 972 564 

378 594 126 
645 217 893 
912 368 457 
===========
123 456 789 
456 789 231 
789 123 645 

297 645 813 
564 831 927 
831 972 456 

378 594 162 
645 217 398 
912 368 574 
===========
123 456 789 
456 789 231 
789 123 645 

297 645 813 
564 831 972 
831 972 564 

378 594 126 
645 218 397 
912 367 458 
===========
123 456 789 
456 789 231 
789 123 645 

297 645 813 
564 831 972 
831 972 564 

378 594 126 
645 217 398 
912 368 457 
===========
123 456 789 
456 789 231 
789 123 645 

297 814 356 
564 932 178 
831 567 492 

378 691 524 
645 278 913 
912 345 867 
===========
123 456 789 
456 789 231 
789 123 645 

297 814 356 
564 932 178 
831 567 924 

378 695 412 
645 271 893 
912 348 567 
===========
123 456 789 
456 789 231 
789 123 645 

297 814 356 
564 937 128 
831 562 974 

378 695 412 
645 271 893 
912 348 567 
===========
123 456 789 
456 789 231 
789 123 645 

297 814 356 
564 932 817 
831 567 924 

378 641 592 
645 298 173 
912 375 468 
===========
123 456 789 
456 789 231 
789 123 645 

297 814 356 
564 937 128 
831 562 497 

378 645 912 
645 291 873 
912 378 564 
===========
123 456 789 
456 789 231 
789 123 645 

297 814 563 
564 932 817 
831 567 924 

378 645 192 
645 291 378 
912 378 456 
===========
123 456 789 
456 789 231 
789 123 645 

297 831 456 
564 972 318 
831 564 972 

378 695 124 
645 217 893 
912 348 567 
===========
123 456 789 
456 789 231 
789 123 645 

297 831 456 
564 972 813 
831 564 972 

378 695 124 
645 218 397 
912 347 568 
===========
123 456 789 
456 789 231 
789 123 645 

297 831 456 
564 972 813 
831 564 972 

378 695 124 
645 217 398 
912 348 567 
===========
123 456 789 
456 789 231 
789 123 645 

297 831 564 
564 972 318 
831 564 927 

378 615 492 
645 298 173 
912 347 856 
===========
123 456 789 
456 789 231 
789 123 645 

297 834 156 
564 971 328 
831 562 974 

378 695 412 
645 217 893 
912 348 567 
===========
123 456 789 
456 789 231 
789 123 645 

297 834 156 
564 971 823 
831 562 974 

378 695 412 
645 218 397 
912 347 568 
===========
123 456 789 
456 789 231 
789 123 645 

297 834 156 
564 971 823 
831 562 974 

378 695 412 
645 217 398 
912 348 567 
===========
123 456 789 
456 789 231 
789 123 645 

297 834 156 
564 912 378 
831 567 492 

378 691 524 
645 278 913 
912 345 867 
===========
123 456 789 
456 789 231 
789 123 645 

297 834 156 
564 912 378 
831 567 924 

378 695 412 
645 271 893 
912 348 567 
===========
123 456 789 
456 789 231 
789 123 645 

297 834 156 
564 912 873 
831 567 924 

378 695 412 
645 271 398 
912 348 567 
===========
123 456 789 
456 789 231 
789 123 645 

297 834 156 
564 917 328 
831 562 974 

378 695 412 
645 271 893 
912 348 567 
===========
123 456 789 
456 789 231 
789 123 645 

297 834 156 
564 917 823 
831 562 974 

378 695 412 
645 271 398 
912 348 567 
===========
123 456 789 
456 789 231 
789 123 645 

297 834 156 
564 971 328 
831 562 974 

378 615 492 
645 297 813 
912 348 567 
===========
123 456 789 
456 789 231 
789 123 645 

297 834 156 
564 971 823 
831 562 974 

378 615 492 
645 298 317 
912 347 568 
===========
123 456 789 
456 789 231 
789 123 645 

297 834 156 
564 971 823 
831 562 974 

378 615 492 
645 297 318 
912 348 567 
===========
123 456 789 
456 789 231 
789 123 645 

297 834 156 
564 912 873 
831 567 924 

378 641 592 
645 298 317 
912 375 468 
===========
123 456 789 
456 789 231 
789 123 645 

297 834 156 
564 917 328 
831 562 497 

378 645 912 
645 291 873 
912 378 564 
===========
123 456 789 
456 789 231 
789 123 645 

297 834 156 
564 917 823 
831 562 974 

378 641 592 
645 298 317 
912 375 468 
===========
123 456 789 
456 789 231 
789 123 645 

297 834 156 
564 917 823 
831 562 497 

378 645 912 
645 291 378 
912 378 564 
===========
123 456 789 
456 789 231 
789 123 645 

297 834 516 
564 912 378 
831 567 924 

378 691 452 
645 278 193 
912 345 867 
===========
123 456 789 
456 789 231 
789 123 645 

297 834 516 
564 917 328 
831 562 974 

378 691 452 
645 278 193 
912 345 867 
===========
123 456 789 
456 789 231 
789 123 645 

297 834 516 
564 917 328 
831 562 497 

378 641 952 
645 298 173 
912 375 864 
===========
123 456 789 
456 789 231 
789 123 645 

297 841 356 
564 932 817 
831 567 492 

378 695 124 
645 218 973 
912 374 568 
===========
123 456 789 
456 789 231 
789 123 645 

297 841 356 
564 937 128 
831 562 497 

378 694 512 
645 218 973 
912 375 864 
===========
123 456 789 
456 789 231 
789 123 645 

297 841 356 
564 937 812 
831 562 497 

378 695 124 
645 218 973 
912 374 568 
===========
123 456 789 
456 789 231 
789 123 645 

297 841 356 
564 932 817 
831 567 492 

378 615 924 
645 298 173 
912 374 568 
===========
123 456 789 
456 789 231 
789 123 645 

297 841 356 
564 932 817 
831 567 924 

378 615 492 
645 298 173 
912 374 568 
===========
123 456 789 
456 789 231 
789 123 645 

297 841 356 
564 932 817 
831 567 924 

378 614 592 
645 298 173 
912 375 468 
===========
123 456 789 
456 789 231 
789 123 645 

297 841 356 
564 937 812 
831 562 497 

378 615 924 
645 298 173 
912 374 568 
===========
123 456 789 
456 789 231 
789 123 645 

297 841 563 
564 932 178 
831 567 924 

378 695 412 
645 218 397 
912 374 856 
===========
123 456 789 
456 789 231 
789 123 645 

297 841 563 
564 937 128 
831 562 974 

378 695 412 
645 218 397 
912 374 856 
===========
123 456 789 
456 789 231 
789 123 645 

297 841 563 
564 932 178 
831 567 492 

378 615 924 
645 298 317 
912 374 856 
===========
123 456 789 
456 789 231 
789 123 645 

297 841 563 
564 932 178 
831 567 924 

378 615 492 
645 298 317 
912 374 856 
===========
123 456 789 
456 789 231 
789 123 645 

297 841 563 
564 937 128 
831 562 974 

378 615 492 
645 298 317 
912 374 856 
===========
123 456 789 
456 789 231 
789 123 645 

297 861 354 
564 932 178 
831 574 926 

378 695 412 
645 217 893 
912 348 567 
===========
123 456 789 
456 789 231 
789 123 645 

297 861 354 
564 932 178 
831 574 926 

378 615 492 
645 297 813 
912 348 567 
===========
123 456 789 
456 789 231 
789 123 645 

297 861 354 
564 932 817 
831 574 926 

378 615 492 
645 298 173 
912 347 568 
===========
123 456 789 
456 789 231 
789 123 645 

297 861 354 
564 932 817 
831 547 926 

378 615 492 
645 298 173 
912 374 568 
===========
123 456 789 
456 789 231 
789 123 645 

297 861 354 
564 932 817 
831 547 926 

378 614 592 
645 298 173 
912 375 468 
===========
123 456 789 
456 789 231 
789 123 645 

297 861 453 
564 932 817 
831 574 962 

378 695 124 
645 217 398 
912 348 576 
===========
123 456 789 
456 789 231 
789 123 645 

297 861 453 
564 932 178 
831 547 926 

378 694 512 
645 218 397 
912 375 864 
===========
123 456 789 
456 789 231 
789 123 645 

297 861 453 
564 937 128 
831 542 976 

378 694 512 
645 218 397 
912 375 864 
===========
123 456 789 
456 789 231 
789 123 645 

297 861 453 
564 937 812 
831 542 976 

378 695 124 
645 218 397 
912 374 568 
===========
123 456 789 
456 789 231 
789 123 645 

297 861 453 
564 932 178 
831 547 926 

378 614 592 
645 298 317 
912 375 864 
===========
123 456 789 
456 789 231 
789 123 645 

297 861 453 
564 937 128 
831 542 976 

378 614 592 
645 298 317 
912 375 864 
===========
123 456 789 
456 789 231 
789 123 645 

297 864 153 
564 931 827 
831 572 964 

378 695 412 
645 217 398 
912 348 576 
===========
123 456 789 
456 789 231 
789 123 645 

297 864 153 
564 931 827 
831 572 964 

378 615 492 
645 297 318 
912 348 576 
===========
123 456 789 
456 789 231 
789 123 645 

297 864 153 
564 931 872 
831 572 496 

378 615 924 
645 298 317 
912 347 568 
===========
123 456 789 
456 789 231 
789 123 645 

297 864 153 
564 931 872 
831 572 496 

378 615 924 
645 297 318 
912 348 567 
===========
123 456 789 
456 789 231 
789 123 645 

297 514 368 
564 832 197 
831 967 452 

378 691 524 
645 278 913 
912 345 876 
===========
123 456 789 
456 789 231 
789 123 645 

297 514 368 
564 832 197 
831 967 524 

378 691 452 
645 278 913 
912 345 876 
===========
123 456 789 
456 789 231 
789 123 645 

297 514 368 
564 832 917 
831 967 452 

378 691 524 
645 278 193 
912 345 876 
===========
123 456 789 
456 789 231 
789 123 645 

297 514 368 
564 832 917 
831 967 524 

378 691 452 
645 278 193 
912 345 876 
===========
123 456 789 
456 789 231 
789 123 645 

297 514 368 
564 832 917 
831 967 452 

378 695 124 
645 271 893 
912 348 576 
===========
123 456 789 
456 789 231 
789 123 645 

297 514 368 
564 837 192 
831 962 457 

378 691 524 
645 278 913 
912 345 876 
===========
123 456 789 
456 789 231 
789 123 645 

297 514 368 
564 837 912 
831 962 457 

378 691 524 
645 278 193 
912 345 876 
===========
123 456 789 
456 789 231 
789 123 645 

297 514 368 
564 837 912 
831 962 457 

378 695 124 
645 271 893 
912 348 576 
===========
123 456 789 
456 789 231 
789 123 645 

297 514 368 
564 832 197 
831 967 524 

378 645 912 
645 291 873 
912 378 456 
===========
123 456 789 
456 789 231 
789 123 645 

297 514 368 
564 832 917 
831 967 524 

378 645 192 
645 291 873 
912 378 456 
===========
123 456 789 
456 789 231 
789 123 645 

297 514 863 
564 832 917 
831 967 452 

378 695 124 
645 271 398 
912 348 576 
===========
123 456 789 
456 789 231 
789 123 645 

297 514 863 
564 837 912 
831 962 457 

378 695 124 
645 271 398 
912 348 576 
===========
123 456 789 
456 789 231 
789 123 645 

297 514 863 
564 832 197 
831 967 524 

378 645 912 
645 291 378 
912 378 456 
===========
123 456 789 
456 789 231 
789 123 645 

297 514 863 
564 832 917 
831 967 524 

378 645 192 
645 291 378 
912 378 456 
===========
123 456 789 
456 789 231 
789 123 645 

297 531 468 
564 872 913 
831 964 572 

378 695 124 
645 218 397 
912 347 856 
===========
123 456 789 
456 789 231 
789 123 645 

297 531 468 
564 872 193 
831 964 572 

378 615 924 
645 298 317 
912 347 856 
===========
123 456 789 
456 789 231 
789 123 645 

297 534 168 
564 871 923 
831 962 574 

378 695 412 
645 218 397 
912 347 856 
===========
123 456 789 
456 789 231 
789 123 645 

297 534 168 
564 812 397 
831 967 452 

378 691 524 
645 278 913 
912 345 876 
===========
123 456 789 
456 789 231 
789 123 645 

297 534 168 
564 812 397 
831 967 524 

378 691 452 
645 278 913 
912 345 876 
===========
123 456 789 
456 789 231 
789 123 645 

297 534 168 
564 817 392 
831 962 457 

378 691 524 
645 278 913 
912 345 876 
===========
123 456 789 
456 789 231 
789 123 645 

297 534 168 
564 871 392 
831 962 457 

378 615 924 
645 297 813 
912 348 576 
===========
123 456 789 
456 789 231 
789 123 645 

297 534 168 
564 871 923 
831 962 574 

378 615 492 
645 298 317 
912 347 856 
===========
123 456 789 
456 789 231 
789 123 645 

297 534 168 
564 812 397 
831 967 524 

378 645 912 
645 291 873 
912 378 456 
===========
123 456 789 
456 789 231 
789 123 645 

297 534 816 
564 871 392 
831 962 457 

378 695 124 
645 218 973 
912 347 568 
===========
123 456 789 
456 789 231 
789 123 645 

297 534 816 
564 812 973 
831 967 452 

378 695 124 
645 271 398 
912 348 567 
===========
123 456 789 
456 789 231 
789 123 645 

297 534 816 
564 871 392 
831 962 457 

378 615 924 
645 298 173 
912 347 568 
===========
123 456 789 
456 789 231 
789 123 645 

297 534 816 
564 812 397 
831 967 524 

378 641 952 
645 298 173 
912 375 468 
===========
123 456 789 
456 789 231 
789 123 645 

297 534 816 
564 817 923 
831 962 457 

378 645 192 
645 291 378 
912 378 564 
===========
123 456 789 
456 789 231 
789 123 645 

297 541 368 
564 832 197 
831 967 524 

378 695 412 
645 218 973 
912 374 856 
===========
123 456 789 
456 789 231 
789 123 645 

297 541 368 
564 832 917 
831 967 524 

378 615 492 
645 298 173 
912 374 856 
===========
123 456 789 
456 789 231 
789 123 645 

297 564 318 
564 831 972 
831 972 456 

378 695 124 
645 217 893 
912 348 567 
===========
123 456 789 
456 789 231 
789 123 645 

297 564 318 
564 831 927 
831 972 564 

378 615 492 
645 298 173 
912 347 856 
===========
123 456 789 
456 789 231 
789 123 645 

297 564 813 
564 831 972 
831 972 456 

378 695 124 
645 218 397 
912 347 568 
===========
123 456 789 
456 789 231 
789 123 645 

297 564 813 
564 831 972 
831 972 456 

378 695 124 
645 217 398 
912 348 567 
===========
123 456 789 
456 789 231 
789 123 645 

297 614 358 
564 832 197 
831 597 462 

378 961 524 
645 278 913 
912 345 876 
===========
123 456 789 
456 789 231 
789 123 645 

297 614 358 
564 832 917 
831 597 462 

378 961 524 
645 278 193 
912 345 876 
===========
123 456 789 
456 789 231 
789 123 645 

297 614 358 
564 832 917 
831 597 462 

378 965 124 
645 271 893 
912 348 576 
===========
123 456 789 
456 789 231 
789 123 645 

297 614 358 
564 837 192 
831 592 467 

378 961 524 
645 278 913 
912 345 876 
===========
123 456 789 
456 789 231 
789 123 645 

297 614 358 
564 837 192 
831 592 476 

378 961 524 
645 278 913 
912 345 867 
===========
123 456 789 
456 789 231 
789 123 645 

297 614 358 
564 837 912 
831 592 467 

378 961 524 
645 278 193 
912 345 876 
===========
123 456 789 
456 789 231 
789 123 645 

297 614 358 
564 837 912 
831 592 476 

378 961 524 
645 278 193 
912 345 867 
===========
123 456 789 
456 789 231 
789 123 645 

297 614 358 
564 837 912 
831 592 467 

378 965 124 
645 271 893 
912 348 576 
===========
123 456 789 
456 789 231 
789 123 645 

297 614 358 
564 837 912 
831 592 476 

378 965 124 
645 271 893 
912 348 567 
===========
123 456 789 
456 789 231 
789 123 645 

297 614 358 
564 832 197 
831 597 426 

378 941 562 
645 278 913 
912 365 874 
===========
123 456 789 
456 789 231 
789 123 645 

297 614 358 
564 832 197 
831 597 462 

378 941 526 
645 278 913 
912 365 874 
===========
123 456 789 
456 789 231 
789 123 645 

297 614 358 
564 832 917 
831 597 426 

378 941 562 
645 278 193 
912 365 874 
===========
123 456 789 
456 789 231 
789 123 645 

297 614 358 
564 832 917 
831 597 462 

378 941 526 
645 278 193 
912 365 874 
===========
123 456 789 
456 789 231 
789 123 645 

297 614 358 
564 832 917 
831 597 426 

378 945 162 
645 271 893 
912 368 574 
===========
123 456 789 
456 789 231 
789 123 645 

297 614 358 
564 832 917 
831 597 462 

378 945 126 
645 271 893 
912 368 574 
===========
123 456 789 
456 789 231 
789 123 645 

297 614 358 
564 837 192 
831 592 467 

378 941 526 
645 278 913 
912 365 874 
===========
123 456 789 
456 789 231 
789 123 645 

297 614 358 
564 837 912 
831 592 467 

378 941 526 
645 278 193 
912 365 874 
===========
123 456 789 
456 789 231 
789 123 645 

297 614 358 
564 837 912 
831 592 467 

378 945 126 
645 271 893 
912 368 574 
===========
123 456 789 
456 789 231 
789 123 645 

297 614 853 
564 832 917 
831 597 462 

378 965 124 
645 271 398 
912 348 576 
===========
123 456 789 
456 789 231 
789 123 645 

297 614 853 
564 837 912 
831 592 467 

378 965 124 
645 271 398 
912 348 576 
===========
123 456 789 
456 789 231 
789 123 645 

297 614 853 
564 837 912 
831 592 476 

378 965 124 
645 271 398 
912 348 567 
===========
