123 456 789 
456 789 231 
789 132 546 

297 813 465 
564 927 318 
831 645 972 

378 591 624 
645 278 193 
912 364 857 
===========
123 456 789 
456 789 231 
789 132 546 

297 813 465 
564 927 318 
831 645 927 

378 564 192 
645 291 873 
912 378 654 
===========
123 456 789 
456 789 231 
789 132 546 

297 813 465 
564 927 813 
831 645 927 

378 564 192 
645 291 378 
912 378 654 
===========
123 456 789 
456 789 231 
789 132 546 

297 813 654 
564 927 318 
831 645 927 

378 591 462 
645 278 193 
912 364 875 
===========
123 456 789 
456 789 231 
789 132 546 

297 813 654 
564 927 318 
831 645 927 

378 594 162 
645 271 893 
912 368 475 
===========
123 456 789 
456 789 231 
789 132 546 

297 813 654 
564 927 813 
831 645 927 

378 594 162 
645 271 398 
912 368 475 
===========
123 456 789 
456 789 231 
789 132 546 

297 813 654 
564 927 318 
831 645 927 

378 561 492 
645 298 173 
912 374 865 
===========
123 456 789 
456 789 231 
789 132 546 

297 813 654 
564 927 318 
831 645 927 

378 564 192 
645 291 873 
912 378 465 
===========
123 456 789 
456 789 231 
789 132 546 

297 813 654 
564 927 813 
831 645 927 

378 564 192 
645 291 378 
912 378 465 
===========
123 456 789 
456 789 231 
789 132 546 

297 814 365 
564 973 128 
831 625 974 

378 561 492 
645 297 813 
912 348 657 
===========
123 456 789 
456 789 231 
789 132 546 

297 814 365 
564 973 812 
831 625 497 

378 561 924 
645 298 173 
912 347 658 
===========
123 456 789 
456 789 231 
789 132 546 

297 814 365 
564 923 178 
831 675 492 

378 561 924 
645 297 813 
912 348 657 
===========
123 456 789 
456 789 231 
789 132 546 

297 814 365 
564 923 178 
831 675 924 

378 561 492 
645 297 813 
912 348 657 
===========
123 456 789 
456 789 231 
789 132 546 

297 814 365 
564 923 817 
831 675 492 

378 561 924 
645 298 173 
912 347 658 
===========
123 456 789 
456 789 231 
789 132 546 

297 814 365 
564 923 817 
831 675 924 

378 561 492 
645 298 173 
912 347 658 
===========
123 456 789 
456 789 231 
789 132 546 

297 814 365 
564 973 128 
831 625 974 

378 541 692 
645 297 813 
912 368 457 
===========
123 456 789 
456 789 231 
789 132 546 

297 814 365 
564 923 178 
831 675 924 

378 541 692 
645 297 813 
912 368 457 
===========
123 456 789 
456 789 231 
789 132 546 

297 814 365 
564 923 817 
831 675 924 

378 541 692 
645 298 173 
912 367 458 
===========
123 456 789 
456 789 231 
789 132 546 

297 814 653 
564 973 128 
831 625 974 

378 561 492 
645 298 317 
912 347 865 
===========
123 456 789 
456 789 231 
789 132 546 

297 814 653 
564 923 178 
831 675 492 

378 561 924 
645 298 317 
912 347 865 
===========
123 456 789 
456 789 231 
789 132 546 

297 814 653 
564 923 178 
831 675 924 

378 561 492 
645 298 317 
912 347 865 
===========
123 456 789 
456 789 231 
789 132 546 

297 815 364 
564 973 128 
831 624 957 

378 561 492 
645 297 813 
912 348 675 
===========
123 456 789 
456 789 231 
789 132 546 

297 815 364 
564 973 128 
831 624 975 

378 561 492 
645 297 813 
912 348 657 
===========
123 456 789 
456 789 231 
789 132 546 

297 815 364 
564 923 178 
831 674 925 

378 561 492 
645 297 813 
912 348 657 
===========
123 456 789 
456 789 231 
789 132 546 

297 815 364 
564 923 817 
831 674 925 

378 561 492 
645 298 173 
912 347 658 
===========
123 456 789 
456 789 231 
789 132 546 

297 815 364 
564 923 178 
831 647 925 

378 594 612 
645 271 893 
912 368 457 
===========
123 456 789 
456 789 231 
789 132 546 

297 815 364 
564 973 128 
831 624 957 

378 541 692 
645 297 813 
912 368 475 
===========
123 456 789 
456 789 231 
789 132 546 

297 815 364 
564 973 128 
831 624 975 

378 541 692 
645 297 813 
912 368 457 
===========
123 456 789 
456 789 231 
789 132 546 

297 815 364 
564 923 178 
831 674 925 

378 541 692 
645 297 813 
912 368 457 
===========
123 456 789 
456 789 231 
789 132 546 

297 815 364 
564 923 817 
831 674 925 

378 541 692 
645 298 173 
912 367 458 
===========
123 456 789 
456 789 231 
789 132 546 

297 815 364 
564 923 817 
831 647 925 

378 561 492 
645 298 173 
912 374 658 
===========
123 456 789 
456 789 231 
789 132 546 

297 815 463 
564 973 128 
831 624 975 

378 541 692 
645 298 317 
912 367 854 
===========
123 456 789 
456 789 231 
789 132 546 

297 815 463 
564 923 178 
831 674 925 

378 541 692 
645 298 317 
912 367 854 
===========
123 456 789 
456 789 231 
789 132 546 

297 815 463 
564 923 817 
831 647 925 

378 564 192 
645 291 378 
912 378 654 
===========
123 456 789 
456 789 231 
789 132 546 

297 841 365 
564 973 128 
831 625 497 

378 594 612 
645 218 973 
912 367 854 
===========
123 456 789 
456 789 231 
789 132 546 

297 841 365 
564 973 128 
831 625 974 

378 594 612 
645 217 893 
912 368 457 
===========
123 456 789 
456 789 231 
789 132 546 

297 841 365 
564 923 178 
831 675 924 

378 594 612 
645 217 893 
912 368 457 
===========
123 456 789 
456 789 231 
789 132 546 

297 841 365 
564 973 128 
831 625 974 

378 514 692 
645 297 813 
912 368 457 
===========
123 456 789 
456 789 231 
789 132 546 

297 841 365 
564 923 178 
831 675 924 

378 514 692 
645 297 813 
912 368 457 
===========
123 456 789 
456 789 231 
789 132 546 

297 841 365 
564 923 817 
831 675 924 

378 514 692 
645 298 173 
912 367 458 
===========
123 456 789 
456 789 231 
789 132 546 

297 841 653 
564 923 817 
831 675 924 

378 594 162 
645 217 398 
912 368 475 
===========
123 456 789 
456 789 231 
789 132 546 

297 843 165 
564 971 328 
831 625 497 

378 594 612 
645 218 973 
912 367 854 
===========
123 456 789 
456 789 231 
789 132 546 

297 843 165 
564 971 328 
831 625 974 

378 594 612 
645 217 893 
912 368 457 
===========
123 456 789 
456 789 231 
789 132 546 

297 843 165 
564 971 823 
831 625 974 

378 594 612 
645 218 397 
912 367 458 
===========
123 456 789 
456 789 231 
789 132 546 

297 843 165 
564 971 823 
831 625 974 

378 594 612 
645 217 398 
912 368 457 
===========
123 456 789 
456 789 231 
789 132 546 

297 843 165 
564 921 378 
831 675 924 

378 594 612 
645 217 893 
912 368 457 
===========
123 456 789 
456 789 231 
789 132 546 

297 843 165 
564 921 873 
831 675 924 

378 594 612 
645 218 397 
912 367 458 
===========
123 456 789 
456 789 231 
789 132 546 

297 843 165 
564 921 873 
831 675 924 

378 594 612 
645 217 398 
912 368 457 
===========
123 456 789 
456 789 231 
789 132 546 

297 843 165 
564 917 328 
831 625 974 

378 594 612 
645 271 893 
912 368 457 
===========
123 456 789 
456 789 231 
789 132 546 

297 843 165 
564 917 823 
831 625 974 

378 594 612 
645 271 398 
912 368 457 
===========
123 456 789 
456 789 231 
789 132 546 

297 843 165 
564 971 328 
831 625 974 

378 514 692 
645 297 813 
912 368 457 
===========
123 456 789 
456 789 231 
789 132 546 

297 843 165 
564 971 823 
831 625 974 

378 514 692 
645 298 317 
912 367 458 
===========
123 456 789 
456 789 231 
789 132 546 

297 843 165 
564 971 823 
831 625 974 

378 514 692 
645 297 318 
912 368 457 
===========
123 456 789 
456 789 231 
789 132 546 

297 843 165 
564 921 378 
831 675 924 

378 514 692 
645 297 813 
912 368 457 
===========
123 456 789 
456 789 231 
789 132 546 

297 843 165 
564 921 873 
831 675 924 

378 514 692 
645 298 317 
912 367 458 
===========
123 456 789 
456 789 231 
789 132 546 

297 843 165 
564 921 873 
831 675 924 

378 514 692 
645 297 318 
912 368 457 
===========
123 456 789 
456 789 231 
789 132 546 

297 843 165 
564 917 328 
831 625 497 

378 564 912 
645 291 873 
912 378 654 
===========
123 456 789 
456 789 231 
789 132 546 

297 843 165 
564 917 823 
831 625 974 

378 561 492 
645 298 317 
912 374 658 
===========
123 456 789 
456 789 231 
789 132 546 

297 843 165 
564 917 823 
831 625 497 

378 564 912 
645 291 378 
912 378 654 
===========
123 456 789 
456 789 231 
789 132 546 

297 843 615 
564 971 328 
831 625 497 

378 594 162 
645 218 973 
912 367 854 
===========
123 456 789 
456 789 231 
789 132 546 

297 843 615 
564 971 328 
831 625 974 

378 594 162 
645 217 893 
912 368 457 
===========
123 456 789 
456 789 231 
789 132 546 

297 843 615 
564 971 823 
831 625 974 

378 594 162 
645 218 397 
912 367 458 
===========
123 456 789 
456 789 231 
789 132 546 

297 843 615 
564 971 823 
831 625 974 

378 594 162 
645 217 398 
912 368 457 
===========
123 456 789 
456 789 231 
789 132 546 

297 843 615 
564 921 378 
831 675 924 

378 594 162 
645 217 893 
912 368 457 
===========
123 456 789 
456 789 231 
789 132 546 

297 843 615 
564 921 873 
831 675 924 

378 594 162 
645 218 397 
912 367 458 
===========
123 456 789 
456 789 231 
789 132 546 

297 843 615 
564 921 873 
831 675 924 

378 594 162 
645 217 398 
912 368 457 
===========
123 456 789 
456 789 231 
789 132 546 

297 843 615 
564 917 328 
831 625 974 

378 591 462 
645 278 193 
912 364 857 
===========
123 456 789 
456 789 231 
789 132 546 

297 843 615 
564 917 328 
831 625 974 

378 594 162 
645 271 893 
912 368 457 
===========
123 456 789 
456 789 231 
789 132 546 

297 843 615 
564 917 823 
831 625 974 

378 594 162 
645 271 398 
912 368 457 
===========
123 456 789 
456 789 231 
789 132 546 

297 843 615 
564 971 328 
831 625 497 

378 514 962 
645 298 173 
912 367 854 
===========
123 456 789 
456 789 231 
789 132 546 

297 845 163 
564 913 827 
831 627 954 

378 594 612 
645 271 398 
912 368 475 
===========
123 456 789 
456 789 231 
789 132 546 

297 845 163 
564 913 827 
831 627 495 

378 564 912 
645 291 378 
912 378 654 
===========
123 456 789 
456 789 231 
789 132 546 

297 845 163 
564 913 872 
831 627 495 

378 561 924 
645 298 317 
912 374 658 
===========
123 456 789 
456 789 231 
789 132 546 

297 845 613 
564 913 827 
831 627 954 

378 594 162 
645 271 398 
912 368 475 
===========
123 456 789 
456 789 231 
789 132 546 

297 845 613 
564 913 827 
831 627 954 

378 564 192 
645 291 378 
912 378 465 
===========
123 456 789 
456 789 231 
789 132 546 

297 613 458 
564 827 193 
831 945 672 

378 561 924 
645 298 317 
912 374 865 
===========
123 456 789 
456 789 231 
789 132 546 

297 613 854 
564 827 913 
831 945 627 

378 594 162 
645 271 398 
912 368 475 
===========
123 456 789 
456 789 231 
789 132 546 

297 613 854 
564 827 193 
831 945 627 

378 564 912 
645 291 378 
912 378 465 
===========
123 456 789 
456 789 231 
789 132 546 

297 613 854 
564 827 913 
831 945 627 

378 564 192 
645 291 378 
912 378 465 
===========
123 456 789 
456 789 231 
789 132 546 

297 614 358 
564 873 192 
831 925 467 

378 561 924 
645 297 813 
912 348 675 
===========
123 456 789 
456 789 231 
789 132 546 

297 614 358 
564 823 197 
831 975 462 

378 561 924 
645 297 813 
912 348 675 
===========
123 456 789 
456 789 231 
789 132 546 

297 614 358 
564 823 917 
831 975 624 

378 561 492 
645 298 173 
912 347 865 
===========
123 456 789 
456 789 231 
789 132 546 

297 614 358 
564 823 197 
831 975 624 

378 541 962 
645 297 813 
912 368 475 
===========
123 456 789 
456 789 231 
789 132 546 

297 614 853 
564 873 192 
831 925 467 

378 561 924 
645 297 318 
912 348 675 
===========
123 456 789 
456 789 231 
789 132 546 

297 614 853 
564 823 197 
831 975 462 

378 561 924 
645 297 318 
912 348 675 
===========
123 456 789 
456 789 231 
789 132 546 

297 614 853 
564 823 197 
831 975 624 

378 541 962 
645 297 318 
912 368 475 
===========
123 456 789 
456 789 231 
789 132 546 

297 641 358 
564 823 917 
831 975 624 

378 594 162 
645 217 893 
912 368 475 
===========
123 456 789 
456 789 231 
789 132 546 

297 641 358 
564 823 197 
831 975 624 

378 514 962 
645 297 813 
912 368 475 
===========
123 456 789 
456 789 231 
789 132 546 

297 641 853 
564 823 917 
831 975 624 

378 594 162 
645 217 398 
912 368 475 
===========
123 456 789 
456 789 231 
789 132 546 

297 641 853 
564 823 197 
831 975 624 

378 514 962 
645 297 318 
912 368 475 
===========
123 456 789 
456 789 231 
789 132 546 

297 643 158 
564 817 392 
831 925 467 

378 591 624 
645 278 913 
912 364 875 
===========
123 456 789 
456 789 231 
789 132 546 

297 643 158 
564 821 397 
831 975 624 

378 514 962 
645 297 813 
912 368 475 
===========
123 456 789 
456 789 231 
789 132 546 

297 643 158 
564 817 923 
831 925 674 

378 561 492 
645 298 317 
912 374 865 
===========
123 456 789 
456 789 231 
789 132 546 

297 643 815 
564 871 923 
831 925 674 

378 594 162 
645 218 397 
912 367 458 
===========
123 456 789 
456 789 231 
789 132 546 

297 643 815 
564 871 923 
831 925 674 

378 594 162 
645 217 398 
912 368 457 
===========
123 456 789 
456 789 231 
789 132 546 

297 643 815 
564 821 397 
831 975 624 

378 594 162 
645 218 973 
912 367 458 
===========
123 456 789 
456 789 231 
789 132 546 

297 643 815 
564 821 973 
831 975 624 

378 594 162 
645 218 397 
912 367 458 
===========
123 456 789 
456 789 231 
789 132 546 

297 643 815 
564 821 973 
831 975 624 

378 594 162 
645 217 398 
912 368 457 
===========
123 456 789 
456 789 231 
789 132 546 

297 643 815 
564 817 923 
831 925 674 

378 594 162 
645 271 398 
912 368 457 
===========
123 456 789 
456 789 231 
789 132 546 

297 643 815 
564 821 397 
831 975 624 

378 514 962 
645 298 173 
912 367 458 
===========
123 456 789 
456 789 231 
789 132 546 

297 643 815 
564 817 392 
831 925 467 

378 561 924 
645 298 173 
912 374 658 
===========
123 456 789 
456 789 231 
789 132 546 

297 643 815 
564 817 923 
831 925 467 

378 564 192 
645 291 378 
912 378 654 
===========
123 456 789 
456 789 231 
789 132 546 

297 645 318 
564 813 927 
831 927 654 

378 591 462 
645 278 193 
912 364 875 
===========
123 456 789 
456 789 231 
789 132 546 

297 645 318 
564 813 927 
831 927 654 

378 594 162 
645 271 893 
912 368 475 
===========
123 456 789 
456 789 231 
789 132 546 

297 645 318 
564 813 972 
831 927 465 

378 591 624 
645 278 193 
912 364 857 
===========
123 456 789 
456 789 231 
789 132 546 

297 645 318 
564 813 927 
831 927 654 

378 561 492 
645 298 173 
912 374 865 
===========
123 456 789 
456 789 231 
789 132 546 

297 645 318 
564 813 927 
831 927 465 

378 564 192 
645 291 873 
912 378 654 
===========
123 456 789 
456 789 231 
789 132 546 

297 645 318 
564 813 927 
831 927 654 

378 564 192 
645 291 873 
912 378 465 
===========
123 456 789 
456 789 231 
789 132 546 

297 645 813 
564 813 927 
831 927 654 

378 594 162 
645 271 398 
912 368 475 
===========
123 456 789 
456 789 231 
789 132 546 

297 645 813 
564 813 927 
831 927 465 

378 564 192 
645 291 378 
912 378 654 
===========
123 456 789 
456 789 231 
789 132 546 

297 645 813 
564 813 927 
831 927 654 

378 564 192 
645 291 378 
912 378 465 
===========
123 456 789 
456 789 231 
789 132 546 

297 813 465 
564 927 318 
831 564 972 

378 695 124 
645 271 893 
912 348 657 
===========
123 456 789 
456 789 231 
789 132 546 

297 813 465 
564 927 813 
831 564 972 

378 695 124 
645 271 398 
912 348 657 
===========
123 456 789 
456 789 231 
789 132 546 

297 813 465 
564 927 318 
831 564 927 

378 645 192 
645 291 873 
912 378 654 
===========
123 456 789 
456 789 231 
789 132 546 

297 813 465 
564 927 813 
831 564 927 

378 645 192 
645 291 378 
912 378 654 
===========
123 456 789 
456 789 231 
789 132 546 

297 813 654 
564 927 318 
831 564 972 

378 691 425 
645 278 193 
912 345 867 
===========
123 456 789 
456 789 231 
789 132 546 

297 813 654 
564 927 318 
831 564 927 

378 645 192 
645 291 873 
912 378 465 
===========
123 456 789 
456 789 231 
789 132 546 

297 813 654 
564 927 813 
831 564 927 

378 645 192 
645 291 378 
912 378 465 
===========
123 456 789 
456 789 231 
789 132 546 

297 814 365 
564 923 178 
831 567 924 

378 695 412 
645 271 893 
912 348 657 
===========
123 456 789 
456 789 231 
789 132 546 

297 814 365 
564 923 817 
831 567 924 

378 691 452 
645 278 193 
912 345 678 
===========
123 456 789 
456 789 231 
789 132 546 

297 814 653 
564 923 178 
831 567 492 

378 641 925 
645 298 317 
912 375 864 
===========
123 456 789 
456 789 231 
789 132 546 

297 814 653 
564 923 817 
831 567 924 

378 645 192 
645 291 378 
912 378 465 
===========
123 456 789 
456 789 231 
789 132 546 

297 841 365 
564 923 817 
831 567 492 

378 695 124 
645 218 973 
912 374 658 
===========
123 456 789 
456 789 231 
789 132 546 

297 841 365 
564 923 817 
831 567 492 

378 615 924 
645 298 173 
912 374 658 
===========
123 456 789 
456 789 231 
789 132 546 

297 841 365 
564 923 817 
831 567 924 

378 615 492 
645 298 173 
912 374 658 
===========
123 456 789 
456 789 231 
789 132 546 

297 841 653 
564 923 178 
831 567 924 

378 695 412 
645 218 397 
912 374 865 
===========
123 456 789 
456 789 231 
789 132 546 

297 841 653 
564 923 178 
831 567 492 

378 615 924 
645 298 317 
912 374 865 
===========
123 456 789 
456 789 231 
789 132 546 

297 841 653 
564 923 178 
831 567 924 

378 615 492 
645 298 317 
912 374 865 
===========
123 456 789 
456 789 231 
789 132 546 

297 841 653 
564 923 178 
831 567 492 

378 614 925 
645 298 317 
912 375 864 
===========
123 456 789 
456 789 231 
789 132 546 

297 843 165 
564 921 873 
831 567 924 

378 695 412 
645 218 397 
912 374 658 
===========
123 456 789 
456 789 231 
789 132 546 

297 843 165 
564 921 873 
831 567 492 

378 615 924 
645 298 317 
912 374 658 
===========
123 456 789 
456 789 231 
789 132 546 

297 843 165 
564 921 873 
831 567 924 

378 615 492 
645 298 317 
912 374 658 
===========
123 456 789 
456 789 231 
789 132 546 

297 843 615 
564 921 873 
831 567 924 

378 694 152 
645 218 397 
912 375 468 
===========
123 456 789 
456 789 231 
789 132 546 

297 861 354 
564 973 128 
831 524 697 

378 695 412 
645 218 973 
912 347 865 
===========
123 456 789 
456 789 231 
789 132 546 

297 861 354 
564 973 128 
831 524 967 

378 695 412 
645 217 893 
912 348 675 
===========
123 456 789 
456 789 231 
789 132 546 

297 861 354 
564 973 128 
831 524 967 

378 615 492 
645 297 813 
912 348 675 
===========
123 456 789 
456 789 231 
789 132 546 

297 861 354 
564 923 817 
831 547 692 

378 694 125 
645 218 973 
912 375 468 
===========
123 456 789 
456 789 231 
789 132 546 

297 861 354 
564 923 817 
831 547 692 

378 614 925 
645 298 173 
912 375 468 
===========
123 456 789 
456 789 231 
789 132 546 

297 861 453 
564 973 812 
831 524 967 

378 695 124 
645 217 398 
912 348 675 
===========
123 456 789 
456 789 231 
789 132 546 

297 861 453 
564 923 817 
831 574 962 

378 695 124 
645 217 398 
912 348 675 
===========
123 456 789 
456 789 231 
789 132 546 

297 861 453 
564 923 178 
831 574 692 

378 615 924 
645 298 317 
912 347 865 
===========
123 456 789 
456 789 231 
789 132 546 

297 861 453 
564 923 178 
831 547 692 

378 615 924 
645 298 317 
912 374 865 
===========
123 456 789 
456 789 231 
789 132 546 

297 861 453 
564 923 178 
831 547 692 

378 614 925 
645 298 317 
912 375 864 
===========
123 456 789 
456 789 231 
789 132 546 

297 863 154 
564 971 328 
831 524 697 

378 695 412 
645 218 973 
912 347 865 
===========
123 456 789 
456 789 231 
789 132 546 

297 863 154 
564 971 328 
831 524 967 

378 695 412 
645 217 893 
912 348 675 
===========
123 456 789 
456 789 231 
789 132 546 

297 863 154 
564 971 823 
831 524 967 

378 695 412 
645 217 398 
912 348 675 
===========
123 456 789 
456 789 231 
789 132 546 

297 863 154 
564 917 328 
831 524 967 

378 695 412 
645 271 893 
912 348 675 
===========
123 456 789 
456 789 231 
789 132 546 

297 863 154 
564 917 823 
831 524 967 

378 695 412 
645 271 398 
912 348 675 
===========
123 456 789 
456 789 231 
789 132 546 

297 863 154 
564 971 328 
831 524 967 

378 615 492 
645 297 813 
912 348 675 
===========
123 456 789 
456 789 231 
789 132 546 

297 863 154 
564 971 823 
831 524 967 

378 615 492 
645 297 318 
912 348 675 
===========
123 456 789 
456 789 231 
789 132 546 

297 863 154 
564 921 873 
831 547 692 

378 614 925 
645 298 317 
912 375 468 
===========
123 456 789 
456 789 231 
789 132 546 

297 863 154 
564 917 328 
831 524 697 

378 645 912 
645 291 873 
912 378 465 
===========
123 456 789 
456 789 231 
789 132 546 

297 863 154 
564 917 823 
831 524 697 

378 645 912 
645 291 378 
912 378 465 
===========
123 456 789 
456 789 231 
789 132 546 

297 863 415 
564 921 378 
831 574 962 

378 695 124 
645 217 893 
912 348 657 
===========
123 456 789 
456 789 231 
789 132 546 

297 863 415 
564 921 873 
831 574 962 

378 695 124 
645 218 397 
912 347 658 
===========
123 456 789 
456 789 231 
789 132 546 

297 863 415 
564 921 873 
831 574 962 

378 695 124 
645 217 398 
912 348 657 
===========
123 456 789 
456 789 231 
789 132 546 

297 863 415 
564 921 873 
831 547 962 

378 695 124 
645 218 397 
912 374 658 
===========
123 456 789 
456 789 231 
789 132 546 

297 863 415 
564 917 328 
831 524 697 

378 641 952 
645 298 173 
912 375 864 
===========
123 456 789 
456 789 231 
789 132 546 

297 863 415 
564 917 328 
831 524 967 

378 645 192 
645 291 873 
912 378 654 
===========
123 456 789 
456 789 231 
789 132 546 

297 863 415 
564 917 823 
831 524 967 

378 645 192 
645 291 378 
912 378 654 
===========
123 456 789 
456 789 231 
789 132 546 

297 864 153 
564 913 827 
831 527 964 

378 695 412 
645 271 398 
912 348 675 
===========
123 456 789 
456 789 231 
789 132 546 

297 864 153 
564 913 827 
831 527 694 

378 645 912 
645 291 378 
912 378 465 
===========
123 456 789 
456 789 231 
789 132 546 

297 864 153 
564 913 872 
831 527 694 

378 641 925 
645 298 317 
912 375 468 
===========
123 456 789 
456 789 231 
789 132 546 

297 864 315 
564 913 827 
831 527 964 

378 691 452 
645 278 193 
912 345 678 
===========
123 456 789 
456 789 231 
789 132 546 

297 864 315 
564 913 827 
831 527 694 

378 641 952 
645 298 173 
912 375 468 
===========
123 456 789 
456 789 231 
789 132 546 

297 514 368 
564 823 917 
831 967 452 

378 695 124 
645 271 893 
912 348 675 
===========
123 456 789 
456 789 231 
789 132 546 

297 514 368 
564 823 197 
831 967 425 

378 645 912 
645 291 873 
912 378 654 
===========
123 456 789 
456 789 231 
789 132 546 

297 514 368 
564 823 917 
831 967 425 

378 645 192 
645 291 873 
912 378 654 
===========
123 456 789 
456 789 231 
789 132 546 

297 514 863 
564 823 917 
831 967 452 

378 695 124 
645 271 398 
912 348 675 
===========
123 456 789 
456 789 231 
789 132 546 

297 514 863 
564 823 197 
831 967 425 

378 645 912 
645 291 378 
912 378 654 
===========
123 456 789 
456 789 231 
789 132 546 

297 514 863 
564 823 917 
831 967 425 

378 645 192 
645 291 378 
912 378 654 
===========
123 456 789 
456 789 231 
789 132 546 

297 543 618 
564 821 397 
831 967 452 

378 695 124 
645 218 973 
912 374 865 
===========
123 456 789 
456 789 231 
789 132 546 

297 543 618 
564 821 397 
831 967 425 

378 694 152 
645 218 973 
912 375 864 
===========
123 456 789 
456 789 231 
789 132 546 

297 543 618 
564 821 397 
831 967 452 

378 694 125 
645 218 973 
912 375 864 
===========
123 456 789 
456 789 231 
789 132 546 

297 543 618 
564 821 973 
831 967 452 

378 695 124 
645 218 397 
912 374 865 
===========
123 456 789 
456 789 231 
789 132 546 

297 543 618 
564 821 973 
831 967 425 

378 694 152 
645 218 397 
912 375 864 
===========
123 456 789 
456 789 231 
789 132 546 

297 543 618 
564 821 973 
831 967 452 

378 694 125 
645 218 397 
912 375 864 
===========
123 456 789 
456 789 231 
789 132 546 

297 543 618 
564 821 397 
831 967 452 

378 615 924 
645 298 173 
912 374 865 
===========
123 456 789 
456 789 231 
789 132 546 

297 543 618 
564 821 397 
831 967 425 

378 614 952 
645 298 173 
912 375 864 
===========
123 456 789 
456 789 231 
789 132 546 

297 543 618 
564 821 397 
831 967 452 

378 614 925 
645 298 173 
912 375 864 
===========
123 456 789 
456 789 231 
789 132 546 

297 563 418 
564 871 392 
831 924 657 

378 695 124 
645 218 973 
912 347 865 
===========
123 456 789 
456 789 231 
789 132 546 

297 563 418 
564 821 397 
831 974 652 

378 695 124 
645 218 973 
912 347 865 
===========
123 456 789 
456 789 231 
789 132 546 

297 563 418 
564 821 973 
831 974 652 

378 695 124 
645 218 397 
912 347 865 
===========
123 456 789 
456 789 231 
789 132 546 

297 563 418 
564 871 392 
831 924 657 

378 615 924 
645 298 173 
912 347 865 
===========
123 456 789 
456 789 231 
789 132 546 

297 563 418 
564 821 397 
831 974 652 

378 615 924 
645 298 173 
912 347 865 
===========
123 456 789 
456 789 231 
789 132 546 

297 563 418 
564 821 397 
831 947 652 

378 695 124 
645 218 973 
912 374 865 
===========
123 456 789 
456 789 231 
789 132 546 

297 563 418 
564 821 397 
831 947 625 

378 694 152 
645 218 973 
912 375 864 
===========
123 456 789 
456 789 231 
789 132 546 

297 563 418 
564 821 397 
831 947 652 

378 694 125 
645 218 973 
912 375 864 
===========
123 456 789 
456 789 231 
789 132 546 

297 563 418 
564 821 973 
831 947 652 

378 695 124 
645 218 397 
912 374 865 
===========
123 456 789 
456 789 231 
789 132 546 

297 563 418 
564 821 973 
831 947 625 

378 694 152 
645 218 397 
912 375 864 
===========
123 456 789 
456 789 231 
789 132 546 

297 563 418 
564 821 973 
831 947 652 

378 694 125 
645 218 397 
912 375 864 
===========
123 456 789 
456 789 231 
789 132 546 

297 563 418 
564 821 397 
831 947 652 

378 615 924 
645 298 173 
912 374 865 
===========
123 456 789 
456 789 231 
789 132 546 

297 563 418 
564 821 397 
831 947 625 

378 614 952 
645 298 173 
912 375 864 
===========
123 456 789 
456 789 231 
789 132 546 

297 563 418 
564 821 397 
831 947 652 

378 614 925 
645 298 173 
912 375 864 
===========
123 456 789 
456 789 231 
789 132 546 

297 563 418 
564 817 392 
831 924 657 

378 641 925 
645 298 173 
912 375 864 
===========
123 456 789 
456 789 231 
789 132 546 

297 563 814 
564 821 397 
831 947 625 

378 694 152 
645 218 973 
912 375 468 
===========
123 456 789 
456 789 231 
789 132 546 

297 563 814 
564 821 397 
831 947 652 

378 694 125 
645 218 973 
912 375 468 
===========
123 456 789 
456 789 231 
789 132 546 

297 563 814 
564 821 973 
831 947 625 

378 694 152 
645 218 397 
912 375 468 
===========
123 456 789 
456 789 231 
789 132 546 

297 563 814 
564 821 973 
831 947 652 

378 694 125 
645 218 397 
912 375 468 
===========
123 456 789 
456 789 231 
789 132 546 

297 563 814 
564 821 397 
831 947 625 

378 614 952 
645 298 173 
912 375 468 
===========
123 456 789 
456 789 231 
789 132 546 

297 563 814 
564 821 397 
831 947 652 

378 614 925 
645 298 173 
912 375 468 
===========
