123 456 789 
456 789 231 
789 231 564 

297 813 456 
564 927 318 
831 645 927 

378 564 192 
645 192 873 
912 378 645 
===========
123 456 789 
456 789 231 
789 231 564 

297 813 456 
564 927 813 
831 645 927 

378 564 192 
645 192 378 
912 378 645 
===========
123 456 789 
456 789 231 
789 231 564 

297 813 645 
564 972 318 
831 645 972 

378 594 126 
645 127 893 
912 368 457 
===========
123 456 789 
456 789 231 
789 231 564 

297 813 645 
564 972 813 
831 645 972 

378 594 126 
645 128 397 
912 367 458 
===========
123 456 789 
456 789 231 
789 231 564 

297 813 645 
564 972 813 
831 645 972 

378 594 126 
645 127 398 
912 368 457 
===========
123 456 789 
456 789 231 
789 231 564 

297 813 645 
564 927 318 
831 645 972 

378 594 126 
645 172 893 
912 368 457 
===========
123 456 789 
456 789 231 
789 231 564 

297 813 645 
564 927 813 
831 645 972 

378 594 126 
645 172 398 
912 368 457 
===========
123 456 789 
456 789 231 
789 231 564 

297 813 645 
564 972 318 
831 645 972 

378 524 196 
645 197 823 
912 368 457 
===========
123 456 789 
456 789 231 
789 231 564 

297 813 645 
564 972 813 
831 645 927 

378 524 196 
645 198 372 
912 367 458 
===========
123 456 789 
456 789 231 
789 231 564 

297 813 645 
564 972 813 
831 645 972 

378 524 196 
645 198 327 
912 367 458 
===========
123 456 789 
456 789 231 
789 231 564 

297 813 645 
564 972 813 
831 645 972 

378 524 196 
645 197 328 
912 368 457 
===========
123 456 789 
456 789 231 
789 231 564 

297 813 645 
564 927 318 
831 645 927 

378 564 192 
645 192 873 
912 378 456 
===========
123 456 789 
456 789 231 
789 231 564 

297 813 645 
564 927 813 
831 645 927 

378 564 192 
645 192 378 
912 378 456 
===========
123 456 789 
456 789 231 
789 231 564 

297 814 653 
564 973 128 
831 625 497 

378 542 916 
645 198 372 
912 367 845 
===========
123 456 789 
456 789 231 
789 231 564 

297 814 653 
564 973 812 
831 625 947 

378 542 196 
645 197 328 
912 368 475 
===========
123 456 789 
456 789 231 
789 231 564 

297 814 653 
564 923 178 
831 675 492 

378 542 916 
645 198 327 
912 367 845 
===========
123 456 789 
456 789 231 
789 231 564 

297 814 653 
564 923 817 
831 675 942 

378 542 196 
645 197 328 
912 368 475 
===========
123 456 789 
456 789 231 
789 231 564 

297 815 346 
564 973 128 
831 642 957 

378 594 612 
645 127 893 
912 368 475 
===========
123 456 789 
456 789 231 
789 231 564 

297 815 346 
564 973 128 
831 642 975 

378 594 612 
645 127 893 
912 368 457 
===========
123 456 789 
456 789 231 
789 231 564 

297 815 346 
564 923 178 
831 647 925 

378 594 612 
645 172 893 
912 368 457 
===========
123 456 789 
456 789 231 
789 231 564 

297 815 643 
564 973 812 
831 642 975 

378 594 126 
645 128 397 
912 367 458 
===========
123 456 789 
456 789 231 
789 231 564 

297 815 643 
564 973 812 
831 642 957 

378 594 126 
645 127 398 
912 368 475 
===========
123 456 789 
456 789 231 
789 231 564 

297 815 643 
564 973 812 
831 642 975 

378 594 126 
645 127 398 
912 368 457 
===========
123 456 789 
456 789 231 
789 231 564 

297 815 643 
564 923 178 
831 647 925 

378 592 416 
645 178 392 
912 364 857 
===========
123 456 789 
456 789 231 
789 231 564 

297 815 643 
564 923 817 
831 647 952 

378 594 126 
645 172 398 
912 368 475 
===========
123 456 789 
456 789 231 
789 231 564 

297 815 643 
564 973 812 
831 642 975 

378 524 196 
645 198 327 
912 367 458 
===========
123 456 789 
456 789 231 
789 231 564 

297 815 643 
564 973 812 
831 642 957 

378 524 196 
645 197 328 
912 368 475 
===========
123 456 789 
456 789 231 
789 231 564 

297 815 643 
564 973 812 
831 642 975 

378 524 196 
645 197 328 
912 368 457 
===========
123 456 789 
456 789 231 
789 231 564 

297 815 643 
564 973 812 
831 624 975 

378 542 196 
645 198 327 
912 367 458 
===========
123 456 789 
456 789 231 
789 231 564 

297 815 643 
564 973 812 
831 624 957 

378 542 196 
645 197 328 
912 368 475 
===========
123 456 789 
456 789 231 
789 231 564 

297 815 643 
564 973 812 
831 624 975 

378 542 196 
645 197 328 
912 368 457 
===========
123 456 789 
456 789 231 
789 231 564 

297 815 643 
564 923 817 
831 674 925 

378 542 196 
645 198 372 
912 367 458 
===========
123 456 789 
456 789 231 
789 231 564 

297 815 643 
564 923 817 
831 674 952 

378 542 196 
645 197 328 
912 368 475 
===========
123 456 789 
456 789 231 
789 231 564 

297 815 643 
564 923 817 
831 647 925 

378 564 192 
645 192 378 
912 378 456 
===========
123 456 789 
456 789 231 
789 231 564 

297 843 156 
564 917 328 
831 625 947 

378 594 612 
645 172 893 
912 368 475 
===========
123 456 789 
456 789 231 
789 231 564 

297 843 156 
564 917 823 
831 625 947 

378 594 612 
645 172 398 
912 368 475 
===========
123 456 789 
456 789 231 
789 231 564 

297 843 156 
564 917 328 
831 625 497 

378 564 912 
645 192 873 
912 378 645 
===========
123 456 789 
456 789 231 
789 231 564 

297 843 156 
564 917 823 
831 625 497 

378 564 912 
645 192 378 
912 378 645 
===========
123 456 789 
456 789 231 
789 231 564 

297 843 615 
564 912 378 
831 675 942 

378 594 126 
645 127 893 
912 368 457 
===========
123 456 789 
456 789 231 
789 231 564 

297 843 615 
564 912 873 
831 675 942 

378 594 126 
645 128 397 
912 367 458 
===========
123 456 789 
456 789 231 
789 231 564 

297 843 615 
564 912 873 
831 675 942 

378 594 126 
645 127 398 
912 368 457 
===========
123 456 789 
456 789 231 
789 231 564 

297 843 615 
564 912 378 
831 675 942 

378 524 196 
645 197 823 
912 368 457 
===========
123 456 789 
456 789 231 
789 231 564 

297 843 615 
564 912 873 
831 675 942 

378 524 196 
645 198 327 
912 367 458 
===========
123 456 789 
456 789 231 
789 231 564 

297 843 615 
564 912 873 
831 675 942 

378 524 196 
645 197 328 
912 368 457 
===========
123 456 789 
456 789 231 
789 231 564 

297 843 615 
564 917 328 
831 625 947 

378 564 192 
645 192 873 
912 378 456 
===========
123 456 789 
456 789 231 
789 231 564 

297 843 615 
564 917 823 
831 625 947 

378 564 192 
645 192 378 
912 378 456 
===========
123 456 789 
456 789 231 
789 231 564 

297 845 613 
564 913 872 
831 672 945 

378 594 126 
645 128 397 
912 367 458 
===========
123 456 789 
456 789 231 
789 231 564 

297 845 613 
564 913 872 
831 672 945 

378 594 126 
645 127 398 
912 368 457 
===========
123 456 789 
456 789 231 
789 231 564 

297 845 613 
564 913 872 
831 627 945 

378 594 126 
645 172 398 
912 368 457 
===========
123 456 789 
456 789 231 
789 231 564 

297 845 613 
564 913 827 
831 672 945 

378 524 196 
645 198 372 
912 367 458 
===========
123 456 789 
456 789 231 
789 231 564 

297 845 613 
564 913 872 
831 672 945 

378 524 196 
645 198 327 
912 367 458 
===========
123 456 789 
456 789 231 
789 231 564 

297 845 613 
564 913 872 
831 672 945 

378 524 196 
645 197 328 
912 368 457 
===========
123 456 789 
456 789 231 
789 231 564 

297 845 613 
564 913 827 
831 627 945 

378 564 192 
645 192 378 
912 378 456 
===========
123 456 789 
456 789 231 
789 231 564 

297 613 458 
564 872 913 
831 945 672 

378 594 126 
645 128 397 
912 367 845 
===========
123 456 789 
456 789 231 
789 231 564 

297 613 458 
564 827 913 
831 945 627 

378 592 146 
645 178 392 
912 364 875 
===========
123 456 789 
456 789 231 
789 231 564 

297 613 458 
564 872 193 
831 945 627 

378 524 916 
645 198 372 
912 367 845 
===========
123 456 789 
456 789 231 
789 231 564 

297 613 458 
564 872 193 
831 945 672 

378 524 916 
645 198 327 
912 367 845 
===========
123 456 789 
456 789 231 
789 231 564 

297 613 458 
564 872 913 
831 945 627 

378 524 196 
645 198 372 
912 367 845 
===========
123 456 789 
456 789 231 
789 231 564 

297 613 458 
564 872 913 
831 945 672 

378 524 196 
645 198 327 
912 367 845 
===========
123 456 789 
456 789 231 
789 231 564 

297 613 845 
564 872 913 
831 945 672 

378 594 126 
645 128 397 
912 367 458 
===========
123 456 789 
456 789 231 
789 231 564 

297 613 845 
564 872 913 
831 945 672 

378 594 126 
645 127 398 
912 368 457 
===========
123 456 789 
456 789 231 
789 231 564 

297 613 845 
564 827 913 
831 945 672 

378 594 126 
645 172 398 
912 368 457 
===========
123 456 789 
456 789 231 
789 231 564 

297 613 845 
564 872 193 
831 945 627 

378 524 916 
645 198 372 
912 367 458 
===========
123 456 789 
456 789 231 
789 231 564 

297 613 845 
564 872 193 
831 945 672 

378 524 916 
645 198 327 
912 367 458 
===========
123 456 789 
456 789 231 
789 231 564 

297 613 845 
564 872 193 
831 945 672 

378 524 916 
645 197 328 
912 368 457 
===========
123 456 789 
456 789 231 
789 231 564 

297 613 845 
564 872 913 
831 945 627 

378 524 196 
645 198 372 
912 367 458 
===========
123 456 789 
456 789 231 
789 231 564 

297 613 845 
564 872 913 
831 945 672 

378 524 196 
645 198 327 
912 367 458 
===========
123 456 789 
456 789 231 
789 231 564 

297 613 845 
564 872 913 
831 945 672 

378 524 196 
645 197 328 
912 368 457 
===========
123 456 789 
456 789 231 
789 231 564 

297 613 845 
564 827 193 
831 945 627 

378 564 912 
645 192 378 
912 378 456 
===========
123 456 789 
456 789 231 
789 231 564 

297 613 845 
564 827 913 
831 945 627 

378 564 192 
645 192 378 
912 378 456 
===========
123 456 789 
456 789 231 
789 231 564 

297 614 358 
564 873 192 
831 925 647 

378 542 916 
645 197 823 
912 368 475 
===========
123 456 789 
456 789 231 
789 231 564 

297 614 358 
564 873 912 
831 925 647 

378 542 196 
645 197 823 
912 368 475 
===========
123 456 789 
456 789 231 
789 231 564 

297 614 358 
564 823 197 
831 975 642 

378 542 916 
645 197 823 
912 368 475 
===========
123 456 789 
456 789 231 
789 231 564 

297 614 358 
564 823 917 
831 975 642 

378 542 196 
645 197 823 
912 368 475 
===========
123 456 789 
456 789 231 
789 231 564 

297 614 853 
564 873 192 
831 925 647 

378 542 916 
645 197 328 
912 368 475 
===========
123 456 789 
456 789 231 
789 231 564 

297 614 853 
564 873 912 
831 925 647 

378 542 196 
645 197 328 
912 368 475 
===========
123 456 789 
456 789 231 
789 231 564 

297 614 853 
564 823 197 
831 975 642 

378 542 916 
645 197 328 
912 368 475 
===========
123 456 789 
456 789 231 
789 231 564 

297 614 853 
564 823 917 
831 975 642 

378 542 196 
645 197 328 
912 368 475 
===========
123 456 789 
456 789 231 
789 231 564 

297 615 348 
564 873 912 
831 942 657 

378 594 126 
645 127 893 
912 368 475 
===========
123 456 789 
456 789 231 
789 231 564 

297 615 348 
564 873 912 
831 942 675 

378 594 126 
645 127 893 
912 368 457 
===========
123 456 789 
456 789 231 
789 231 564 

297 615 348 
564 823 197 
831 947 652 

378 592 416 
645 178 923 
912 364 875 
===========
123 456 789 
456 789 231 
789 231 564 

297 615 348 
564 823 917 
831 947 652 

378 594 126 
645 172 893 
912 368 475 
===========
123 456 789 
456 789 231 
789 231 564 

297 615 348 
564 873 192 
831 942 657 

378 524 916 
645 197 823 
912 368 475 
===========
123 456 789 
456 789 231 
789 231 564 

297 615 348 
564 873 192 
831 942 675 

378 524 916 
645 197 823 
912 368 457 
===========
123 456 789 
456 789 231 
789 231 564 

297 615 348 
564 873 912 
831 942 657 

378 524 196 
645 197 823 
912 368 475 
===========
123 456 789 
456 789 231 
789 231 564 

297 615 348 
564 873 912 
831 942 675 

378 524 196 
645 197 823 
912 368 457 
===========
123 456 789 
456 789 231 
789 231 564 

297 615 348 
564 873 192 
831 924 657 

378 542 916 
645 197 823 
912 368 475 
===========
123 456 789 
456 789 231 
789 231 564 

297 615 348 
564 873 192 
831 924 675 

378 542 916 
645 197 823 
912 368 457 
===========
123 456 789 
456 789 231 
789 231 564 

297 615 348 
564 873 912 
831 924 657 

378 542 196 
645 197 823 
912 368 475 
===========
123 456 789 
456 789 231 
789 231 564 

297 615 348 
564 873 912 
831 924 675 

378 542 196 
645 197 823 
912 368 457 
===========
123 456 789 
456 789 231 
789 231 564 

297 615 348 
564 823 197 
831 974 652 

378 542 916 
645 197 823 
912 368 475 
===========
123 456 789 
456 789 231 
789 231 564 

297 615 348 
564 823 917 
831 974 652 

378 542 196 
645 197 823 
912 368 475 
===========
123 456 789 
456 789 231 
789 231 564 

297 615 348 
564 823 197 
831 947 625 

378 564 912 
645 192 873 
912 378 456 
===========
123 456 789 
456 789 231 
789 231 564 

297 615 348 
564 823 917 
831 947 625 

378 564 192 
645 192 873 
912 378 456 
===========
123 456 789 
456 789 231 
789 231 564 

297 615 843 
564 873 912 
831 942 675 

378 594 126 
645 128 397 
912 367 458 
===========
123 456 789 
456 789 231 
789 231 564 

297 615 843 
564 873 912 
831 942 657 

378 594 126 
645 127 398 
912 368 475 
===========
123 456 789 
456 789 231 
789 231 564 

297 615 843 
564 873 912 
831 942 675 

378 594 126 
645 127 398 
912 368 457 
===========
123 456 789 
456 789 231 
789 231 564 

297 615 843 
564 823 917 
831 947 652 

378 594 126 
645 172 398 
912 368 475 
===========
123 456 789 
456 789 231 
789 231 564 

297 615 843 
564 873 192 
831 942 675 

378 524 916 
645 198 327 
912 367 458 
===========
123 456 789 
456 789 231 
789 231 564 

297 615 843 
564 873 192 
831 942 657 

378 524 916 
645 197 328 
912 368 475 
===========
123 456 789 
456 789 231 
789 231 564 

297 615 843 
564 873 192 
831 942 675 

378 524 916 
645 197 328 
912 368 457 
===========
123 456 789 
456 789 231 
789 231 564 

297 615 843 
564 873 912 
831 942 675 

378 524 196 
645 198 327 
912 367 458 
===========
123 456 789 
456 789 231 
789 231 564 

297 615 843 
564 873 912 
831 942 657 

378 524 196 
645 197 328 
912 368 475 
===========
123 456 789 
456 789 231 
789 231 564 

297 615 843 
564 873 912 
831 942 675 

378 524 196 
645 197 328 
912 368 457 
===========
123 456 789 
456 789 231 
789 231 564 

297 615 843 
564 873 192 
831 924 675 

378 542 916 
645 198 327 
912 367 458 
===========
123 456 789 
456 789 231 
789 231 564 

297 615 843 
564 873 192 
831 924 657 

378 542 916 
645 197 328 
912 368 475 
===========
123 456 789 
456 789 231 
789 231 564 

297 615 843 
564 873 192 
831 924 675 

378 542 916 
645 197 328 
912 368 457 
===========
123 456 789 
456 789 231 
789 231 564 

297 615 843 
564 873 912 
831 924 675 

378 542 196 
645 198 327 
912 367 458 
===========
123 456 789 
456 789 231 
789 231 564 

297 615 843 
564 873 912 
831 924 657 

378 542 196 
645 197 328 
912 368 475 
===========
123 456 789 
456 789 231 
789 231 564 

297 615 843 
564 873 912 
831 924 675 

378 542 196 
645 197 328 
912 368 457 
===========
123 456 789 
456 789 231 
789 231 564 

297 615 843 
564 823 197 
831 974 625 

378 542 916 
645 198 372 
912 367 458 
===========
123 456 789 
456 789 231 
789 231 564 

297 615 843 
564 823 197 
831 974 652 

378 542 916 
645 197 328 
912 368 475 
===========
123 456 789 
456 789 231 
789 231 564 

297 615 843 
564 823 917 
831 974 625 

378 542 196 
645 198 372 
912 367 458 
===========
123 456 789 
456 789 231 
789 231 564 

297 615 843 
564 823 917 
831 974 652 

378 542 196 
645 197 328 
912 368 475 
===========
123 456 789 
456 789 231 
789 231 564 

297 615 843 
564 823 197 
831 947 625 

378 564 912 
645 192 378 
912 378 456 
===========
123 456 789 
456 789 231 
789 231 564 

297 615 843 
564 823 917 
831 947 625 

378 564 192 
645 192 378 
912 378 456 
===========
123 456 789 
456 789 231 
789 231 564 

297 643 158 
564 812 397 
831 975 426 

378 594 612 
645 128 973 
912 367 845 
===========
123 456 789 
456 789 231 
789 231 564 

297 643 158 
564 812 973 
831 975 426 

378 594 612 
645 128 397 
912 367 845 
===========
123 456 789 
456 789 231 
789 231 564 

297 643 158 
564 817 392 
831 925 647 

378 592 416 
645 178 923 
912 364 875 
===========
123 456 789 
456 789 231 
789 231 564 

297 643 158 
564 817 923 
831 925 647 

378 592 416 
645 178 392 
912 364 875 
===========
123 456 789 
456 789 231 
789 231 564 

297 643 158 
564 812 397 
831 975 642 

378 524 916 
645 197 823 
912 368 475 
===========
123 456 789 
456 789 231 
789 231 564 

297 643 815 
564 812 397 
831 975 642 

378 594 126 
645 128 973 
912 367 458 
===========
123 456 789 
456 789 231 
789 231 564 

297 643 815 
564 812 973 
831 975 642 

378 594 126 
645 128 397 
912 367 458 
===========
123 456 789 
456 789 231 
789 231 564 

297 643 815 
564 812 973 
831 975 642 

378 594 126 
645 127 398 
912 368 457 
===========
123 456 789 
456 789 231 
789 231 564 

297 643 815 
564 812 973 
831 975 642 

378 524 196 
645 198 327 
912 367 458 
===========
123 456 789 
456 789 231 
789 231 564 

297 643 815 
564 812 973 
831 975 642 

378 524 196 
645 197 328 
912 368 457 
===========
123 456 789 
456 789 231 
789 231 564 

297 643 815 
564 817 923 
831 925 647 

378 564 192 
645 192 378 
912 378 456 
===========
123 456 789 
456 789 231 
789 231 564 

297 645 318 
564 813 972 
831 972 645 

378 594 126 
645 127 893 
912 368 457 
===========
123 456 789 
456 789 231 
789 231 564 

297 645 318 
564 813 972 
831 927 645 

378 594 126 
645 172 893 
912 368 457 
===========
123 456 789 
456 789 231 
789 231 564 

297 645 318 
564 813 972 
831 972 645 

378 524 196 
645 197 823 
912 368 457 
===========
123 456 789 
456 789 231 
789 231 564 

297 645 318 
564 813 927 
831 927 456 

378 564 192 
645 192 873 
912 378 645 
===========
123 456 789 
456 789 231 
789 231 564 

297 645 318 
564 813 927 
831 927 645 

378 564 192 
645 192 873 
912 378 456 
===========
123 456 789 
456 789 231 
789 231 564 

297 645 813 
564 813 972 
831 972 645 

378 594 126 
645 128 397 
912 367 458 
===========
123 456 789 
456 789 231 
789 231 564 

297 645 813 
564 813 972 
831 972 645 

378 594 126 
645 127 398 
912 368 457 
===========
123 456 789 
456 789 231 
789 231 564 

297 645 813 
564 813 972 
831 927 645 

378 594 126 
645 172 398 
912 368 457 
===========
123 456 789 
456 789 231 
789 231 564 

297 645 813 
564 813 927 
831 972 645 

378 524 196 
645 198 372 
912 367 458 
===========
123 456 789 
456 789 231 
789 231 564 

297 645 813 
564 813 972 
831 972 645 

378 524 196 
645 198 327 
912 367 458 
===========
123 456 789 
456 789 231 
789 231 564 

297 645 813 
564 813 972 
831 972 645 

378 524 196 
645 197 328 
912 368 457 
===========
123 456 789 
456 789 231 
789 231 564 

297 645 813 
564 813 927 
831 927 456 

378 564 192 
645 192 378 
912 378 645 
===========
123 456 789 
456 789 231 
789 231 564 

297 645 813 
564 813 927 
831 927 645 

378 564 192 
645 192 378 
912 378 456 
===========
123 456 789 
456 789 231 
789 231 564 

297 813 456 
564 972 318 
831 564 927 

378 695 142 
645 127 893 
912 348 675 
===========
123 456 789 
456 789 231 
789 231 564 

297 813 456 
564 972 813 
831 564 927 

378 695 142 
645 127 398 
912 348 675 
===========
123 456 789 
456 789 231 
789 231 564 

297 813 456 
564 927 318 
831 564 927 

378 695 142 
645 172 893 
912 348 675 
===========
123 456 789 
456 789 231 
789 231 564 

297 813 456 
564 927 813 
831 564 927 

378 692 145 
645 178 392 
912 345 678 
===========
123 456 789 
456 789 231 
789 231 564 

297 813 456 
564 927 813 
831 564 927 

378 695 142 
645 172 398 
912 348 675 
===========
123 456 789 
456 789 231 
789 231 564 

297 813 456 
564 927 318 
831 564 927 

378 645 192 
645 192 873 
912 378 645 
===========
123 456 789 
456 789 231 
789 231 564 

297 813 456 
564 927 813 
831 564 927 

378 642 195 
645 198 372 
912 375 648 
===========
123 456 789 
456 789 231 
789 231 564 

297 813 456 
564 927 813 
831 564 972 

378 642 195 
645 198 327 
912 375 648 
===========
123 456 789 
456 789 231 
789 231 564 

297 813 456 
564 927 813 
831 564 927 

378 645 192 
645 192 378 
912 378 645 
===========
123 456 789 
456 789 231 
789 231 564 

297 813 645 
564 927 318 
831 564 927 

378 645 192 
645 192 873 
912 378 456 
===========
123 456 789 
456 789 231 
789 231 564 

297 813 645 
564 927 813 
831 564 927 

378 645 192 
645 192 378 
912 378 456 
===========
123 456 789 
456 789 231 
789 231 564 

297 814 356 
564 973 128 
831 562 947 

378 695 412 
645 127 893 
912 348 675 
===========
123 456 789 
456 789 231 
789 231 564 

297 814 356 
564 923 817 
831 567 492 

378 692 145 
645 178 923 
912 345 678 
===========
123 456 789 
456 789 231 
789 231 564 

297 814 653 
564 923 178 
831 567 492 

378 642 915 
645 198 327 
912 375 846 
===========
123 456 789 
456 789 231 
789 231 564 

297 843 156 
564 912 873 
831 567 492 

378 624 915 
645 198 327 
912 375 648 
===========
123 456 789 
456 789 231 
789 231 564 

297 843 156 
564 917 823 
831 562 497 

378 624 915 
645 198 372 
912 375 648 
===========
123 456 789 
456 789 231 
789 231 564 

297 843 615 
564 917 328 
831 562 497 

378 695 142 
645 128 973 
912 374 856 
===========
123 456 789 
456 789 231 
789 231 564 

297 843 615 
564 917 328 
831 562 497 

378 694 152 
645 128 973 
912 375 846 
===========
123 456 789 
456 789 231 
789 231 564 

297 863 145 
564 912 378 
831 574 926 

378 695 412 
645 127 893 
912 348 657 
===========
123 456 789 
456 789 231 
789 231 564 

297 863 145 
564 912 873 
831 574 926 

378 695 412 
645 128 397 
912 347 658 
===========
123 456 789 
456 789 231 
789 231 564 

297 863 145 
564 912 873 
831 574 926 

378 695 412 
645 127 398 
912 348 657 
===========
123 456 789 
456 789 231 
789 231 564 

297 863 145 
564 917 328 
831 524 976 

378 695 412 
645 172 893 
912 348 657 
===========
123 456 789 
456 789 231 
789 231 564 

297 863 145 
564 917 823 
831 524 976 

378 695 412 
645 172 398 
912 348 657 
===========
123 456 789 
456 789 231 
789 231 564 

297 863 145 
564 912 873 
831 547 926 

378 695 412 
645 128 397 
912 374 658 
===========
123 456 789 
456 789 231 
789 231 564 

297 863 145 
564 917 328 
831 542 697 

378 695 412 
645 128 973 
912 374 856 
===========
123 456 789 
456 789 231 
789 231 564 

297 863 145 
564 917 823 
831 542 976 

378 695 412 
645 128 397 
912 374 658 
===========
123 456 789 
456 789 231 
789 231 564 

297 863 145 
564 917 328 
831 524 697 

378 645 912 
645 192 873 
912 378 456 
===========
123 456 789 
456 789 231 
789 231 564 

297 863 145 
564 917 823 
831 524 697 

378 645 912 
645 192 378 
912 378 456 
===========
123 456 789 
456 789 231 
789 231 564 

297 863 415 
564 912 378 
831 574 926 

378 695 142 
645 127 893 
912 348 657 
===========
123 456 789 
456 789 231 
789 231 564 

297 863 415 
564 912 873 
831 574 926 

378 695 142 
645 128 397 
912 347 658 
===========
123 456 789 
456 789 231 
789 231 564 

297 863 415 
564 912 873 
831 574 926 

378 695 142 
645 127 398 
912 348 657 
===========
123 456 789 
456 789 231 
789 231 564 

297 863 415 
564 917 328 
831 524 976 

378 695 142 
645 172 893 
912 348 657 
===========
123 456 789 
456 789 231 
789 231 564 

297 863 415 
564 917 823 
831 524 976 

378 695 142 
645 172 398 
912 348 657 
===========
123 456 789 
456 789 231 
789 231 564 

297 863 415 
564 912 873 
831 547 926 

378 695 142 
645 128 397 
912 374 658 
===========
123 456 789 
456 789 231 
789 231 564 

297 863 415 
564 912 873 
831 547 926 

378 694 152 
645 128 397 
912 375 648 
===========
123 456 789 
456 789 231 
789 231 564 

297 863 415 
564 917 328 
831 542 697 

378 695 142 
645 128 973 
912 374 856 
===========
123 456 789 
456 789 231 
789 231 564 

297 863 415 
564 917 328 
831 542 697 

378 694 152 
645 128 973 
912 375 846 
===========
123 456 789 
456 789 231 
789 231 564 

297 863 415 
564 917 823 
831 542 976 

378 695 142 
645 128 397 
912 374 658 
===========
123 456 789 
456 789 231 
789 231 564 

297 863 415 
564 917 823 
831 542 976 

378 694 152 
645 128 397 
912 375 648 
===========
123 456 789 
456 789 231 
789 231 564 

297 864 153 
564 913 827 
831 572 946 

378 695 412 
645 127 398 
912 348 675 
===========
123 456 789 
456 789 231 
789 231 564 

297 864 153 
564 913 827 
831 527 946 

378 692 415 
645 178 392 
912 345 678 
===========
123 456 789 
456 789 231 
789 231 564 

297 864 153 
564 913 827 
831 527 946 

378 695 412 
645 172 398 
912 348 675 
===========
123 456 789 
456 789 231 
789 231 564 

297 864 153 
564 913 827 
831 527 496 

378 642 915 
645 198 372 
912 375 648 
===========
123 456 789 
456 789 231 
789 231 564 

297 864 153 
564 913 827 
831 527 496 

378 645 912 
645 192 378 
912 378 645 
===========
123 456 789 
456 789 231 
789 231 564 

297 864 153 
564 913 872 
831 527 496 

378 642 915 
645 198 327 
912 375 648 
===========
123 456 789 
456 789 231 
789 231 564 

297 864 315 
564 913 827 
831 572 496 

378 695 142 
645 128 973 
912 347 658 
===========
123 456 789 
456 789 231 
789 231 564 

297 543 618 
564 812 397 
831 967 425 

378 695 142 
645 128 973 
912 374 856 
===========
123 456 789 
456 789 231 
789 231 564 

297 543 618 
564 812 397 
831 967 425 

378 694 152 
645 128 973 
912 375 846 
===========
123 456 789 
456 789 231 
789 231 564 

297 543 618 
564 812 397 
831 967 452 

378 694 125 
645 128 973 
912 375 846 
===========
123 456 789 
456 789 231 
789 231 564 

297 543 618 
564 812 973 
831 967 425 

378 695 142 
645 128 397 
912 374 856 
===========
123 456 789 
456 789 231 
789 231 564 

297 543 618 
564 812 973 
831 967 425 

378 694 152 
645 128 397 
912 375 846 
===========
123 456 789 
456 789 231 
789 231 564 

297 543 618 
564 812 973 
831 967 452 

378 694 125 
645 128 397 
912 375 846 
===========
123 456 789 
456 789 231 
789 231 564 

297 543 618 
564 817 392 
831 962 457 

378 694 125 
645 128 973 
912 375 846 
===========
123 456 789 
456 789 231 
789 231 564 

297 543 618 
564 817 923 
831 962 475 

378 695 142 
645 128 397 
912 374 856 
===========
123 456 789 
456 789 231 
789 231 564 

297 543 618 
564 817 923 
831 962 475 

378 694 152 
645 128 397 
912 375 846 
===========
123 456 789 
456 789 231 
789 231 564 

297 543 618 
564 812 973 
831 967 452 

378 624 195 
645 198 327 
912 375 846 
===========
123 456 789 
456 789 231 
789 231 564 

297 543 618 
564 817 923 
831 962 457 

378 624 195 
645 198 372 
912 375 846 
===========
123 456 789 
456 789 231 
789 231 564 

297 543 816 
564 812 397 
831 967 425 

378 695 142 
645 128 973 
912 374 658 
===========
123 456 789 
456 789 231 
789 231 564 

297 543 816 
564 812 397 
831 967 425 

378 694 152 
645 128 973 
912 375 648 
===========
123 456 789 
456 789 231 
789 231 564 

297 543 816 
564 812 397 
831 967 452 

378 694 125 
645 128 973 
912 375 648 
===========
123 456 789 
456 789 231 
789 231 564 

297 543 816 
564 812 973 
831 967 425 

378 695 142 
645 128 397 
912 374 658 
===========
