123 456 789 
456 789 123 
789 123 564 

297 814 635 
564 932 817 
831 675 942 

378 541 296 
645 298 371 
912 367 458 
===========
123 456 789 
456 789 123 
789 123 564 

297 814 635 
564 932 871 
831 675 942 

378 541 296 
645 298 317 
912 367 458 
===========
123 456 789 
456 789 123 
789 123 564 

297 814 635 
564 932 871 
831 675 942 

378 541 296 
645 297 318 
912 368 457 
===========
123 456 789 
456 789 123 
789 123 564 

297 815 346 
564 932 871 
831 647 295 

378 594 612 
645 271 938 
912 368 457 
===========
123 456 789 
456 789 123 
789 123 564 

297 815 436 
564 932 817 
831 674 295 

378 561 942 
645 298 371 
912 347 658 
===========
123 456 789 
456 789 123 
789 123 564 

297 815 436 
564 932 871 
831 674 295 

378 561 942 
645 298 317 
912 347 658 
===========
123 456 789 
456 789 123 
789 123 564 

297 815 436 
564 932 871 
831 674 295 

378 561 942 
645 297 318 
912 348 657 
===========
123 456 789 
456 789 123 
789 123 564 

297 815 436 
564 937 218 
831 642 957 

378 591 642 
645 278 391 
912 364 875 
===========
123 456 789 
456 789 123 
789 123 564 

297 815 436 
564 937 218 
831 642 975 

378 591 642 
645 278 391 
912 364 857 
===========
123 456 789 
456 789 123 
789 123 564 

297 815 436 
564 932 817 
831 647 295 

378 561 942 
645 298 371 
912 374 658 
===========
123 456 789 
456 789 123 
789 123 564 

297 815 436 
564 932 817 
831 647 952 

378 564 291 
645 291 378 
912 378 645 
===========
123 456 789 
456 789 123 
789 123 564 

297 815 436 
564 932 871 
831 647 295 

378 561 942 
645 298 317 
912 374 658 
===========
123 456 789 
456 789 123 
789 123 564 

297 815 436 
564 937 812 
831 642 957 

378 564 291 
645 291 378 
912 378 645 
===========
123 456 789 
456 789 123 
789 123 564 

297 831 645 
564 972 831 
831 645 972 

378 594 216 
645 218 397 
912 367 458 
===========
123 456 789 
456 789 123 
789 123 564 

297 831 645 
564 972 831 
831 645 972 

378 594 216 
645 217 398 
912 368 457 
===========
123 456 789 
456 789 123 
789 123 564 

297 831 645 
564 972 318 
831 645 972 

378 514 296 
645 297 831 
912 368 457 
===========
123 456 789 
456 789 123 
789 123 564 

297 831 645 
564 972 831 
831 645 972 

378 514 296 
645 298 317 
912 367 458 
===========
123 456 789 
456 789 123 
789 123 564 

297 831 645 
564 972 831 
831 645 972 

378 514 296 
645 297 318 
912 368 457 
===========
123 456 789 
456 789 123 
789 123 564 

297 834 615 
564 912 378 
831 675 942 

378 541 296 
645 297 831 
912 368 457 
===========
123 456 789 
456 789 123 
789 123 564 

297 834 615 
564 912 837 
831 675 942 

378 541 296 
645 298 371 
912 367 458 
===========
123 456 789 
456 789 123 
789 123 564 

297 834 651 
564 912 837 
831 675 942 

378 541 296 
645 297 318 
912 368 475 
===========
123 456 789 
456 789 123 
789 123 564 

297 835 416 
564 912 378 
831 674 295 

378 561 942 
645 297 831 
912 348 657 
===========
123 456 789 
456 789 123 
789 123 564 

297 835 416 
564 912 837 
831 674 295 

378 561 942 
645 298 371 
912 347 658 
===========
123 456 789 
456 789 123 
789 123 564 

297 835 416 
564 912 378 
831 647 295 

378 591 642 
645 278 931 
912 364 857 
===========
123 456 789 
456 789 123 
789 123 564 

297 835 416 
564 917 238 
831 642 957 

378 591 642 
645 278 391 
912 364 875 
===========
123 456 789 
456 789 123 
789 123 564 

297 835 416 
564 917 238 
831 642 975 

378 591 642 
645 278 391 
912 364 857 
===========
123 456 789 
456 789 123 
789 123 564 

297 835 416 
564 971 238 
831 642 957 

378 514 692 
645 298 371 
912 367 845 
===========
123 456 789 
456 789 123 
789 123 564 

297 835 416 
564 912 378 
831 647 952 

378 564 291 
645 291 837 
912 378 645 
===========
123 456 789 
456 789 123 
789 123 564 

297 835 416 
564 912 837 
831 647 295 

378 561 942 
645 298 371 
912 374 658 
===========
123 456 789 
456 789 123 
789 123 564 

297 835 416 
564 912 837 
831 647 952 

378 564 291 
645 291 378 
912 378 645 
===========
123 456 789 
456 789 123 
789 123 564 

297 835 416 
564 917 832 
831 642 957 

378 564 291 
645 291 378 
912 378 645 
===========
123 456 789 
456 789 123 
789 123 564 

297 835 641 
564 971 832 
831 642 975 

378 594 216 
645 218 397 
912 367 458 
===========
123 456 789 
456 789 123 
789 123 564 

297 835 641 
564 971 832 
831 642 957 

378 594 216 
645 217 398 
912 368 475 
===========
123 456 789 
456 789 123 
789 123 564 

297 835 641 
564 971 832 
831 642 975 

378 594 216 
645 217 398 
912 368 457 
===========
123 456 789 
456 789 123 
789 123 564 

297 835 641 
564 912 837 
831 647 952 

378 594 216 
645 271 398 
912 368 475 
===========
123 456 789 
456 789 123 
789 123 564 

297 835 641 
564 917 832 
831 642 957 

378 594 216 
645 271 398 
912 368 475 
===========
123 456 789 
456 789 123 
789 123 564 

297 835 641 
564 917 832 
831 642 975 

378 594 216 
645 271 398 
912 368 457 
===========
123 456 789 
456 789 123 
789 123 564 

297 835 641 
564 971 832 
831 642 975 

378 514 296 
645 298 317 
912 367 458 
===========
123 456 789 
456 789 123 
789 123 564 

297 835 641 
564 971 832 
831 642 957 

378 514 296 
645 297 318 
912 368 475 
===========
123 456 789 
456 789 123 
789 123 564 

297 835 641 
564 971 832 
831 642 975 

378 514 296 
645 297 318 
912 368 457 
===========
123 456 789 
456 789 123 
789 123 564 

297 835 641 
564 912 837 
831 674 952 

378 541 296 
645 297 318 
912 368 475 
===========
123 456 789 
456 789 123 
789 123 564 

297 835 641 
564 912 378 
831 647 295 

378 564 912 
645 291 837 
912 378 456 
===========
123 456 789 
456 789 123 
789 123 564 

297 835 641 
564 912 837 
831 647 295 

378 564 912 
645 291 378 
912 378 456 
===========
123 456 789 
456 789 123 
789 123 564 

297 835 641 
564 917 238 
831 642 975 

378 561 492 
645 298 317 
912 374 856 
===========
123 456 789 
456 789 123 
789 123 564 

297 841 635 
564 932 871 
831 675 942 

378 594 216 
645 218 397 
912 367 458 
===========
123 456 789 
456 789 123 
789 123 564 

297 841 635 
564 932 871 
831 675 942 

378 594 216 
645 217 398 
912 368 457 
===========
123 456 789 
456 789 123 
789 123 564 

297 841 635 
564 932 817 
831 675 942 

378 514 296 
645 298 371 
912 367 458 
===========
123 456 789 
456 789 123 
789 123 564 

297 841 635 
564 932 871 
831 675 942 

378 514 296 
645 298 317 
912 367 458 
===========
123 456 789 
456 789 123 
789 123 564 

297 841 635 
564 932 871 
831 675 942 

378 514 296 
645 297 318 
912 368 457 
===========
123 456 789 
456 789 123 
789 123 564 

297 845 316 
564 931 278 
831 672 945 

378 514 692 
645 297 831 
912 368 457 
===========
123 456 789 
456 789 123 
789 123 564 

297 845 631 
564 931 872 
831 672 945 

378 594 216 
645 218 397 
912 367 458 
===========
123 456 789 
456 789 123 
789 123 564 

297 845 631 
564 931 872 
831 672 945 

378 594 216 
645 217 398 
912 368 457 
===========
123 456 789 
456 789 123 
789 123 564 

297 845 631 
564 931 872 
831 672 945 

378 514 296 
645 298 317 
912 367 458 
===========
123 456 789 
456 789 123 
789 123 564 

297 845 631 
564 931 872 
831 672 945 

378 514 296 
645 297 318 
912 368 457 
===========
123 456 789 
456 789 123 
789 123 564 

297 614 358 
564 832 917 
831 975 246 

378 561 492 
645 297 831 
912 348 675 
===========
123 456 789 
456 789 123 
789 123 564 

297 614 358 
564 832 917 
831 975 246 

378 541 692 
645 297 831 
912 368 475 
===========
123 456 789 
456 789 123 
789 123 564 

297 614 358 
564 832 917 
831 975 642 

378 541 296 
645 297 831 
912 368 475 
===========
123 456 789 
456 789 123 
789 123 564 

297 614 835 
564 832 917 
831 975 246 

378 561 492 
645 298 371 
912 347 658 
===========
123 456 789 
456 789 123 
789 123 564 

297 614 835 
564 832 971 
831 975 246 

378 561 492 
645 298 317 
912 347 658 
===========
123 456 789 
456 789 123 
789 123 564 

297 614 835 
564 832 971 
831 975 246 

378 561 492 
645 297 318 
912 348 657 
===========
123 456 789 
456 789 123 
789 123 564 

297 614 835 
564 832 917 
831 975 246 

378 541 692 
645 298 371 
912 367 458 
===========
123 456 789 
456 789 123 
789 123 564 

297 614 835 
564 832 917 
831 975 642 

378 541 296 
645 298 371 
912 367 458 
===========
123 456 789 
456 789 123 
789 123 564 

297 614 835 
564 832 971 
831 975 246 

378 541 692 
645 298 317 
912 367 458 
===========
123 456 789 
456 789 123 
789 123 564 

297 614 835 
564 832 971 
831 975 642 

378 541 296 
645 298 317 
912 367 458 
===========
123 456 789 
456 789 123 
789 123 564 

297 614 835 
564 832 971 
831 975 246 

378 541 692 
645 297 318 
912 368 457 
===========
123 456 789 
456 789 123 
789 123 564 

297 614 835 
564 832 971 
831 975 642 

378 541 296 
645 297 318 
912 368 457 
===========
123 456 789 
456 789 123 
789 123 564 

297 615 348 
564 832 917 
831 974 256 

378 561 492 
645 297 831 
912 348 675 
===========
123 456 789 
456 789 123 
789 123 564 

297 615 348 
564 832 917 
831 974 256 

378 541 692 
645 297 831 
912 368 475 
===========
123 456 789 
456 789 123 
789 123 564 

297 615 348 
564 832 917 
831 974 652 

378 541 296 
645 297 831 
912 368 475 
===========
123 456 789 
456 789 123 
789 123 564 

297 615 348 
564 837 291 
831 942 675 

378 564 912 
645 291 837 
912 378 456 
===========
123 456 789 
456 789 123 
789 123 564 

297 615 348 
564 837 912 
831 942 675 

378 564 291 
645 291 837 
912 378 456 
===========
123 456 789 
456 789 123 
789 123 564 

297 615 438 
564 832 917 
831 947 256 

378 591 642 
645 278 391 
912 364 875 
===========
123 456 789 
456 789 123 
789 123 564 

297 615 438 
564 832 917 
831 947 652 

378 591 246 
645 278 391 
912 364 875 
===========
123 456 789 
456 789 123 
789 123 564 

297 615 438 
564 837 912 
831 942 657 

378 591 246 
645 278 391 
912 364 875 
===========
123 456 789 
456 789 123 
789 123 564 

297 615 438 
564 837 912 
831 942 675 

378 591 246 
645 278 391 
912 364 857 
===========
123 456 789 
456 789 123 
789 123 564 

297 615 438 
564 832 917 
831 974 256 

378 541 692 
645 298 371 
912 367 845 
===========
123 456 789 
456 789 123 
789 123 564 

297 615 438 
564 832 917 
831 974 652 

378 541 296 
645 298 371 
912 367 845 
===========
123 456 789 
456 789 123 
789 123 564 

297 615 438 
564 832 971 
831 974 256 

378 541 692 
645 298 317 
912 367 845 
===========
123 456 789 
456 789 123 
789 123 564 

297 615 438 
564 832 971 
831 974 652 

378 541 296 
645 298 317 
912 367 845 
===========
123 456 789 
456 789 123 
789 123 564 

297 615 438 
564 837 291 
831 942 675 

378 561 942 
645 298 317 
912 374 856 
===========
123 456 789 
456 789 123 
789 123 564 

297 631 458 
564 872 391 
831 945 276 

378 594 612 
645 218 937 
912 367 845 
===========
123 456 789 
456 789 123 
789 123 564 

297 631 458 
564 872 391 
831 945 672 

378 594 216 
645 218 937 
912 367 845 
===========
123 456 789 
456 789 123 
789 123 564 

297 631 458 
564 872 931 
831 945 276 

378 594 612 
645 218 397 
912 367 845 
===========
123 456 789 
456 789 123 
789 123 564 

297 631 458 
564 872 931 
831 945 672 

378 594 216 
645 218 397 
912 367 845 
===========
123 456 789 
456 789 123 
789 123 564 

297 631 458 
564 872 931 
831 945 276 

378 514 692 
645 298 317 
912 367 845 
===========
123 456 789 
456 789 123 
789 123 564 

297 631 458 
564 872 931 
831 945 672 

378 514 296 
645 298 317 
912 367 845 
===========
123 456 789 
456 789 123 
789 123 564 

297 631 845 
564 872 391 
831 945 276 

378 594 612 
645 218 937 
912 367 458 
===========
123 456 789 
456 789 123 
789 123 564 

297 631 845 
564 872 391 
831 945 672 

378 594 216 
645 218 937 
912 367 458 
===========
123 456 789 
456 789 123 
789 123 564 

297 631 845 
564 872 391 
831 945 276 

378 594 612 
645 217 938 
912 368 457 
===========
123 456 789 
456 789 123 
789 123 564 

297 631 845 
564 872 391 
831 945 672 

378 594 216 
645 217 938 
912 368 457 
===========
123 456 789 
456 789 123 
789 123 564 

297 631 845 
564 872 931 
831 945 276 

378 594 612 
645 218 397 
912 367 458 
===========
123 456 789 
456 789 123 
789 123 564 

297 631 845 
564 872 931 
831 945 672 

378 594 216 
645 218 397 
912 367 458 
===========
123 456 789 
456 789 123 
789 123 564 

297 631 845 
564 872 931 
831 945 276 

378 594 612 
645 217 398 
912 368 457 
===========
123 456 789 
456 789 123 
789 123 564 

297 631 845 
564 872 931 
831 945 672 

378 594 216 
645 217 398 
912 368 457 
===========
123 456 789 
456 789 123 
789 123 564 

297 631 845 
564 872 931 
831 945 276 

378 514 692 
645 298 317 
912 367 458 
===========
123 456 789 
456 789 123 
789 123 564 

297 631 845 
564 872 931 
831 945 672 

378 514 296 
645 298 317 
912 367 458 
===========
123 456 789 
456 789 123 
789 123 564 

297 631 845 
564 872 931 
831 945 276 

378 514 692 
645 297 318 
912 368 457 
===========
123 456 789 
456 789 123 
789 123 564 

297 631 845 
564 872 931 
831 945 672 

378 514 296 
645 297 318 
912 368 457 
===========
123 456 789 
456 789 123 
789 123 564 

297 634 815 
564 812 937 
831 975 246 

378 561 492 
645 298 371 
912 347 658 
===========
123 456 789 
456 789 123 
789 123 564 

297 634 815 
564 812 937 
831 975 246 

378 541 692 
645 298 371 
912 367 458 
===========
123 456 789 
456 789 123 
789 123 564 

297 634 815 
564 812 937 
831 975 642 

378 541 296 
645 298 371 
912 367 458 
===========
123 456 789 
456 789 123 
789 123 564 

297 634 851 
564 812 937 
831 975 246 

378 561 492 
645 297 318 
912 348 675 
===========
123 456 789 
456 789 123 
789 123 564 

297 634 851 
564 812 937 
831 975 246 

378 541 692 
645 297 318 
912 368 475 
===========
123 456 789 
456 789 123 
789 123 564 

297 634 851 
564 812 937 
831 975 642 

378 541 296 
645 297 318 
912 368 475 
===========
123 456 789 
456 789 123 
789 123 564 

297 635 418 
564 812 397 
831 974 256 

378 561 942 
645 297 831 
912 348 675 
===========
123 456 789 
456 789 123 
789 123 564 

297 635 418 
564 812 397 
831 947 256 

378 591 642 
645 278 931 
912 364 875 
===========
123 456 789 
456 789 123 
789 123 564 

297 635 418 
564 812 397 
831 947 652 

378 591 246 
645 278 931 
912 364 875 
===========
123 456 789 
456 789 123 
789 123 564 

297 635 418 
564 812 937 
831 947 256 

378 591 642 
645 278 391 
912 364 875 
===========
123 456 789 
456 789 123 
789 123 564 

297 635 418 
564 812 937 
831 947 652 

378 591 246 
645 278 391 
912 364 875 
===========
123 456 789 
456 789 123 
789 123 564 

297 635 418 
564 817 392 
831 942 657 

378 591 246 
645 278 931 
912 364 875 
===========
123 456 789 
456 789 123 
789 123 564 

297 635 418 
564 817 392 
831 942 675 

378 591 246 
645 278 931 
912 364 857 
===========
123 456 789 
456 789 123 
789 123 564 

297 635 418 
564 817 932 
831 942 657 

378 591 246 
645 278 391 
912 364 875 
===========
123 456 789 
456 789 123 
789 123 564 

297 635 418 
564 817 932 
831 942 675 

378 591 246 
645 278 391 
912 364 857 
===========
123 456 789 
456 789 123 
789 123 564 

297 635 418 
564 871 932 
831 942 657 

378 514 296 
645 298 371 
912 367 845 
===========
123 456 789 
456 789 123 
789 123 564 

297 635 418 
564 812 937 
831 974 256 

378 541 692 
645 298 371 
912 367 845 
===========
123 456 789 
456 789 123 
789 123 564 

297 635 418 
564 812 937 
831 974 652 

378 541 296 
645 298 371 
912 367 845 
===========
123 456 789 
456 789 123 
789 123 564 

297 635 841 
564 812 937 
831 974 256 

378 561 492 
645 297 318 
912 348 675 
===========
123 456 789 
456 789 123 
789 123 564 

297 635 841 
564 871 392 
831 942 675 

378 594 216 
645 218 937 
912 367 458 
===========
123 456 789 
456 789 123 
789 123 564 

297 635 841 
564 871 392 
831 942 657 

378 594 216 
645 217 938 
912 368 475 
===========
123 456 789 
456 789 123 
789 123 564 

297 635 841 
564 871 392 
831 942 675 

378 594 216 
645 217 938 
912 368 457 
===========
123 456 789 
456 789 123 
789 123 564 

297 635 841 
564 871 932 
831 942 675 

378 594 216 
645 218 397 
912 367 458 
===========
123 456 789 
456 789 123 
789 123 564 

297 635 841 
564 871 932 
831 942 657 

378 594 216 
645 217 398 
912 368 475 
===========
123 456 789 
456 789 123 
789 123 564 

297 635 841 
564 871 932 
831 942 675 

378 594 216 
645 217 398 
912 368 457 
===========
123 456 789 
456 789 123 
789 123 564 

297 635 841 
564 812 397 
831 947 256 

378 594 612 
645 271 938 
912 368 475 
===========
123 456 789 
456 789 123 
789 123 564 

297 635 841 
564 812 397 
831 947 652 

378 594 216 
645 271 938 
912 368 475 
===========
123 456 789 
456 789 123 
789 123 564 

297 635 841 
564 812 937 
831 947 256 

378 594 612 
645 271 398 
912 368 475 
===========
123 456 789 
456 789 123 
789 123 564 

297 635 841 
564 812 937 
831 947 652 

378 594 216 
645 271 398 
912 368 475 
===========
123 456 789 
456 789 123 
789 123 564 

297 635 841 
564 817 392 
831 942 657 

378 594 216 
645 271 938 
912 368 475 
===========
123 456 789 
456 789 123 
789 123 564 

297 635 841 
564 817 392 
831 942 675 

378 594 216 
645 271 938 
912 368 457 
===========
123 456 789 
456 789 123 
789 123 564 

297 635 841 
564 817 932 
831 942 657 

378 594 216 
645 271 398 
912 368 475 
===========
123 456 789 
456 789 123 
789 123 564 

297 635 841 
564 817 932 
831 942 675 

378 594 216 
645 271 398 
912 368 457 
===========
123 456 789 
456 789 123 
789 123 564 

297 635 841 
564 871 932 
831 942 675 

378 514 296 
645 298 317 
912 367 458 
===========
123 456 789 
456 789 123 
789 123 564 

297 635 841 
564 871 932 
831 942 657 

378 514 296 
645 297 318 
912 368 475 
===========
123 456 789 
456 789 123 
789 123 564 

297 635 841 
564 871 932 
831 942 675 

378 514 296 
645 297 318 
912 368 457 
===========
123 456 789 
456 789 123 
789 123 564 

297 635 841 
564 812 937 
831 974 256 

378 541 692 
645 297 318 
912 368 475 
===========
123 456 789 
456 789 123 
789 123 564 

297 635 841 
564 812 937 
831 974 652 

378 541 296 
645 297 318 
912 368 475 
===========
123 456 789 
456 789 123 
789 123 564 

297 641 358 
564 832 917 
831 975 246 

378 514 692 
645 297 831 
912 368 475 
===========
123 456 789 
456 789 123 
789 123 564 

297 641 358 
564 832 917 
831 975 642 

378 514 296 
645 297 831 
912 368 475 
===========
123 456 789 
456 789 123 
789 123 564 

297 641 835 
564 832 971 
831 975 246 

378 594 612 
645 218 397 
912 367 458 
===========
123 456 789 
456 789 123 
789 123 564 

297 641 835 
564 832 971 
831 975 642 

378 594 216 
645 218 397 
912 367 458 
===========
123 456 789 
456 789 123 
789 123 564 

297 641 835 
564 832 971 
831 975 246 

378 594 612 
645 217 398 
912 368 457 
===========
123 456 789 
456 789 123 
789 123 564 

297 641 835 
564 832 971 
831 975 642 

378 594 216 
645 217 398 
912 368 457 
===========
123 456 789 
456 789 123 
789 123 564 

297 641 835 
564 832 917 
831 975 246 

378 514 692 
645 298 371 
912 367 458 
===========
123 456 789 
456 789 123 
789 123 564 

297 641 835 
564 832 917 
831 975 642 

378 514 296 
645 298 371 
912 367 458 
===========
123 456 789 
456 789 123 
789 123 564 

297 641 835 
564 832 971 
831 975 246 

378 514 692 
645 298 317 
912 367 458 
===========
123 456 789 
456 789 123 
789 123 564 

297 641 835 
564 832 971 
831 975 642 

378 514 296 
645 298 317 
912 367 458 
===========
123 456 789 
456 789 123 
789 123 564 

297 641 835 
564 832 971 
831 975 246 

378 514 692 
645 297 318 
912 368 457 
===========
123 456 789 
456 789 123 
789 123 564 

297 641 835 
564 832 971 
831 975 642 

378 514 296 
645 297 318 
912 368 457 
===========
123 456 789 
456 789 123 
789 123 564 

297 645 318 
564 831 972 
831 972 645 

378 514 296 
645 297 831 
912 368 457 
===========
123 456 789 
456 789 123 
789 123 564 

297 645 831 
564 831 972 
831 972 645 

378 594 216 
645 218 397 
912 367 458 
===========
123 456 789 
456 789 123 
789 123 564 

297 645 831 
564 831 972 
831 972 645 

378 594 216 
645 217 398 
912 368 457 
===========
123 456 789 
456 789 123 
789 123 564 

297 645 831 
564 831 972 
831 972 645 

378 514 296 
645 298 317 
912 367 458 
===========
123 456 789 
456 789 123 
789 123 564 

297 645 831 
564 831 972 
831 972 645 

378 514 296 
645 297 318 
912 368 457 
===========
123 456 789 
456 789 123 
789 123 564 

297 814 356 
564 932 817 
831 567 492 

378 691 245 
645 278 931 
912 345 678 
===========
123 456 789 
456 789 123 
789 123 564 

297 814 356 
564 932 817 
831 567 492 

378 695 241 
645 271 938 
912 348 675 
===========
123 456 789 
456 789 123 
789 123 564 

297 814 356 
564 937 812 
831 562 497 

378 691 245 
645 278 931 
912 345 678 
===========
123 456 789 
456 789 123 
789 123 564 

297 814 356 
564 937 812 
831 562 497 

378 695 241 
645 271 938 
912 348 675 
===========
123 456 789 
456 789 123 
789 123 564 

297 814 635 
564 937 218 
831 562 947 

378 691 452 
645 278 391 
912 345 876 
===========
123 456 789 
456 789 123 
789 123 564 

297 814 635 
564 932 817 
831 567 942 

378 645 291 
645 291 378 
912 378 456 
===========
123 456 789 
456 789 123 
789 123 564 

297 814 635 
564 937 218 
831 562 497 

378 641 952 
645 298 371 
912 375 846 
===========
123 456 789 
456 789 123 
789 123 564 

297 814 635 
564 937 812 
831 562 947 

378 645 291 
645 291 378 
912 378 456 
===========
123 456 789 
456 789 123 
789 123 564 

297 831 456 
564 972 318 
831 564 297 

378 615 942 
645 297 831 
912 348 675 
===========
123 456 789 
456 789 123 
789 123 564 

297 831 456 
564 972 831 
831 564 297 

378 615 942 
645 297 318 
912 348 675 
===========
123 456 789 
456 789 123 
789 123 564 

297 834 615 
564 917 238 
831 562 947 

378 691 452 
645 278 391 
912 345 876 
===========
123 456 789 
456 789 123 
789 123 564 

297 834 615 
564 971 238 
831 562 497 

378 615 942 
645 298 371 
912 347 856 
===========
123 456 789 
456 789 123 
789 123 564 

297 834 615 
564 971 238 
831 562 947 

378 615 492 
645 298 371 
912 347 856 
===========
123 456 789 
456 789 123 
789 123 564 

297 834 615 
564 912 378 
831 567 942 

378 645 291 
645 291 837 
912 378 456 
===========
123 456 789 
456 789 123 
789 123 564 

297 834 615 
564 912 837 
831 567 942 

378 645 291 
645 291 378 
912 378 456 
===========
123 456 789 
456 789 123 
789 123 564 

297 834 615 
564 917 238 
831 562 497 

378 641 952 
645 298 371 
912 375 846 
===========
123 456 789 
456 789 123 
789 123 564 

297 834 615 
564 917 832 
831 562 947 

378 645 291 
645 291 378 
912 378 456 
===========
123 456 789 
456 789 123 
789 123 564 

297 841 356 
564 932 871 
831 567 492 

378 694 215 
645 218 937 
912 375 648 
===========
123 456 789 
456 789 123 
789 123 564 

297 841 635 
564 937 218 
831 562 497 

378 615 942 
645 298 371 
912 374 856 
===========
123 456 789 
456 789 123 
789 123 564 

297 841 635 
564 937 218 
831 562 947 

378 615 492 
645 298 371 
912 374 856 
===========
123 456 789 
456 789 123 
789 123 564 

297 841 635 
564 937 218 
831 562 497 

378 614 952 
645 298 371 
912 375 846 
===========
123 456 789 
456 789 123 
789 123 564 

297 861 345 
564 932 871 
831 574 296 

378 695 412 
645 218 937 
912 347 658 
===========
123 456 789 
456 789 123 
789 123 564 

297 861 345 
564 932 871 
831 574 296 

378 695 412 
645 217 938 
912 348 657 
===========
123 456 789 
456 789 123 
789 123 564 

297 861 345 
564 932 871 
831 547 296 

378 695 412 
645 218 937 
912 374 658 
===========
123 456 789 
456 789 123 
789 123 564 

297 861 435 
564 932 817 
831 574 296 

378 615 942 
645 298 371 
912 347 658 
===========
123 456 789 
456 789 123 
789 123 564 

297 861 435 
564 932 871 
831 574 296 

378 615 942 
645 298 317 
912 347 658 
===========
123 456 789 
456 789 123 
789 123 564 

297 861 435 
564 932 871 
831 574 296 

378 615 942 
645 297 318 
912 348 657 
===========
123 456 789 
456 789 123 
789 123 564 

297 861 435 
564 937 812 
831 542 976 

378 695 241 
645 218 397 
912 374 658 
===========
123 456 789 
456 789 123 
789 123 564 

297 861 435 
564 937 812 
831 542 976 

378 694 251 
645 218 397 
912 375 648 
===========
123 456 789 
456 789 123 
789 123 564 

297 861 435 
564 932 817 
831 547 296 

378 615 942 
645 298 371 
912 374 658 
===========
123 456 789 
456 789 123 
789 123 564 

297 861 435 
564 932 817 
831 547 296 

378 614 952 
645 298 371 
912 375 648 
===========
123 456 789 
456 789 123 
789 123 564 

297 861 435 
564 932 871 
831 547 296 

378 615 942 
645 298 317 
912 374 658 
===========
123 456 789 
456 789 123 
789 123 564 

297 861 435 
564 932 871 
831 547 296 

378 614 952 
645 298 317 
912 375 648 
===========
123 456 789 
456 789 123 
789 123 564 

297 861 435 
564 937 218 
831 542 697 

378 615 942 
645 298 371 
912 374 856 
===========
123 456 789 
456 789 123 
789 123 564 

297 861 435 
564 937 218 
831 542 697 

378 614 952 
645 298 371 
912 375 846 
===========
123 456 789 
456 789 123 
789 123 564 

297 864 315 
564 931 872 
831 572 496 

378 695 241 
645 218 937 
912 347 658 
===========
123 456 789 
456 789 123 
789 123 564 

297 864 315 
564 931 872 
831 572 496 

378 695 241 
645 217 938 
912 348 657 
===========
123 456 789 
456 789 123 
789 123 564 

297 864 315 
564 931 278 
831 572 496 

378 615 942 
645 297 831 
912 348 657 
===========
123 456 789 
456 789 123 
789 123 564 

297 864 315 
564 931 278 
831 572 946 

378 615 492 
645 297 831 
912 348 657 
===========
123 456 789 
456 789 123 
789 123 564 

297 514 638 
564 832 917 
831 967 245 

378 691 452 
645 278 391 
912 345 876 
===========
123 456 789 
456 789 123 
789 123 564 

297 514 638 
564 832 917 
831 967 452 

378 691 245 
645 278 391 
912 345 876 
===========
123 456 789 
456 789 123 
789 123 564 

297 514 638 
564 837 912 
831 962 457 

378 691 245 
645 278 391 
912 345 876 
===========
123 456 789 
456 789 123 
789 123 564 

297 514 638 
564 832 917 
831 967 452 

378 641 295 
645 298 371 
912 375 846 
===========
123 456 789 
456 789 123 
789 123 564 

297 514 638 
564 832 971 
831 967 452 

378 641 295 
645 298 317 
912 375 846 
===========
123 456 789 
456 789 123 
789 123 564 

297 514 638 
564 837 291 
831 962 475 

378 641 952 
645 298 317 
912 375 846 
===========
123 456 789 
456 789 123 
789 123 564 

297 514 638 
564 837 912 
831 962 457 

378 641 295 
645 298 371 
912 375 846 
===========
123 456 789 
456 789 123 
789 123 564 

297 514 836 
564 832 917 
831 967 245 

378 691 452 
645 278 391 
912 345 678 
===========
123 456 789 
456 789 123 
789 123 564 

297 514 836 
564 832 917 
831 967 452 

378 691 245 
645 278 391 
912 345 678 
===========
