123 456 789 
456 789 231 
789 231 645 

297 813 456 
564 972 318 
831 645 927 

378 594 162 
645 127 893 
912 368 574 
===========
123 456 789 
456 789 231 
789 231 645 

297 813 456 
564 972 813 
831 645 927 

378 594 162 
645 127 398 
912 368 574 
===========
123 456 789 
456 789 231 
789 231 645 

297 813 456 
564 927 318 
831 645 927 

378 594 162 
645 172 893 
912 368 574 
===========
123 456 789 
456 789 231 
789 231 645 

297 813 456 
564 927 813 
831 645 927 

378 592 164 
645 178 392 
912 364 578 
===========
123 456 789 
456 789 231 
789 231 645 

297 813 456 
564 927 813 
831 645 927 

378 594 162 
645 172 398 
912 368 574 
===========
123 456 789 
456 789 231 
789 231 645 

297 813 456 
564 927 318 
831 645 927 

378 564 192 
645 192 873 
912 378 564 
===========
123 456 789 
456 789 231 
789 231 645 

297 813 456 
564 927 813 
831 645 927 

378 562 194 
645 198 372 
912 374 568 
===========
123 456 789 
456 789 231 
789 231 645 

297 813 456 
564 927 813 
831 645 972 

378 562 194 
645 198 327 
912 374 568 
===========
123 456 789 
456 789 231 
789 231 645 

297 813 456 
564 927 813 
831 645 927 

378 564 192 
645 192 378 
912 378 564 
===========
123 456 789 
456 789 231 
789 231 645 

297 813 564 
564 972 318 
831 645 972 

378 594 126 
645 127 893 
912 368 457 
===========
123 456 789 
456 789 231 
789 231 645 

297 813 564 
564 972 813 
831 645 972 

378 594 126 
645 128 397 
912 367 458 
===========
123 456 789 
456 789 231 
789 231 645 

297 813 564 
564 972 813 
831 645 972 

378 594 126 
645 127 398 
912 368 457 
===========
123 456 789 
456 789 231 
789 231 645 

297 813 564 
564 927 318 
831 645 972 

378 594 126 
645 172 893 
912 368 457 
===========
123 456 789 
456 789 231 
789 231 645 

297 813 564 
564 927 813 
831 645 972 

378 594 126 
645 172 398 
912 368 457 
===========
123 456 789 
456 789 231 
789 231 645 

297 813 564 
564 972 318 
831 645 972 

378 524 196 
645 197 823 
912 368 457 
===========
123 456 789 
456 789 231 
789 231 645 

297 813 564 
564 972 813 
831 645 927 

378 524 196 
645 198 372 
912 367 458 
===========
123 456 789 
456 789 231 
789 231 645 

297 813 564 
564 972 813 
831 645 972 

378 524 196 
645 198 327 
912 367 458 
===========
123 456 789 
456 789 231 
789 231 645 

297 813 564 
564 972 813 
831 645 972 

378 524 196 
645 197 328 
912 368 457 
===========
123 456 789 
456 789 231 
789 231 645 

297 813 564 
564 927 318 
831 645 927 

378 564 192 
645 192 873 
912 378 456 
===========
123 456 789 
456 789 231 
789 231 645 

297 813 564 
564 927 813 
831 645 927 

378 564 192 
645 192 378 
912 378 456 
===========
123 456 789 
456 789 231 
789 231 645 

297 814 356 
564 923 178 
831 675 492 

378 562 914 
645 197 823 
912 348 567 
===========
123 456 789 
456 789 231 
789 231 645 

297 814 563 
564 973 128 
831 625 497 

378 562 914 
645 198 372 
912 347 856 
===========
123 456 789 
456 789 231 
789 231 645 

297 814 563 
564 923 178 
831 675 492 

378 562 914 
645 198 327 
912 347 856 
===========
123 456 789 
456 789 231 
789 231 645 

297 814 563 
564 973 128 
831 625 497 

378 542 916 
645 198 372 
912 367 854 
===========
123 456 789 
456 789 231 
789 231 645 

297 814 563 
564 973 812 
831 625 974 

378 542 196 
645 198 327 
912 367 458 
===========
123 456 789 
456 789 231 
789 231 645 

297 814 563 
564 973 812 
831 625 974 

378 542 196 
645 197 328 
912 368 457 
===========
123 456 789 
456 789 231 
789 231 645 

297 814 563 
564 923 178 
831 675 492 

378 542 916 
645 198 327 
912 367 854 
===========
123 456 789 
456 789 231 
789 231 645 

297 814 563 
564 923 817 
831 675 924 

378 542 196 
645 198 372 
912 367 458 
===========
123 456 789 
456 789 231 
789 231 645 

297 815 364 
564 973 812 
831 642 597 

378 594 126 
645 128 973 
912 367 458 
===========
123 456 789 
456 789 231 
789 231 645 

297 815 364 
564 923 178 
831 647 592 

378 592 416 
645 178 923 
912 364 857 
===========
123 456 789 
456 789 231 
789 231 645 

297 815 364 
564 923 178 
831 674 592 

378 542 916 
645 197 823 
912 368 457 
===========
123 456 789 
456 789 231 
789 231 645 

297 815 463 
564 973 128 
831 624 597 

378 562 914 
645 198 372 
912 347 856 
===========
123 456 789 
456 789 231 
789 231 645 

297 815 463 
564 973 812 
831 624 957 

378 562 194 
645 197 328 
912 348 576 
===========
123 456 789 
456 789 231 
789 231 645 

297 815 463 
564 923 178 
831 674 592 

378 562 914 
645 198 327 
912 347 856 
===========
123 456 789 
456 789 231 
789 231 645 

297 815 463 
564 923 817 
831 674 952 

378 562 194 
645 197 328 
912 348 576 
===========
123 456 789 
456 789 231 
789 231 645 

297 815 463 
564 973 812 
831 642 957 

378 594 126 
645 127 398 
912 368 574 
===========
123 456 789 
456 789 231 
789 231 645 

297 815 463 
564 923 817 
831 647 952 

378 594 126 
645 172 398 
912 368 574 
===========
123 456 789 
456 789 231 
789 231 645 

297 815 463 
564 973 128 
831 642 597 

378 524 916 
645 198 372 
912 367 854 
===========
123 456 789 
456 789 231 
789 231 645 

297 815 463 
564 973 812 
831 642 957 

378 524 196 
645 197 328 
912 368 574 
===========
123 456 789 
456 789 231 
789 231 645 

297 815 463 
564 973 128 
831 624 597 

378 542 916 
645 198 372 
912 367 854 
===========
123 456 789 
456 789 231 
789 231 645 

297 815 463 
564 973 812 
831 624 957 

378 542 196 
645 197 328 
912 368 574 
===========
123 456 789 
456 789 231 
789 231 645 

297 815 463 
564 923 178 
831 674 592 

378 542 916 
645 198 327 
912 367 854 
===========
123 456 789 
456 789 231 
789 231 645 

297 815 463 
564 923 817 
831 674 952 

378 542 196 
645 197 328 
912 368 574 
===========
123 456 789 
456 789 231 
789 231 645 

297 815 463 
564 923 178 
831 647 592 

378 562 914 
645 198 327 
912 374 856 
===========
123 456 789 
456 789 231 
789 231 645 

297 843 156 
564 917 328 
831 625 497 

378 564 912 
645 192 873 
912 378 564 
===========
123 456 789 
456 789 231 
789 231 645 

297 843 156 
564 917 823 
831 625 497 

378 562 914 
645 198 372 
912 374 568 
===========
123 456 789 
456 789 231 
789 231 645 

297 843 156 
564 917 823 
831 625 497 

378 564 912 
645 192 378 
912 378 564 
===========
123 456 789 
456 789 231 
789 231 645 

297 843 516 
564 912 378 
831 675 924 

378 594 162 
645 127 893 
912 368 457 
===========
123 456 789 
456 789 231 
789 231 645 

297 843 516 
564 912 873 
831 675 924 

378 594 162 
645 128 397 
912 367 458 
===========
123 456 789 
456 789 231 
789 231 645 

297 843 516 
564 912 873 
831 675 924 

378 594 162 
645 127 398 
912 368 457 
===========
123 456 789 
456 789 231 
789 231 645 

297 843 516 
564 917 328 
831 625 974 

378 594 162 
645 172 893 
912 368 457 
===========
123 456 789 
456 789 231 
789 231 645 

297 843 516 
564 917 823 
831 625 974 

378 594 162 
645 172 398 
912 368 457 
===========
123 456 789 
456 789 231 
789 231 645 

297 845 163 
564 913 827 
831 627 954 

378 592 416 
645 178 392 
912 364 578 
===========
123 456 789 
456 789 231 
789 231 645 

297 845 163 
564 913 827 
831 672 594 

378 524 916 
645 198 372 
912 367 458 
===========
123 456 789 
456 789 231 
789 231 645 

297 845 163 
564 913 872 
831 672 594 

378 524 916 
645 198 327 
912 367 458 
===========
123 456 789 
456 789 231 
789 231 645 

297 845 163 
564 913 872 
831 672 594 

378 524 916 
645 197 328 
912 368 457 
===========
123 456 789 
456 789 231 
789 231 645 

297 845 163 
564 913 827 
831 627 594 

378 564 912 
645 192 378 
912 378 456 
===========
123 456 789 
456 789 231 
789 231 645 

297 845 316 
564 913 827 
831 672 594 

378 594 162 
645 128 973 
912 367 458 
===========
123 456 789 
456 789 231 
789 231 645 

297 614 358 
564 873 192 
831 925 467 

378 562 914 
645 197 823 
912 348 576 
===========
123 456 789 
456 789 231 
789 231 645 

297 614 358 
564 873 192 
831 925 476 

378 562 914 
645 197 823 
912 348 567 
===========
123 456 789 
456 789 231 
789 231 645 

297 614 358 
564 873 912 
831 925 467 

378 562 194 
645 197 823 
912 348 576 
===========
123 456 789 
456 789 231 
789 231 645 

297 614 358 
564 873 912 
831 925 476 

378 562 194 
645 197 823 
912 348 567 
===========
123 456 789 
456 789 231 
789 231 645 

297 614 358 
564 823 197 
831 975 462 

378 562 914 
645 197 823 
912 348 576 
===========
123 456 789 
456 789 231 
789 231 645 

297 614 358 
564 823 917 
831 975 462 

378 562 194 
645 197 823 
912 348 576 
===========
123 456 789 
456 789 231 
789 231 645 

297 614 358 
564 873 192 
831 925 467 

378 542 916 
645 197 823 
912 368 574 
===========
123 456 789 
456 789 231 
789 231 645 

297 614 358 
564 873 912 
831 925 467 

378 542 196 
645 197 823 
912 368 574 
===========
123 456 789 
456 789 231 
789 231 645 

297 614 358 
564 823 197 
831 975 462 

378 542 916 
645 197 823 
912 368 574 
===========
123 456 789 
456 789 231 
789 231 645 

297 614 358 
564 823 917 
831 975 462 

378 542 196 
645 197 823 
912 368 574 
===========
123 456 789 
456 789 231 
789 231 645 

297 614 853 
564 873 192 
831 925 476 

378 562 914 
645 198 327 
912 347 568 
===========
123 456 789 
456 789 231 
789 231 645 

297 614 853 
564 873 192 
831 925 467 

378 562 914 
645 197 328 
912 348 576 
===========
123 456 789 
456 789 231 
789 231 645 

297 614 853 
564 873 192 
831 925 476 

378 562 914 
645 197 328 
912 348 567 
===========
123 456 789 
456 789 231 
789 231 645 

297 614 853 
564 873 912 
831 925 476 

378 562 194 
645 198 327 
912 347 568 
===========
123 456 789 
456 789 231 
789 231 645 

297 614 853 
564 873 912 
831 925 467 

378 562 194 
645 197 328 
912 348 576 
===========
123 456 789 
456 789 231 
789 231 645 

297 614 853 
564 873 912 
831 925 476 

378 562 194 
645 197 328 
912 348 567 
===========
123 456 789 
456 789 231 
789 231 645 

297 614 853 
564 823 197 
831 975 426 

378 562 914 
645 198 372 
912 347 568 
===========
123 456 789 
456 789 231 
789 231 645 

297 614 853 
564 823 197 
831 975 462 

378 562 914 
645 197 328 
912 348 576 
===========
123 456 789 
456 789 231 
789 231 645 

297 614 853 
564 823 917 
831 975 426 

378 562 194 
645 198 372 
912 347 568 
===========
123 456 789 
456 789 231 
789 231 645 

297 614 853 
564 823 917 
831 975 462 

378 562 194 
645 197 328 
912 348 576 
===========
123 456 789 
456 789 231 
789 231 645 

297 614 853 
564 873 192 
831 925 467 

378 542 916 
645 197 328 
912 368 574 
===========
123 456 789 
456 789 231 
789 231 645 

297 614 853 
564 873 912 
831 925 467 

378 542 196 
645 197 328 
912 368 574 
===========
123 456 789 
456 789 231 
789 231 645 

297 614 853 
564 823 197 
831 975 462 

378 542 916 
645 197 328 
912 368 574 
===========
123 456 789 
456 789 231 
789 231 645 

297 614 853 
564 823 917 
831 975 462 

378 542 196 
645 197 328 
912 368 574 
===========
123 456 789 
456 789 231 
789 231 645 

297 643 158 
564 812 397 
831 975 462 

378 524 916 
645 197 823 
912 368 574 
===========
123 456 789 
456 789 231 
789 231 645 

297 643 518 
564 812 397 
831 975 426 

378 594 162 
645 128 973 
912 367 854 
===========
123 456 789 
456 789 231 
789 231 645 

297 643 518 
564 812 397 
831 975 462 

378 594 126 
645 128 973 
912 367 854 
===========
123 456 789 
456 789 231 
789 231 645 

297 643 518 
564 812 973 
831 975 426 

378 594 162 
645 128 397 
912 367 854 
===========
123 456 789 
456 789 231 
789 231 645 

297 643 518 
564 812 973 
831 975 462 

378 594 126 
645 128 397 
912 367 854 
===========
123 456 789 
456 789 231 
789 231 645 

297 643 518 
564 817 392 
831 925 476 

378 592 164 
645 178 923 
912 364 857 
===========
123 456 789 
456 789 231 
789 231 645 

297 643 518 
564 817 923 
831 925 476 

378 592 164 
645 178 392 
912 364 857 
===========
123 456 789 
456 789 231 
789 231 645 

297 643 518 
564 812 973 
831 975 462 

378 524 196 
645 198 327 
912 367 854 
===========
123 456 789 
456 789 231 
789 231 645 

297 643 518 
564 817 923 
831 925 467 

378 562 194 
645 198 372 
912 374 856 
===========
123 456 789 
456 789 231 
789 231 645 

297 645 318 
564 813 927 
831 972 456 

378 594 162 
645 127 893 
912 368 574 
===========
123 456 789 
456 789 231 
789 231 645 

297 645 318 
564 813 972 
831 972 564 

378 594 126 
645 127 893 
912 368 457 
===========
123 456 789 
456 789 231 
789 231 645 

297 645 318 
564 813 927 
831 927 456 

378 594 162 
645 172 893 
912 368 574 
===========
123 456 789 
456 789 231 
789 231 645 

297 645 318 
564 813 972 
831 927 564 

378 594 126 
645 172 893 
912 368 457 
===========
123 456 789 
456 789 231 
789 231 645 

297 645 318 
564 813 972 
831 972 564 

378 524 196 
645 197 823 
912 368 457 
===========
123 456 789 
456 789 231 
789 231 645 

297 645 318 
564 813 927 
831 927 456 

378 564 192 
645 192 873 
912 378 564 
===========
123 456 789 
456 789 231 
789 231 645 

297 645 318 
564 813 927 
831 927 564 

378 564 192 
645 192 873 
912 378 456 
===========
123 456 789 
456 789 231 
789 231 645 

297 645 813 
564 813 927 
831 972 456 

378 594 162 
645 127 398 
912 368 574 
===========
123 456 789 
456 789 231 
789 231 645 

297 645 813 
564 813 972 
831 972 564 

378 594 126 
645 128 397 
912 367 458 
===========
123 456 789 
456 789 231 
789 231 645 

297 645 813 
564 813 972 
831 972 564 

378 594 126 
645 127 398 
912 368 457 
===========
123 456 789 
456 789 231 
789 231 645 

297 645 813 
564 813 927 
831 927 456 

378 592 164 
645 178 392 
912 364 578 
===========
123 456 789 
456 789 231 
789 231 645 

297 645 813 
564 813 927 
831 927 456 

378 594 162 
645 172 398 
912 368 574 
===========
123 456 789 
456 789 231 
789 231 645 

297 645 813 
564 813 972 
831 927 564 

378 594 126 
645 172 398 
912 368 457 
===========
123 456 789 
456 789 231 
789 231 645 

297 645 813 
564 813 927 
831 972 564 

378 524 196 
645 198 372 
912 367 458 
===========
123 456 789 
456 789 231 
789 231 645 

297 645 813 
564 813 972 
831 972 564 

378 524 196 
645 198 327 
912 367 458 
===========
123 456 789 
456 789 231 
789 231 645 

297 645 813 
564 813 972 
831 972 564 

378 524 196 
645 197 328 
912 368 457 
===========
123 456 789 
456 789 231 
789 231 645 

297 645 813 
564 813 927 
831 927 456 

378 562 194 
645 198 372 
912 374 568 
===========
123 456 789 
456 789 231 
789 231 645 

297 645 813 
564 813 927 
831 927 456 

378 564 192 
645 192 378 
912 378 564 
===========
123 456 789 
456 789 231 
789 231 645 

297 645 813 
564 813 927 
831 927 564 

378 564 192 
645 192 378 
912 378 456 
===========
123 456 789 
456 789 231 
789 231 645 

297 645 813 
564 813 972 
831 927 456 

378 562 194 
645 198 327 
912 374 568 
===========
123 456 789 
456 789 231 
789 231 645 

297 813 456 
564 972 318 
831 564 972 

378 695 124 
645 127 893 
912 348 567 
===========
123 456 789 
456 789 231 
789 231 645 

297 813 456 
564 972 813 
831 564 972 

378 695 124 
645 128 397 
912 347 568 
===========
123 456 789 
456 789 231 
789 231 645 

297 813 456 
564 972 813 
831 564 972 

378 695 124 
645 127 398 
912 348 567 
===========
123 456 789 
456 789 231 
789 231 645 

297 813 456 
564 927 318 
831 564 972 

378 695 124 
645 172 893 
912 348 567 
===========
123 456 789 
456 789 231 
789 231 645 

297 813 456 
564 927 813 
831 564 972 

378 695 124 
645 172 398 
912 348 567 
===========
123 456 789 
456 789 231 
789 231 645 

297 813 456 
564 972 318 
831 564 972 

378 625 194 
645 197 823 
912 348 567 
===========
123 456 789 
456 789 231 
789 231 645 

297 813 456 
564 972 813 
831 564 927 

378 625 194 
645 198 372 
912 347 568 
===========
123 456 789 
456 789 231 
789 231 645 

297 813 456 
564 972 813 
831 564 972 

378 625 194 
645 198 327 
912 347 568 
===========
123 456 789 
456 789 231 
789 231 645 

297 813 456 
564 972 813 
831 564 972 

378 625 194 
645 197 328 
912 348 567 
===========
123 456 789 
456 789 231 
789 231 645 

297 813 456 
564 927 318 
831 564 927 

378 645 192 
645 192 873 
912 378 564 
===========
123 456 789 
456 789 231 
789 231 645 

297 813 456 
564 927 813 
831 564 927 

378 645 192 
645 192 378 
912 378 564 
===========
123 456 789 
456 789 231 
789 231 645 

297 813 564 
564 927 318 
831 564 927 

378 645 192 
645 192 873 
912 378 456 
===========
123 456 789 
456 789 231 
789 231 645 

297 813 564 
564 927 813 
831 564 927 

378 645 192 
645 192 378 
912 378 456 
===========
123 456 789 
456 789 231 
789 231 645 

297 814 356 
564 973 128 
831 562 974 

378 695 412 
645 127 893 
912 348 567 
===========
123 456 789 
456 789 231 
789 231 645 

297 814 356 
564 973 812 
831 562 497 

378 695 124 
645 128 973 
912 347 568 
===========
123 456 789 
456 789 231 
789 231 645 

297 814 356 
564 923 178 
831 567 492 

378 692 514 
645 178 923 
912 345 867 
===========
123 456 789 
456 789 231 
789 231 645 

297 814 356 
564 923 178 
831 567 924 

378 695 412 
645 172 893 
912 348 567 
===========
123 456 789 
456 789 231 
789 231 645 

297 814 563 
564 973 128 
831 562 974 

378 695 412 
645 128 397 
912 347 856 
===========
123 456 789 
456 789 231 
789 231 645 

297 814 563 
564 973 128 
831 562 497 

378 625 914 
645 198 372 
912 347 856 
===========
123 456 789 
456 789 231 
789 231 645 

297 814 563 
564 923 817 
831 567 924 

378 645 192 
645 192 378 
912 378 456 
===========
123 456 789 
456 789 231 
789 231 645 

297 843 156 
564 912 873 
831 567 924 

378 695 412 
645 128 397 
912 374 568 
===========
123 456 789 
456 789 231 
789 231 645 

297 843 156 
564 912 873 
831 567 924 

378 694 512 
645 128 397 
912 375 468 
===========
123 456 789 
456 789 231 
789 231 645 

297 843 156 
564 917 328 
831 562 497 

378 694 512 
645 128 973 
912 375 864 
===========
123 456 789 
456 789 231 
789 231 645 

297 843 156 
564 917 823 
831 562 974 

378 695 412 
645 128 397 
912 374 568 
===========
123 456 789 
456 789 231 
789 231 645 

297 843 156 
564 917 823 
831 562 974 

378 694 512 
645 128 397 
912 375 468 
===========
123 456 789 
456 789 231 
789 231 645 

297 843 156 
564 912 873 
831 567 492 

378 625 914 
645 198 327 
912 374 568 
===========
123 456 789 
456 789 231 
789 231 645 

297 843 156 
564 917 823 
831 562 497 

378 625 914 
645 198 372 
912 374 568 
===========
123 456 789 
456 789 231 
789 231 645 

297 843 516 
564 912 873 
831 567 924 

378 694 152 
645 128 397 
912 375 468 
===========
123 456 789 
456 789 231 
789 231 645 

297 843 516 
564 917 328 
831 562 497 

378 694 152 
645 128 973 
912 375 864 
===========
123 456 789 
456 789 231 
789 231 645 

297 843 516 
564 917 823 
831 562 974 

378 694 152 
645 128 397 
912 375 468 
===========
123 456 789 
456 789 231 
789 231 645 

297 863 154 
564 912 378 
831 574 926 

378 695 412 
645 127 893 
912 348 567 
===========
123 456 789 
456 789 231 
789 231 645 

297 863 154 
564 912 873 
831 574 926 

378 695 412 
645 128 397 
912 347 568 
===========
123 456 789 
456 789 231 
789 231 645 

297 863 154 
564 912 873 
831 574 926 

378 695 412 
645 127 398 
912 348 567 
===========
123 456 789 
456 789 231 
789 231 645 

297 863 154 
564 917 328 
831 524 967 

378 695 412 
645 172 893 
912 348 576 
===========
123 456 789 
456 789 231 
789 231 645 

297 863 154 
564 917 328 
831 524 976 

378 695 412 
645 172 893 
912 348 567 
===========
123 456 789 
456 789 231 
789 231 645 

297 863 154 
564 917 823 
831 524 967 

378 695 412 
645 172 398 
912 348 576 
===========
123 456 789 
456 789 231 
789 231 645 

297 863 154 
564 917 823 
831 524 976 

378 695 412 
645 172 398 
912 348 567 
===========
123 456 789 
456 789 231 
789 231 645 

297 863 154 
564 912 873 
831 547 926 

378 695 412 
645 128 397 
912 374 568 
===========
123 456 789 
456 789 231 
789 231 645 

297 863 154 
564 912 873 
831 547 926 

378 694 512 
645 128 397 
912 375 468 
===========
123 456 789 
456 789 231 
789 231 645 

297 863 154 
564 917 823 
831 542 976 

378 695 412 
645 128 397 
912 374 568 
===========
123 456 789 
456 789 231 
789 231 645 

297 863 154 
564 917 823 
831 542 976 

378 694 512 
645 128 397 
912 375 468 
===========
123 456 789 
456 789 231 
789 231 645 

297 863 514 
564 912 873 
831 547 926 

378 694 152 
645 128 397 
912 375 468 
===========
123 456 789 
456 789 231 
789 231 645 

297 863 514 
564 917 823 
831 542 976 

378 694 152 
645 128 397 
912 375 468 
===========
123 456 789 
456 789 231 
789 231 645 

297 863 514 
564 917 328 
831 524 967 

378 645 192 
645 192 873 
912 378 456 
===========
123 456 789 
456 789 231 
789 231 645 

297 863 514 
564 917 823 
831 524 967 

378 645 192 
645 192 378 
912 378 456 
===========
123 456 789 
456 789 231 
789 231 645 

297 864 153 
564 913 827 
831 572 964 

378 695 412 
645 127 398 
912 348 576 
===========
123 456 789 
456 789 231 
789 231 645 

297 864 153 
564 913 827 
831 527 964 

378 695 412 
645 172 398 
912 348 576 
===========
123 456 789 
456 789 231 
789 231 645 

297 864 153 
564 913 827 
831 572 496 

378 625 914 
645 198 372 
912 347 568 
===========
123 456 789 
456 789 231 
789 231 645 

297 864 153 
564 913 872 
831 572 496 

378 625 914 
645 198 327 
912 347 568 
===========
123 456 789 
456 789 231 
789 231 645 

297 864 153 
564 913 872 
831 572 496 

378 625 914 
645 197 328 
912 348 567 
===========
123 456 789 
456 789 231 
789 231 645 

297 864 153 
564 913 827 
831 527 496 

378 645 912 
645 192 378 
912 378 564 
===========
123 456 789 
456 789 231 
789 231 645 

297 864 513 
564 913 827 
831 527 964 

378 645 192 
645 192 378 
912 378 456 
===========
123 456 789 
456 789 231 
789 231 645 

297 513 468 
564 872 913 
831 964 572 

378 695 124 
645 128 397 
912 347 856 
===========
123 456 789 
456 789 231 
789 231 645 

297 513 468 
564 827 913 
831 964 527 

378 692 154 
645 178 392 
912 345 876 
===========
123 456 789 
456 789 231 
789 231 645 

297 513 468 
564 872 193 
831 964 527 

378 625 914 
645 198 372 
912 347 856 
===========
123 456 789 
456 789 231 
789 231 645 

297 513 468 
564 872 193 
831 964 572 

378 625 914 
645 198 327 
912 347 856 
===========
123 456 789 
456 789 231 
789 231 645 

297 513 468 
564 872 913 
831 964 527 

378 625 194 
645 198 372 
912 347 856 
===========
123 456 789 
456 789 231 
789 231 645 

297 513 468 
564 872 913 
831 964 572 

378 625 194 
645 198 327 
912 347 856 
===========
123 456 789 
456 789 231 
789 231 645 

297 513 864 
564 827 193 
831 964 527 

378 645 912 
645 192 378 
912 378 456 
===========
123 456 789 
456 789 231 
789 231 645 

297 513 864 
564 827 913 
831 964 527 

378 645 192 
645 192 378 
912 378 456 
===========
123 456 789 
456 789 231 
789 231 645 

297 514 368 
564 873 912 
831 962 457 

378 695 124 
645 127 893 
912 348 576 
===========
123 456 789 
456 789 231 
789 231 645 

297 514 368 
564 823 197 
831 967 452 

378 692 514 
645 178 923 
912 345 876 
===========
123 456 789 
456 789 231 
789 231 645 

297 514 368 
564 823 917 
831 967 452 

378 695 124 
645 172 893 
912 348 576 
===========
123 456 789 
456 789 231 
789 231 645 

297 514 368 
564 873 192 
831 962 457 

378 625 914 
645 197 823 
912 348 576 
===========
123 456 789 
456 789 231 
789 231 645 

297 514 368 
564 873 912 
831 962 457 

378 625 194 
645 197 823 
912 348 576 
===========
123 456 789 
456 789 231 
789 231 645 

297 514 368 
564 823 197 
831 967 524 

378 645 912 
645 192 873 
912 378 456 
===========
123 456 789 
456 789 231 
789 231 645 

297 514 368 
564 823 917 
831 967 524 

378 645 192 
645 192 873 
912 378 456 
===========
123 456 789 
456 789 231 
789 231 645 

297 514 863 
564 873 912 
831 962 457 

378 695 124 
645 127 398 
912 348 576 
===========
123 456 789 
456 789 231 
789 231 645 

297 514 863 
564 823 917 
831 967 452 

378 695 124 
645 172 398 
912 348 576 
===========
123 456 789 
456 789 231 
789 231 645 

297 514 863 
564 873 192 
831 962 457 

378 625 914 
645 197 328 
912 348 576 
===========
123 456 789 
456 789 231 
789 231 645 

297 514 863 
564 873 912 
831 962 457 

378 625 194 
645 197 328 
912 348 576 
===========
123 456 789 
456 789 231 
789 231 645 

297 514 863 
564 823 197 
831 967 524 

378 645 912 
645 192 378 
912 378 456 
===========
123 456 789 
456 789 231 
789 231 645 

297 514 863 
564 823 917 
831 967 524 

378 645 192 
645 192 378 
912 378 456 
===========
123 456 789 
456 789 231 
789 231 645 

297 543 168 
564 812 397 
831 967 524 

378 695 412 
645 128 973 
912 374 856 
===========
123 456 789 
456 789 231 
789 231 645 

297 543 168 
564 812 973 
831 967 524 

378 695 412 
645 128 397 
912 374 856 
===========
123 456 789 
456 789 231 
789 231 645 

297 543 168 
564 817 923 
831 962 574 

378 695 412 
645 128 397 
912 374 856 
===========
123 456 789 
456 789 231 
789 231 645 

297 543 816 
564 812 397 
831 967 452 

378 695 124 
645 128 973 
912 374 568 
===========
123 456 789 
456 789 231 
789 231 645 

297 543 816 
564 812 397 
831 967 524 

378 694 152 
645 128 973 
912 375 468 
===========
123 456 789 
456 789 231 
789 231 645 

297 543 816 
564 812 973 
831 967 452 

378 695 124 
645 128 397 
912 374 568 
===========
123 456 789 
456 789 231 
789 231 645 

297 543 816 
564 812 973 
831 967 524 

378 694 152 
645 128 397 
912 375 468 
===========
123 456 789 
456 789 231 
789 231 645 

297 543 816 
564 817 392 
831 962 457 

378 695 124 
645 128 973 
912 374 568 
===========
123 456 789 
456 789 231 
789 231 645 

297 543 816 
564 817 923 
831 962 574 

378 694 152 
645 128 397 
912 375 468 
===========
123 456 789 
456 789 231 
789 231 645 

297 543 816 
564 812 973 
831 967 452 

378 625 194 
645 198 327 
912 374 568 
===========
123 456 789 
456 789 231 
789 231 645 

297 543 816 
564 817 923 
831 962 457 

378 625 194 
645 198 372 
912 374 568 
===========
123 456 789 
456 789 231 
789 231 645 

297 563 418 
564 812 397 
831 974 562 

378 695 124 
645 128 973 
912 347 856 
===========
123 456 789 
456 789 231 
789 231 645 

297 563 418 
564 812 973 
831 974 562 

378 695 124 
645 128 397 
912 347 856 
===========
123 456 789 
456 789 231 
789 231 645 

297 563 418 
564 817 392 
831 924 567 

378 692 154 
645 178 923 
912 345 876 
===========
123 456 789 
456 789 231 
789 231 645 

297 563 418 
564 817 392 
831 924 576 

378 692 154 
645 178 923 
912 345 867 
===========
123 456 789 
456 789 231 
789 231 645 

297 563 418 
564 817 923 
831 924 567 

378 692 154 
645 178 392 
912 345 876 
===========
123 456 789 
456 789 231 
789 231 645 

297 563 418 
564 817 923 
831 924 576 

378 692 154 
645 178 392 
912 345 867 
===========
