123 456 789 
456 789 231 
789 312 456 

297 831 564 
564 927 318 
831 645 927 

378 264 195 
645 193 872 
912 578 643 
===========
123 456 789 
456 789 231 
789 312 456 

297 831 564 
564 927 318 
831 645 972 

378 264 195 
645 193 827 
912 578 643 
===========
123 456 789 
456 789 231 
789 312 456 

297 831 564 
564 927 813 
831 645 927 

378 264 195 
645 198 372 
912 573 648 
===========
123 456 789 
456 789 231 
789 312 456 

297 831 564 
564 927 813 
831 645 972 

378 264 195 
645 198 327 
912 573 648 
===========
123 456 789 
456 789 231 
789 312 456 

297 835 164 
564 921 378 
831 647 592 

378 294 615 
645 178 923 
912 563 847 
===========
123 456 789 
456 789 231 
789 312 456 

297 835 164 
564 921 873 
831 647 592 

378 294 615 
645 173 928 
912 568 347 
===========
123 456 789 
456 789 231 
789 312 456 

297 835 164 
564 921 378 
831 647 592 

378 264 915 
645 193 827 
912 578 643 
===========
123 456 789 
456 789 231 
789 312 456 

297 835 164 
564 921 873 
831 647 592 

378 264 915 
645 198 327 
912 573 648 
===========
123 456 789 
456 789 231 
789 312 456 

297 835 614 
564 921 378 
831 647 592 

378 294 165 
645 178 923 
912 563 847 
===========
123 456 789 
456 789 231 
789 312 456 

297 835 614 
564 921 873 
831 647 592 

378 294 165 
645 173 928 
912 568 347 
===========
123 456 789 
456 789 231 
789 312 456 

297 841 563 
564 973 812 
831 625 974 

378 264 195 
645 198 327 
912 537 648 
===========
123 456 789 
456 789 231 
789 312 456 

297 841 563 
564 973 812 
831 625 947 

378 264 195 
645 197 328 
912 538 674 
===========
123 456 789 
456 789 231 
789 312 456 

297 841 563 
564 973 812 
831 625 974 

378 264 195 
645 197 328 
912 538 647 
===========
123 456 789 
456 789 231 
789 312 456 

297 841 563 
564 923 817 
831 675 924 

378 264 195 
645 198 372 
912 537 648 
===========
123 456 789 
456 789 231 
789 312 456 

297 841 563 
564 923 817 
831 675 942 

378 264 195 
645 197 328 
912 538 674 
===========
123 456 789 
456 789 231 
789 312 456 

297 841 563 
564 973 128 
831 625 947 

378 294 615 
645 137 892 
912 568 374 
===========
123 456 789 
456 789 231 
789 312 456 

297 841 563 
564 973 128 
831 625 974 

378 294 615 
645 137 892 
912 568 347 
===========
123 456 789 
456 789 231 
789 312 456 

297 841 563 
564 923 178 
831 675 924 

378 294 615 
645 137 892 
912 568 347 
===========
123 456 789 
456 789 231 
789 312 456 

297 841 563 
564 937 128 
831 625 947 

378 294 615 
645 178 392 
912 563 874 
===========
123 456 789 
456 789 231 
789 312 456 

297 841 563 
564 937 128 
831 625 974 

378 294 615 
645 178 392 
912 563 847 
===========
123 456 789 
456 789 231 
789 312 456 

297 841 563 
564 937 128 
831 625 947 

378 294 615 
645 173 892 
912 568 374 
===========
123 456 789 
456 789 231 
789 312 456 

297 841 563 
564 937 128 
831 625 974 

378 294 615 
645 173 892 
912 568 347 
===========
123 456 789 
456 789 231 
789 312 456 

297 841 563 
564 937 812 
831 625 974 

378 264 195 
645 198 327 
912 573 648 
===========
123 456 789 
456 789 231 
789 312 456 

297 845 163 
564 931 872 
831 627 594 

378 294 615 
645 173 928 
912 568 347 
===========
123 456 789 
456 789 231 
789 312 456 

297 845 163 
564 931 827 
831 627 594 

378 264 915 
645 198 372 
912 573 648 
===========
123 456 789 
456 789 231 
789 312 456 

297 845 163 
564 931 872 
831 627 594 

378 264 915 
645 198 327 
912 573 648 
===========
123 456 789 
456 789 231 
789 312 456 

297 845 613 
564 931 872 
831 627 594 

378 294 165 
645 173 928 
912 568 347 
===========
123 456 789 
456 789 231 
789 312 456 

297 631 548 
564 827 913 
831 945 627 

378 294 165 
645 178 392 
912 563 874 
===========
123 456 789 
456 789 231 
789 312 456 

297 631 548 
564 827 913 
831 945 627 

378 294 165 
645 173 892 
912 568 374 
===========
123 456 789 
456 789 231 
789 312 456 

297 631 548 
564 827 193 
831 945 627 

378 264 915 
645 198 372 
912 573 864 
===========
123 456 789 
456 789 231 
789 312 456 

297 631 548 
564 827 193 
831 945 672 

378 264 915 
645 198 327 
912 573 864 
===========
123 456 789 
456 789 231 
789 312 456 

297 631 548 
564 827 193 
831 945 627 

378 264 915 
645 193 872 
912 578 364 
===========
123 456 789 
456 789 231 
789 312 456 

297 631 548 
564 827 193 
831 945 672 

378 264 915 
645 193 827 
912 578 364 
===========
123 456 789 
456 789 231 
789 312 456 

297 631 548 
564 827 913 
831 945 627 

378 264 195 
645 198 372 
912 573 864 
===========
123 456 789 
456 789 231 
789 312 456 

297 631 548 
564 827 913 
831 945 672 

378 264 195 
645 198 327 
912 573 864 
===========
123 456 789 
456 789 231 
789 312 456 

297 631 548 
564 827 913 
831 945 627 

378 264 195 
645 193 872 
912 578 364 
===========
123 456 789 
456 789 231 
789 312 456 

297 631 548 
564 827 913 
831 945 672 

378 264 195 
645 193 827 
912 578 364 
===========
123 456 789 
456 789 231 
789 312 456 

297 635 148 
564 821 397 
831 947 562 

378 294 615 
645 178 923 
912 563 874 
===========
123 456 789 
456 789 231 
789 312 456 

297 635 814 
564 821 973 
831 947 562 

378 264 195 
645 198 327 
912 573 648 
===========
123 456 789 
456 789 231 
789 312 456 

297 643 518 
564 871 923 
831 925 647 

378 264 195 
645 198 372 
912 537 864 
===========
123 456 789 
456 789 231 
789 312 456 

297 643 518 
564 821 973 
831 975 642 

378 264 195 
645 198 327 
912 537 864 
===========
123 456 789 
456 789 231 
789 312 456 

297 643 518 
564 871 392 
831 925 674 

378 294 165 
645 138 927 
912 567 843 
===========
123 456 789 
456 789 231 
789 312 456 

297 643 518 
564 871 923 
831 925 647 

378 294 165 
645 137 892 
912 568 374 
===========
123 456 789 
456 789 231 
789 312 456 

297 643 518 
564 871 923 
831 925 674 

378 294 165 
645 137 892 
912 568 347 
===========
123 456 789 
456 789 231 
789 312 456 

297 643 518 
564 821 397 
831 975 624 

378 294 165 
645 138 972 
912 567 843 
===========
123 456 789 
456 789 231 
789 312 456 

297 643 518 
564 821 973 
831 975 624 

378 294 165 
645 137 892 
912 568 347 
===========
123 456 789 
456 789 231 
789 312 456 

297 645 318 
564 831 927 
831 927 564 

378 264 195 
645 193 872 
912 578 643 
===========
123 456 789 
456 789 231 
789 312 456 

297 645 318 
564 831 972 
831 927 564 

378 264 195 
645 193 827 
912 578 643 
===========
123 456 789 
456 789 231 
789 312 456 

297 645 813 
564 831 927 
831 927 564 

378 264 195 
645 198 372 
912 573 648 
===========
123 456 789 
456 789 231 
789 312 456 

297 645 813 
564 831 972 
831 927 564 

378 264 195 
645 198 327 
912 573 648 
===========
123 456 789 
456 789 231 
789 312 456 

297 841 365 
564 973 128 
831 265 947 

378 694 512 
645 127 893 
912 538 674 
===========
123 456 789 
456 789 231 
789 312 456 

297 841 365 
564 973 128 
831 265 974 

378 694 512 
645 127 893 
912 538 647 
===========
123 456 789 
456 789 231 
789 312 456 

297 841 365 
564 937 128 
831 265 974 

378 694 512 
645 123 897 
912 578 643 
===========
123 456 789 
456 789 231 
789 312 456 

297 841 563 
564 973 812 
831 265 974 

378 694 125 
645 128 397 
912 537 648 
===========
123 456 789 
456 789 231 
789 312 456 

297 841 563 
564 973 812 
831 265 947 

378 694 125 
645 127 398 
912 538 674 
===========
123 456 789 
456 789 231 
789 312 456 

297 841 563 
564 973 812 
831 265 974 

378 694 125 
645 127 398 
912 538 647 
===========
123 456 789 
456 789 231 
789 312 456 

297 841 563 
564 973 812 
831 265 974 

378 624 195 
645 198 327 
912 537 648 
===========
123 456 789 
456 789 231 
789 312 456 

297 841 563 
564 973 812 
831 265 947 

378 624 195 
645 197 328 
912 538 674 
===========
123 456 789 
456 789 231 
789 312 456 

297 841 563 
564 973 812 
831 265 974 

378 624 195 
645 197 328 
912 538 647 
===========
123 456 789 
456 789 231 
789 312 456 

297 841 563 
564 937 812 
831 265 974 

378 694 125 
645 128 397 
912 573 648 
===========
123 456 789 
456 789 231 
789 312 456 

297 841 563 
564 937 812 
831 265 974 

378 624 195 
645 198 327 
912 573 648 
===========
123 456 789 
456 789 231 
789 312 456 

297 843 165 
564 971 328 
831 265 947 

378 694 512 
645 127 893 
912 538 674 
===========
123 456 789 
456 789 231 
789 312 456 

297 843 165 
564 971 328 
831 265 974 

378 694 512 
645 127 893 
912 538 647 
===========
123 456 789 
456 789 231 
789 312 456 

297 843 165 
564 971 823 
831 265 974 

378 694 512 
645 128 397 
912 537 648 
===========
123 456 789 
456 789 231 
789 312 456 

297 843 165 
564 971 823 
831 265 947 

378 694 512 
645 127 398 
912 538 674 
===========
123 456 789 
456 789 231 
789 312 456 

297 843 165 
564 971 823 
831 265 974 

378 694 512 
645 127 398 
912 538 647 
===========
123 456 789 
456 789 231 
789 312 456 

297 845 163 
564 931 827 
831 267 594 

378 624 915 
645 198 372 
912 573 648 
===========
123 456 789 
456 789 231 
789 312 456 

297 845 163 
564 931 872 
831 267 594 

378 624 915 
645 198 327 
912 573 648 
===========
123 456 789 
456 789 231 
789 312 456 

297 861 345 
564 973 128 
831 245 697 

378 694 512 
645 128 973 
912 537 864 
===========
123 456 789 
456 789 231 
789 312 456 

297 861 345 
564 973 128 
831 245 967 

378 694 512 
645 127 893 
912 538 674 
===========
123 456 789 
456 789 231 
789 312 456 

297 861 345 
564 937 128 
831 245 697 

378 694 512 
645 128 973 
912 573 864 
===========
123 456 789 
456 789 231 
789 312 456 

297 861 543 
564 973 812 
831 245 967 

378 694 125 
645 127 398 
912 538 674 
===========
123 456 789 
456 789 231 
789 312 456 

297 861 543 
564 973 128 
831 245 697 

378 624 915 
645 198 372 
912 537 864 
===========
123 456 789 
456 789 231 
789 312 456 

297 861 543 
564 973 812 
831 245 967 

378 624 195 
645 197 328 
912 538 674 
===========
123 456 789 
456 789 231 
789 312 456 

297 861 543 
564 937 812 
831 245 697 

378 694 125 
645 123 978 
912 578 364 
===========
123 456 789 
456 789 231 
789 312 456 

297 861 543 
564 937 128 
831 245 697 

378 624 915 
645 198 372 
912 573 864 
===========
123 456 789 
456 789 231 
789 312 456 

297 861 543 
564 937 128 
831 245 697 

378 624 915 
645 193 872 
912 578 364 
===========
123 456 789 
456 789 231 
789 312 456 

297 863 145 
564 971 328 
831 245 697 

378 694 512 
645 128 973 
912 537 864 
===========
123 456 789 
456 789 231 
789 312 456 

297 863 145 
564 971 328 
831 245 967 

378 694 512 
645 127 893 
912 538 674 
===========
123 456 789 
456 789 231 
789 312 456 

297 863 145 
564 971 823 
831 245 967 

378 694 512 
645 127 398 
912 538 674 
===========
123 456 789 
456 789 231 
789 312 456 

297 863 514 
564 971 823 
831 245 967 

378 624 195 
645 198 372 
912 537 648 
===========
123 456 789 
456 789 231 
789 312 456 

297 865 143 
564 931 827 
831 247 695 

378 694 512 
645 123 978 
912 578 364 
===========
123 456 789 
456 789 231 
789 312 456 

297 845 163 
564 231 897 
831 967 524 

378 624 915 
645 198 372 
912 573 648 
===========
123 456 789 
456 789 231 
789 312 456 

297 845 613 
564 231 897 
831 967 542 

378 694 125 
645 123 978 
912 578 364 
===========
123 456 789 
456 789 231 
789 312 456 

297 845 613 
564 231 978 
831 967 542 

378 694 125 
645 128 397 
912 573 864 
===========
123 456 789 
456 789 231 
789 312 456 

297 845 613 
564 231 978 
831 967 542 

378 694 125 
645 123 897 
912 578 364 
===========
123 456 789 
456 789 231 
789 312 456 

297 845 613 
564 231 978 
831 967 542 

378 624 195 
645 198 327 
912 573 864 
===========
123 456 789 
456 789 231 
789 312 456 

297 845 613 
564 231 978 
831 967 542 

378 624 195 
645 193 827 
912 578 364 
===========
123 456 789 
456 789 231 
789 312 456 

297 861 345 
564 273 198 
831 945 627 

378 694 512 
645 128 973 
912 537 864 
===========
123 456 789 
456 789 231 
789 312 456 

297 861 345 
564 237 198 
831 945 627 

378 694 512 
645 128 973 
912 573 864 
===========
123 456 789 
456 789 231 
789 312 456 

297 861 543 
564 273 918 
831 945 672 

378 694 125 
645 128 397 
912 537 864 
===========
123 456 789 
456 789 231 
789 312 456 

297 861 543 
564 273 198 
831 945 627 

378 624 915 
645 198 372 
912 537 864 
===========
123 456 789 
456 789 231 
789 312 456 

297 861 543 
564 273 198 
831 945 672 

378 624 915 
645 198 327 
912 537 864 
===========
123 456 789 
456 789 231 
789 312 456 

297 861 543 
564 273 918 
831 945 627 

378 624 195 
645 198 372 
912 537 864 
===========
123 456 789 
456 789 231 
789 312 456 

297 861 543 
564 273 918 
831 945 672 

378 624 195 
645 198 327 
912 537 864 
===========
123 456 789 
456 789 231 
789 312 456 

297 861 543 
564 237 918 
831 945 672 

378 694 125 
645 128 397 
912 573 864 
===========
123 456 789 
456 789 231 
789 312 456 

297 861 543 
564 237 918 
831 945 672 

378 694 125 
645 123 897 
912 578 364 
===========
123 456 789 
456 789 231 
789 312 456 

297 861 543 
564 237 198 
831 945 627 

378 624 915 
645 198 372 
912 573 864 
===========
123 456 789 
456 789 231 
789 312 456 

297 861 543 
564 237 198 
831 945 672 

378 624 915 
645 198 327 
912 573 864 
===========
123 456 789 
456 789 231 
789 312 456 

297 861 543 
564 237 198 
831 945 627 

378 624 915 
645 193 872 
912 578 364 
===========
123 456 789 
456 789 231 
789 312 456 

297 861 543 
564 237 198 
831 945 672 

378 624 915 
645 193 827 
912 578 364 
===========
123 456 789 
456 789 231 
789 312 456 

297 861 543 
564 237 918 
831 945 627 

378 624 195 
645 198 372 
912 573 864 
===========
123 456 789 
456 789 231 
789 312 456 

297 861 543 
564 237 918 
831 945 672 

378 624 195 
645 198 327 
912 573 864 
===========
123 456 789 
456 789 231 
789 312 456 

297 861 543 
564 237 918 
831 945 627 

378 624 195 
645 193 872 
912 578 364 
===========
123 456 789 
456 789 231 
789 312 456 

297 861 543 
564 237 918 
831 945 672 

378 624 195 
645 193 827 
912 578 364 
===========
123 456 789 
456 789 231 
789 312 456 

297 863 145 
564 271 398 
831 945 627 

378 694 512 
645 128 973 
912 537 864 
===========
123 456 789 
456 789 231 
789 312 456 

297 865 143 
564 231 897 
831 947 625 

378 694 512 
645 123 978 
912 578 364 
===========
123 456 789 
456 789 231 
789 312 456 

297 865 143 
564 231 978 
831 947 625 

378 694 512 
645 128 397 
912 573 864 
===========
123 456 789 
456 789 231 
789 312 456 

297 865 143 
564 231 978 
831 947 625 

378 694 512 
645 123 897 
912 578 364 
===========
123 456 789 
456 789 231 
789 312 456 

297 865 314 
564 231 897 
831 947 562 

378 694 125 
645 128 973 
912 573 648 
===========
123 456 789 
456 789 231 
789 312 456 

297 865 314 
564 231 897 
831 947 562 

378 694 125 
645 123 978 
912 578 643 
===========
123 456 789 
456 789 231 
789 312 456 

297 865 314 
564 231 978 
831 947 562 

378 694 125 
645 123 897 
912 578 643 
===========
123 456 789 
456 789 231 
789 312 456 

297 865 314 
564 231 978 
831 947 562 

378 624 195 
645 193 827 
912 578 643 
===========
123 456 789 
456 789 231 
789 312 456 

297 631 548 
564 897 123 
831 245 967 

378 924 615 
645 178 392 
912 563 874 
===========
123 456 789 
456 789 231 
789 312 456 

297 631 548 
564 897 123 
831 245 967 

378 924 615 
645 173 892 
912 568 374 
===========
123 456 789 
456 789 231 
789 312 456 

297 631 548 
564 897 312 
831 245 697 

378 924 165 
645 178 923 
912 563 874 
===========
123 456 789 
456 789 231 
789 312 456 

297 631 548 
564 897 312 
831 245 697 

378 964 125 
645 128 973 
912 573 864 
===========
123 456 789 
456 789 231 
789 312 456 

297 631 845 
564 897 123 
831 245 697 

378 964 512 
645 123 978 
912 578 364 
===========
123 456 789 
456 789 231 
789 312 456 

297 635 148 
564 891 327 
831 247 695 

378 964 512 
645 128 973 
912 573 864 
===========
123 456 789 
456 789 231 
789 312 456 

297 643 518 
564 891 372 
831 275 964 

378 964 125 
645 127 893 
912 538 647 
===========
123 456 789 
456 789 231 
789 312 456 

297 643 518 
564 871 392 
831 295 647 

378 964 125 
645 128 973 
912 537 864 
===========
123 456 789 
456 789 231 
789 312 456 

297 643 518 
564 891 327 
831 275 694 

378 924 165 
645 138 972 
912 567 843 
===========
123 456 789 
456 789 231 
789 312 456 

297 643 518 
564 891 372 
831 275 694 

378 924 165 
645 138 927 
912 567 843 
===========
123 456 789 
456 789 231 
789 312 456 

297 643 518 
564 871 392 
831 295 674 

378 924 165 
645 138 927 
912 567 843 
===========
123 456 789 
456 789 231 
789 312 456 

297 643 518 
564 871 923 
831 295 647 

378 924 165 
645 137 892 
912 568 374 
===========
123 456 789 
456 789 231 
789 312 456 

297 643 518 
564 871 923 
831 295 674 

378 924 165 
645 137 892 
912 568 347 
===========
123 456 789 
456 789 231 
789 312 456 

297 645 318 
564 831 972 
831 297 564 

378 964 125 
645 123 897 
912 578 643 
===========
123 456 789 
456 789 231 
789 312 456 

297 645 813 
564 831 972 
831 297 564 

378 964 125 
645 128 397 
912 573 648 
===========
123 456 789 
456 789 231 
789 312 456 

297 831 564 
564 297 318 
831 645 972 

378 964 125 
645 123 897 
912 578 643 
===========
123 456 789 
456 789 231 
789 312 456 

297 831 564 
564 297 813 
831 645 972 

378 964 125 
645 128 397 
912 573 648 
===========
123 456 789 
456 789 231 
789 312 456 

297 835 164 
564 291 378 
831 647 592 

378 924 615 
645 178 923 
912 563 847 
===========
123 456 789 
456 789 231 
789 312 456 

297 835 164 
564 291 873 
831 647 592 

378 924 615 
645 173 928 
912 568 347 
===========
123 456 789 
456 789 231 
789 312 456 

297 835 164 
564 291 378 
831 647 925 

378 964 512 
645 123 897 
912 578 643 
===========
123 456 789 
456 789 231 
789 312 456 

297 835 164 
564 291 873 
831 647 925 

378 964 512 
645 128 397 
912 573 648 
===========
123 456 789 
456 789 231 
789 312 456 

297 835 614 
564 291 378 
831 647 592 

378 924 165 
645 178 923 
912 563 847 
===========
123 456 789 
456 789 231 
789 312 456 

297 835 614 
564 291 873 
831 647 592 

378 924 165 
645 173 928 
912 568 347 
===========
123 456 789 
456 789 231 
789 312 456 

297 841 365 
564 293 178 
831 675 924 

378 964 512 
645 127 893 
912 538 647 
===========
123 456 789 
456 789 231 
789 312 456 

297 841 563 
564 293 817 
831 675 942 

378 964 125 
645 127 398 
912 538 674 
===========
123 456 789 
456 789 231 
789 312 456 

297 841 563 
564 293 178 
831 675 924 

378 924 615 
645 137 892 
912 568 347 
===========
123 456 789 
456 789 231 
789 312 456 

297 843 165 
564 291 378 
831 675 924 

378 964 512 
645 127 893 
912 538 647 
===========
123 456 789 
456 789 231 
789 312 456 

297 843 165 
564 291 873 
831 675 924 

378 964 512 
645 128 397 
912 537 648 
===========
123 456 789 
456 789 231 
789 312 456 

297 843 165 
564 291 873 
831 675 924 

378 964 512 
645 127 398 
912 538 647 
===========
123 456 789 
456 789 231 
789 312 456 

297 845 163 
564 231 897 
831 697 542 

378 924 615 
645 173 928 
912 568 374 
===========
123 456 789 
456 789 231 
789 312 456 

297 845 163 
564 231 978 
831 697 524 

378 924 615 
645 178 392 
912 563 847 
===========
123 456 789 
456 789 231 
789 312 456 

297 845 163 
564 231 978 
831 697 524 

378 924 615 
645 173 892 
912 568 347 
===========
123 456 789 
456 789 231 
789 312 456 

297 845 613 
564 231 897 
831 697 542 

378 924 165 
645 173 928 
912 568 374 
===========
123 456 789 
456 789 231 
789 312 456 

297 845 613 
564 231 978 
831 697 524 

378 924 165 
645 178 392 
912 563 847 
===========
123 456 789 
456 789 231 
789 312 456 

297 845 613 
564 231 978 
831 697 524 

378 924 165 
645 173 892 
912 568 347 
===========
123 456 789 
456 789 231 
789 312 456 

297 845 613 
564 231 897 
831 697 542 

378 964 125 
645 123 978 
912 578 364 
===========
123 456 789 
456 789 231 
789 312 456 

297 845 613 
564 231 978 
831 697 542 

378 964 125 
645 128 397 
912 573 864 
===========
123 456 789 
456 789 231 
789 312 456 

297 845 613 
564 231 978 
831 697 542 

378 964 125 
645 123 897 
912 578 364 
===========
123 456 789 
456 789 231 
789 312 456 

297 831 564 
564 927 318 
831 645 972 

378 194 625 
645 278 193 
912 563 847 
===========
123 456 789 
456 789 231 
789 312 456 

297 831 564 
564 927 813 
831 645 972 

378 194 625 
645 273 198 
912 568 347 
===========
123 456 789 
456 789 231 
789 312 456 

297 831 645 
564 927 318 
831 645 927 

378 194 562 
645 278 193 
912 563 874 
===========
123 456 789 
456 789 231 
789 312 456 

297 831 645 
564 927 813 
831 645 927 

378 194 562 
645 273 198 
912 568 374 
===========
123 456 789 
456 789 231 
789 312 456 

297 831 645 
564 927 318 
831 645 927 

378 164 592 
645 298 173 
912 573 864 
===========
123 456 789 
456 789 231 
789 312 456 

297 831 645 
564 927 813 
831 645 927 

378 164 592 
645 293 178 
912 578 364 
===========
123 456 789 
456 789 231 
789 312 456 

297 835 164 
564 921 378 
831 647 592 

378 194 625 
645 278 913 
912 563 847 
===========
123 456 789 
456 789 231 
789 312 456 

297 835 164 
564 921 873 
831 647 592 

378 194 625 
645 273 918 
912 568 347 
===========
123 456 789 
456 789 231 
789 312 456 

297 835 164 
564 921 378 
831 647 592 

378 164 925 
645 293 817 
912 578 643 
===========
123 456 789 
456 789 231 
789 312 456 

297 835 164 
564 921 378 
831 647 925 

378 164 592 
645 293 817 
912 578 643 
===========
123 456 789 
456 789 231 
789 312 456 

297 835 164 
564 921 873 
831 647 592 

378 164 925 
645 298 317 
912 573 648 
===========
123 456 789 
456 789 231 
789 312 456 

297 835 164 
564 921 873 
831 647 925 

378 164 592 
645 298 317 
912 573 648 
===========
123 456 789 
456 789 231 
789 312 456 

297 835 614 
564 921 378 
831 647 925 

378 194 562 
645 278 193 
912 563 847 
===========
123 456 789 
456 789 231 
789 312 456 

297 835 614 
564 921 873 
831 647 925 

378 194 562 
645 273 198 
912 568 347 
===========
123 456 789 
456 789 231 
789 312 456 

297 841 365 
564 973 128 
831 625 947 

378 164 592 
645 297 813 
912 538 674 
===========
123 456 789 
456 789 231 
789 312 456 

297 841 365 
564 973 128 
831 625 974 

378 164 592 
645 297 813 
912 538 647 
===========
123 456 789 
456 789 231 
789 312 456 

297 841 365 
564 923 178 
831 675 924 

378 164 592 
645 297 813 
912 538 647 
===========
123 456 789 
456 789 231 
789 312 456 

297 841 365 
564 923 817 
831 675 924 

378 164 592 
645 298 173 
912 537 648 
===========
123 456 789 
456 789 231 
789 312 456 

297 841 365 
564 937 128 
831 625 974 

378 164 592 
645 293 817 
912 578 643 
===========
123 456 789 
456 789 231 
789 312 456 

297 841 563 
564 973 812 
831 625 974 

378 194 625 
645 238 197 
912 567 348 
===========
123 456 789 
456 789 231 
789 312 456 

297 841 563 
564 973 812 
831 625 947 

378 194 625 
645 237 198 
912 568 374 
===========
123 456 789 
456 789 231 
789 312 456 

297 841 563 
564 973 812 
831 625 974 

378 194 625 
645 237 198 
912 568 347 
===========
123 456 789 
456 789 231 
789 312 456 

297 841 563 
564 923 817 
831 675 942 

378 194 625 
645 237 198 
912 568 374 
===========
123 456 789 
456 789 231 
789 312 456 

297 841 563 
564 937 812 
831 625 947 

378 194 625 
645 273 198 
912 568 374 
===========
123 456 789 
456 789 231 
789 312 456 

297 841 563 
564 937 812 
831 625 974 

378 194 625 
645 273 198 
912 568 347 
===========
123 456 789 
456 789 231 
789 312 456 

297 843 165 
564 971 328 
831 625 947 

378 164 592 
645 297 813 
912 538 674 
===========
123 456 789 
456 789 231 
789 312 456 

297 843 165 
564 971 328 
831 625 974 

378 164 592 
645 297 813 
912 538 647 
===========
123 456 789 
456 789 231 
789 312 456 

297 843 165 
564 971 823 
831 625 974 

378 164 592 
645 298 317 
912 537 648 
===========
123 456 789 
456 789 231 
789 312 456 

297 843 165 
564 971 823 
831 625 947 

378 164 592 
645 297 318 
912 538 674 
===========
123 456 789 
456 789 231 
789 312 456 

297 843 165 
564 971 823 
831 625 974 

378 164 592 
645 297 318 
912 538 647 
===========
123 456 789 
456 789 231 
789 312 456 

297 843 165 
564 921 378 
831 675 924 

378 164 592 
645 297 813 
912 538 647 
===========
123 456 789 
456 789 231 
789 312 456 

297 843 165 
564 921 873 
831 675 924 

378 164 592 
645 298 317 
912 537 648 
===========
123 456 789 
456 789 231 
789 312 456 

297 843 165 
564 921 873 
831 675 924 

378 164 592 
645 297 318 
912 538 647 
===========
123 456 789 
456 789 231 
789 312 456 

297 843 615 
564 971 328 
831 625 947 

378 164 592 
645 298 173 
912 537 864 
===========
123 456 789 
456 789 231 
789 312 456 

297 843 615 
564 971 328 
831 625 974 

378 194 562 
645 238 197 
912 567 843 
===========
123 456 789 
456 789 231 
789 312 456 

297 843 615 
564 971 823 
831 625 974 

378 194 562 
645 238 197 
912 567 348 
===========
123 456 789 
456 789 231 
789 312 456 

297 843 615 
564 971 823 
831 625 947 

378 194 562 
645 237 198 
912 568 374 
===========
123 456 789 
456 789 231 
789 312 456 

297 843 615 
564 971 823 
831 625 974 

378 194 562 
645 237 198 
912 568 347 
===========
123 456 789 
456 789 231 
789 312 456 

297 843 615 
564 921 378 
831 675 924 

378 194 562 
645 238 197 
912 567 843 
===========
123 456 789 
456 789 231 
789 312 456 

297 843 615 
564 921 873 
831 675 924 

378 194 562 
645 238 197 
912 567 348 
===========
123 456 789 
456 789 231 
789 312 456 

297 843 615 
564 921 873 
831 675 924 

378 194 562 
645 237 198 
912 568 347 
===========
123 456 789 
456 789 231 
789 312 456 

297 845 163 
564 931 872 
831 627 594 

378 194 625 
645 273 918 
912 568 347 
===========
123 456 789 
456 789 231 
789 312 456 

297 845 163 
564 931 872 
831 627 594 

378 164 925 
645 298 317 
912 573 648 
===========
123 456 789 
456 789 231 
789 312 456 

297 845 613 
564 931 827 
831 627 945 

378 194 562 
645 273 198 
912 568 374 
===========
123 456 789 
456 789 231 
789 312 456 

297 845 613 
564 931 827 
831 627 945 

378 164 592 
645 293 178 
912 578 364 
===========
123 456 789 
456 789 231 
789 312 456 

297 631 548 
564 827 193 
831 945 672 

378 164 925 
645 298 317 
912 573 864 
===========
123 456 789 
456 789 231 
789 312 456 

297 631 548 
564 827 193 
831 945 672 

378 164 925 
645 293 817 
912 578 364 
===========
123 456 789 
456 789 231 
789 312 456 

297 631 845 
564 827 193 
831 945 627 

378 194 562 
645 273 918 
912 568 374 
===========
123 456 789 
456 789 231 
789 312 456 

297 631 845 
564 827 913 
831 945 627 

378 194 562 
645 273 198 
912 568 374 
===========
123 456 789 
456 789 231 
789 312 456 

297 631 845 
564 827 913 
831 945 627 

378 164 592 
645 293 178 
912 578 364 
===========
