123 456 789 
456 798 132 
789 213 546 

297 831 465 
564 972 318 
831 645 927 

378 524 691 
645 189 273 
912 367 854 
===========
123 456 789 
456 798 132 
789 213 546 

297 831 465 
564 972 318 
831 645 297 

378 564 921 
645 129 873 
912 387 654 
===========
123 456 789 
456 798 132 
789 213 546 

297 831 465 
564 972 318 
831 645 927 

378 564 291 
645 129 873 
912 387 654 
===========
123 456 789 
456 798 132 
789 213 546 

297 831 465 
564 972 813 
831 645 297 

378 564 921 
645 129 378 
912 387 654 
===========
123 456 789 
456 798 132 
789 213 546 

297 831 465 
564 972 813 
831 645 927 

378 564 291 
645 129 378 
912 387 654 
===========
123 456 789 
456 798 132 
789 213 546 

297 831 654 
564 972 318 
831 645 297 

378 529 461 
645 187 923 
912 364 875 
===========
123 456 789 
456 798 132 
789 213 546 

297 831 654 
564 972 318 
831 645 927 

378 529 461 
645 187 293 
912 364 875 
===========
123 456 789 
456 798 132 
789 213 546 

297 831 654 
564 927 318 
831 645 297 

378 569 421 
645 182 973 
912 374 865 
===========
123 456 789 
456 798 132 
789 213 546 

297 831 654 
564 927 318 
831 645 927 

378 562 491 
645 189 273 
912 374 865 
===========
123 456 789 
456 798 132 
789 213 546 

297 831 654 
564 972 318 
831 645 297 

378 564 921 
645 129 873 
912 387 465 
===========
123 456 789 
456 798 132 
789 213 546 

297 831 654 
564 972 318 
831 645 927 

378 564 291 
645 129 873 
912 387 465 
===========
123 456 789 
456 798 132 
789 213 546 

297 831 654 
564 972 813 
831 645 297 

378 564 921 
645 129 378 
912 387 465 
===========
123 456 789 
456 798 132 
789 213 546 

297 831 654 
564 972 813 
831 645 927 

378 564 291 
645 129 378 
912 387 465 
===========
123 456 789 
456 798 132 
789 213 546 

297 834 615 
564 971 328 
831 625 497 

378 549 261 
645 182 973 
912 367 854 
===========
123 456 789 
456 798 132 
789 213 546 

297 834 615 
564 971 328 
831 625 497 

378 542 961 
645 189 273 
912 367 854 
===========
123 456 789 
456 798 132 
789 213 546 

297 834 615 
564 971 823 
831 625 974 

378 549 261 
645 182 397 
912 367 458 
===========
123 456 789 
456 798 132 
789 213 546 

297 834 615 
564 921 873 
831 675 924 

378 549 261 
645 182 397 
912 367 458 
===========
123 456 789 
456 798 132 
789 213 546 

297 834 615 
564 921 873 
831 675 294 

378 542 961 
645 189 327 
912 367 458 
===========
123 456 789 
456 798 132 
789 213 546 

297 834 651 
564 971 328 
831 625 497 

378 569 214 
645 182 973 
912 347 865 
===========
123 456 789 
456 798 132 
789 213 546 

297 834 651 
564 971 328 
831 625 497 

378 562 914 
645 189 273 
912 347 865 
===========
123 456 789 
456 798 132 
789 213 546 

297 835 461 
564 971 823 
831 624 975 

378 569 214 
645 182 397 
912 347 658 
===========
123 456 789 
456 798 132 
789 213 546 

297 835 461 
564 921 873 
831 674 925 

378 569 214 
645 182 397 
912 347 658 
===========
123 456 789 
456 798 132 
789 213 546 

297 835 461 
564 921 873 
831 674 295 

378 562 914 
645 189 327 
912 347 658 
===========
123 456 789 
456 798 132 
789 213 546 

297 835 461 
564 971 328 
831 642 957 

378 529 614 
645 187 293 
912 364 875 
===========
123 456 789 
456 798 132 
789 213 546 

297 835 461 
564 971 328 
831 642 975 

378 529 614 
645 187 293 
912 364 857 
===========
123 456 789 
456 798 132 
789 213 546 

297 835 461 
564 921 873 
831 647 925 

378 569 214 
645 182 397 
912 374 658 
===========
123 456 789 
456 798 132 
789 213 546 

297 835 461 
564 921 873 
831 647 295 

378 562 914 
645 189 327 
912 374 658 
===========
123 456 789 
456 798 132 
789 213 546 

297 835 461 
564 971 328 
831 642 957 

378 569 214 
645 127 893 
912 384 675 
===========
123 456 789 
456 798 132 
789 213 546 

297 835 461 
564 971 328 
831 642 975 

378 569 214 
645 127 893 
912 384 657 
===========
123 456 789 
456 798 132 
789 213 546 

297 835 461 
564 971 823 
831 642 957 

378 569 214 
645 127 398 
912 384 675 
===========
123 456 789 
456 798 132 
789 213 546 

297 835 461 
564 971 823 
831 642 975 

378 569 214 
645 127 398 
912 384 657 
===========
123 456 789 
456 798 132 
789 213 546 

297 835 461 
564 921 378 
831 647 925 

378 569 214 
645 172 893 
912 384 657 
===========
123 456 789 
456 798 132 
789 213 546 

297 835 461 
564 921 378 
831 647 295 

378 562 914 
645 179 823 
912 384 657 
===========
123 456 789 
456 798 132 
789 213 546 

297 835 461 
564 921 873 
831 647 925 

378 569 214 
645 172 398 
912 384 657 
===========
123 456 789 
456 798 132 
789 213 546 

297 835 461 
564 921 873 
831 647 295 

378 562 914 
645 179 328 
912 384 657 
===========
123 456 789 
456 798 132 
789 213 546 

297 835 614 
564 971 328 
831 624 957 

378 562 491 
645 189 273 
912 347 865 
===========
123 456 789 
456 798 132 
789 213 546 

297 835 614 
564 971 328 
831 642 957 

378 529 461 
645 187 293 
912 364 875 
===========
123 456 789 
456 798 132 
789 213 546 

297 835 614 
564 971 328 
831 642 975 

378 529 461 
645 187 293 
912 364 857 
===========
123 456 789 
456 798 132 
789 213 546 

297 835 614 
564 971 823 
831 624 975 

378 549 261 
645 182 397 
912 367 458 
===========
123 456 789 
456 798 132 
789 213 546 

297 835 614 
564 921 873 
831 674 925 

378 549 261 
645 182 397 
912 367 458 
===========
123 456 789 
456 798 132 
789 213 546 

297 835 614 
564 921 873 
831 674 295 

378 542 961 
645 189 327 
912 367 458 
===========
123 456 789 
456 798 132 
789 213 546 

297 835 614 
564 971 328 
831 642 957 

378 564 291 
645 129 873 
912 387 465 
===========
123 456 789 
456 798 132 
789 213 546 

297 835 614 
564 971 823 
831 642 957 

378 564 291 
645 129 378 
912 387 465 
===========
123 456 789 
456 798 132 
789 213 546 

297 841 365 
564 932 817 
831 675 924 

378 524 691 
645 189 273 
912 367 458 
===========
123 456 789 
456 798 132 
789 213 546 

297 841 365 
564 937 821 
831 625 497 

378 569 214 
645 182 973 
912 374 658 
===========
123 456 789 
456 798 132 
789 213 546 

297 841 365 
564 937 821 
831 625 497 

378 562 914 
645 189 273 
912 374 658 
===========
123 456 789 
456 798 132 
789 213 546 

297 841 365 
564 937 218 
831 625 974 

378 569 421 
645 172 893 
912 384 657 
===========
123 456 789 
456 798 132 
789 213 546 

297 841 365 
564 937 218 
831 625 974 

378 562 491 
645 179 823 
912 384 657 
===========
123 456 789 
456 798 132 
789 213 546 

297 841 653 
564 937 218 
831 625 974 

378 569 421 
645 182 397 
912 374 865 
===========
123 456 789 
456 798 132 
789 213 546 

297 841 653 
564 937 218 
831 625 974 

378 562 491 
645 189 327 
912 374 865 
===========
123 456 789 
456 798 132 
789 213 546 

297 841 653 
564 932 817 
831 675 294 

378 564 921 
645 129 378 
912 387 465 
===========
123 456 789 
456 798 132 
789 213 546 

297 841 653 
564 932 817 
831 675 924 

378 564 291 
645 129 378 
912 387 465 
===========
123 456 789 
456 798 132 
789 213 546 

297 845 361 
564 931 278 
831 672 495 

378 529 614 
645 187 923 
912 364 857 
===========
123 456 789 
456 798 132 
789 213 546 

297 845 361 
564 931 827 
831 627 495 

378 569 214 
645 182 973 
912 374 658 
===========
123 456 789 
456 798 132 
789 213 546 

297 845 361 
564 931 827 
831 627 495 

378 562 914 
645 189 273 
912 374 658 
===========
123 456 789 
456 798 132 
789 213 546 

297 845 361 
564 931 278 
831 627 495 

378 562 914 
645 179 823 
912 384 657 
===========
123 456 789 
456 798 132 
789 213 546 

297 845 613 
564 931 278 
831 672 495 

378 524 961 
645 189 327 
912 367 854 
===========
123 456 789 
456 798 132 
789 213 546 

297 845 613 
564 931 278 
831 627 954 

378 569 421 
645 182 397 
912 374 865 
===========
123 456 789 
456 798 132 
789 213 546 

297 845 613 
564 931 278 
831 627 954 

378 562 491 
645 189 327 
912 374 865 
===========
123 456 789 
456 798 132 
789 213 546 

297 845 613 
564 931 827 
831 672 954 

378 564 291 
645 129 378 
912 387 465 
===========
123 456 789 
456 798 132 
789 213 546 

297 631 458 
564 872 391 
831 945 267 

378 529 614 
645 187 923 
912 364 875 
===========
123 456 789 
456 798 132 
789 213 546 

297 631 458 
564 827 391 
831 945 627 

378 569 214 
645 182 973 
912 374 865 
===========
123 456 789 
456 798 132 
789 213 546 

297 631 458 
564 827 391 
831 945 627 

378 562 914 
645 189 273 
912 374 865 
===========
123 456 789 
456 798 132 
789 213 546 

297 631 458 
564 827 391 
831 945 267 

378 562 914 
645 179 823 
912 384 675 
===========
123 456 789 
456 798 132 
789 213 546 

297 631 854 
564 872 913 
831 945 267 

378 569 421 
645 127 398 
912 384 675 
===========
123 456 789 
456 798 132 
789 213 546 

297 631 854 
564 872 913 
831 945 627 

378 564 291 
645 129 378 
912 387 465 
===========
123 456 789 
456 798 132 
789 213 546 

297 631 854 
564 827 913 
831 945 267 

378 569 421 
645 172 398 
912 384 675 
===========
123 456 789 
456 798 132 
789 213 546 

297 631 854 
564 827 913 
831 945 267 

378 562 491 
645 179 328 
912 384 675 
===========
123 456 789 
456 798 132 
789 213 546 

297 634 815 
564 821 397 
831 975 264 

378 569 421 
645 182 973 
912 347 658 
===========
123 456 789 
456 798 132 
789 213 546 

297 634 815 
564 821 973 
831 975 264 

378 569 421 
645 182 397 
912 347 658 
===========
123 456 789 
456 798 132 
789 213 546 

297 634 815 
564 821 973 
831 975 264 

378 562 491 
645 189 327 
912 347 658 
===========
123 456 789 
456 798 132 
789 213 546 

297 634 815 
564 871 293 
831 925 674 

378 542 961 
645 189 327 
912 367 458 
===========
123 456 789 
456 798 132 
789 213 546 

297 634 815 
564 871 923 
831 925 674 

378 549 261 
645 182 397 
912 367 458 
===========
123 456 789 
456 798 132 
789 213 546 

297 634 815 
564 821 397 
831 975 264 

378 549 621 
645 182 973 
912 367 458 
===========
123 456 789 
456 798 132 
789 213 546 

297 634 815 
564 821 397 
831 975 624 

378 549 261 
645 182 973 
912 367 458 
===========
123 456 789 
456 798 132 
789 213 546 

297 634 815 
564 821 397 
831 975 624 

378 542 961 
645 189 273 
912 367 458 
===========
123 456 789 
456 798 132 
789 213 546 

297 634 815 
564 821 973 
831 975 264 

378 549 621 
645 182 397 
912 367 458 
===========
123 456 789 
456 798 132 
789 213 546 

297 634 815 
564 821 973 
831 975 624 

378 549 261 
645 182 397 
912 367 458 
===========
123 456 789 
456 798 132 
789 213 546 

297 634 815 
564 821 973 
831 975 264 

378 542 691 
645 189 327 
912 367 458 
===========
123 456 789 
456 798 132 
789 213 546 

297 635 418 
564 871 293 
831 942 675 

378 524 961 
645 189 327 
912 367 854 
===========
123 456 789 
456 798 132 
789 213 546 

297 635 418 
564 871 293 
831 924 675 

378 542 961 
645 189 327 
912 367 854 
===========
123 456 789 
456 798 132 
789 213 546 

297 635 418 
564 871 923 
831 924 675 

378 549 261 
645 182 397 
912 367 854 
===========
123 456 789 
456 798 132 
789 213 546 

297 635 418 
564 821 397 
831 974 265 

378 549 621 
645 182 973 
912 367 854 
===========
123 456 789 
456 798 132 
789 213 546 

297 635 418 
564 821 397 
831 974 625 

378 549 261 
645 182 973 
912 367 854 
===========
123 456 789 
456 798 132 
789 213 546 

297 635 418 
564 821 397 
831 974 625 

378 542 961 
645 189 273 
912 367 854 
===========
123 456 789 
456 798 132 
789 213 546 

297 635 418 
564 821 973 
831 974 265 

378 549 621 
645 182 397 
912 367 854 
===========
123 456 789 
456 798 132 
789 213 546 

297 635 418 
564 821 973 
831 974 625 

378 549 261 
645 182 397 
912 367 854 
===========
123 456 789 
456 798 132 
789 213 546 

297 635 418 
564 821 973 
831 974 265 

378 542 691 
645 189 327 
912 367 854 
===========
123 456 789 
456 798 132 
789 213 546 

297 635 814 
564 821 397 
831 974 265 

378 569 421 
645 182 973 
912 347 658 
===========
123 456 789 
456 798 132 
789 213 546 

297 635 814 
564 821 973 
831 974 265 

378 569 421 
645 182 397 
912 347 658 
===========
123 456 789 
456 798 132 
789 213 546 

297 635 814 
564 821 973 
831 974 265 

378 562 491 
645 189 327 
912 347 658 
===========
123 456 789 
456 798 132 
789 213 546 

297 635 814 
564 871 293 
831 942 675 

378 524 961 
645 189 327 
912 367 458 
===========
123 456 789 
456 798 132 
789 213 546 

297 635 814 
564 871 293 
831 924 675 

378 542 961 
645 189 327 
912 367 458 
===========
123 456 789 
456 798 132 
789 213 546 

297 635 814 
564 871 923 
831 924 675 

378 549 261 
645 182 397 
912 367 458 
===========
123 456 789 
456 798 132 
789 213 546 

297 635 814 
564 821 397 
831 974 265 

378 549 621 
645 182 973 
912 367 458 
===========
123 456 789 
456 798 132 
789 213 546 

297 635 814 
564 821 397 
831 974 625 

378 549 261 
645 182 973 
912 367 458 
===========
123 456 789 
456 798 132 
789 213 546 

297 635 814 
564 821 397 
831 974 625 

378 542 961 
645 189 273 
912 367 458 
===========
123 456 789 
456 798 132 
789 213 546 

297 635 814 
564 821 973 
831 974 265 

378 549 621 
645 182 397 
912 367 458 
===========
123 456 789 
456 798 132 
789 213 546 

297 635 814 
564 821 973 
831 974 625 

378 549 261 
645 182 397 
912 367 458 
===========
123 456 789 
456 798 132 
789 213 546 

297 635 814 
564 821 973 
831 974 265 

378 542 691 
645 189 327 
912 367 458 
===========
123 456 789 
456 798 132 
789 213 546 

297 635 814 
564 821 397 
831 947 265 

378 569 421 
645 182 973 
912 374 658 
===========
123 456 789 
456 798 132 
789 213 546 

297 635 814 
564 821 973 
831 947 265 

378 569 421 
645 182 397 
912 374 658 
===========
123 456 789 
456 798 132 
789 213 546 

297 635 814 
564 821 973 
831 947 265 

378 562 491 
645 189 327 
912 374 658 
===========
123 456 789 
456 798 132 
789 213 546 

297 635 814 
564 871 293 
831 942 657 

378 564 921 
645 129 378 
912 387 465 
===========
123 456 789 
456 798 132 
789 213 546 

297 635 814 
564 871 923 
831 942 657 

378 564 291 
645 129 378 
912 387 465 
===========
123 456 789 
456 798 132 
789 213 546 

297 635 814 
564 821 973 
831 947 265 

378 569 421 
645 172 398 
912 384 657 
===========
123 456 789 
456 798 132 
789 213 546 

297 635 814 
564 821 973 
831 947 265 

378 562 491 
645 179 328 
912 384 657 
===========
123 456 789 
456 798 132 
789 213 546 

297 641 358 
564 832 917 
831 975 624 

378 529 461 
645 187 293 
912 364 875 
===========
123 456 789 
456 798 132 
789 213 546 

297 641 358 
564 832 917 
831 975 264 

378 569 421 
645 127 893 
912 384 675 
===========
123 456 789 
456 798 132 
789 213 546 

297 641 358 
564 832 917 
831 975 624 

378 564 291 
645 129 873 
912 387 465 
===========
123 456 789 
456 798 132 
789 213 546 

297 641 358 
564 837 291 
831 925 467 

378 562 914 
645 179 823 
912 384 675 
===========
123 456 789 
456 798 132 
789 213 546 

297 641 358 
564 837 921 
831 925 467 

378 569 214 
645 172 893 
912 384 675 
===========
123 456 789 
456 798 132 
789 213 546 

297 641 853 
564 832 917 
831 975 264 

378 569 421 
645 127 398 
912 384 675 
===========
123 456 789 
456 798 132 
789 213 546 

297 641 853 
564 832 917 
831 975 624 

378 564 291 
645 129 378 
912 387 465 
===========
123 456 789 
456 798 132 
789 213 546 

297 641 853 
564 837 291 
831 925 467 

378 562 914 
645 179 328 
912 384 675 
===========
123 456 789 
456 798 132 
789 213 546 

297 641 853 
564 837 921 
831 925 467 

378 569 214 
645 172 398 
912 384 675 
===========
123 456 789 
456 798 132 
789 213 546 

297 645 318 
564 831 297 
831 972 654 

378 529 461 
645 187 923 
912 364 875 
===========
123 456 789 
456 798 132 
789 213 546 

297 645 318 
564 831 927 
831 972 654 

378 529 461 
645 187 293 
912 364 875 
===========
123 456 789 
456 798 132 
789 213 546 

297 645 318 
564 831 927 
831 972 465 

378 524 691 
645 189 273 
912 367 854 
===========
123 456 789 
456 798 132 
789 213 546 

297 645 318 
564 831 297 
831 927 654 

378 569 421 
645 182 973 
912 374 865 
===========
123 456 789 
456 798 132 
789 213 546 

297 645 318 
564 831 927 
831 927 654 

378 562 491 
645 189 273 
912 374 865 
===========
123 456 789 
456 798 132 
789 213 546 

297 645 318 
564 831 297 
831 972 465 

378 564 921 
645 129 873 
912 387 654 
===========
123 456 789 
456 798 132 
789 213 546 

297 645 318 
564 831 297 
831 972 654 

378 564 921 
645 129 873 
912 387 465 
===========
123 456 789 
456 798 132 
789 213 546 

297 645 318 
564 831 927 
831 972 465 

378 564 291 
645 129 873 
912 387 654 
===========
123 456 789 
456 798 132 
789 213 546 

297 645 318 
564 831 927 
831 972 654 

378 564 291 
645 129 873 
912 387 465 
===========
123 456 789 
456 798 132 
789 213 546 

297 645 813 
564 831 297 
831 972 465 

378 564 921 
645 129 378 
912 387 654 
===========
123 456 789 
456 798 132 
789 213 546 

297 645 813 
564 831 297 
831 972 654 

378 564 921 
645 129 378 
912 387 465 
===========
123 456 789 
456 798 132 
789 213 546 

297 645 813 
564 831 927 
831 972 465 

378 564 291 
645 129 378 
912 387 654 
===========
123 456 789 
456 798 132 
789 213 546 

297 645 813 
564 831 927 
831 972 654 

378 564 291 
645 129 378 
912 387 465 
===========
123 456 789 
456 798 132 
789 213 546 

297 831 465 
564 972 318 
831 564 927 

378 649 251 
645 127 893 
912 385 674 
===========
123 456 789 
456 798 132 
789 213 546 

297 831 465 
564 972 318 
831 564 297 

378 645 921 
645 129 873 
912 387 654 
===========
123 456 789 
456 798 132 
789 213 546 

297 831 465 
564 972 318 
831 564 927 

378 645 291 
645 129 873 
912 387 654 
===========
123 456 789 
456 798 132 
789 213 546 

297 831 465 
564 972 813 
831 564 927 

378 649 251 
645 127 398 
912 385 674 
===========
123 456 789 
456 798 132 
789 213 546 

297 831 465 
564 972 813 
831 564 297 

378 645 921 
645 129 378 
912 387 654 
===========
123 456 789 
456 798 132 
789 213 546 

297 831 465 
564 972 813 
831 564 927 

378 645 291 
645 129 378 
912 387 654 
===========
123 456 789 
456 798 132 
789 213 546 

297 831 465 
564 927 318 
831 564 927 

378 649 251 
645 172 893 
912 385 674 
===========
123 456 789 
456 798 132 
789 213 546 

297 831 465 
564 927 318 
831 564 297 

378 642 951 
645 179 823 
912 385 674 
===========
123 456 789 
456 798 132 
789 213 546 

297 831 465 
564 927 813 
831 564 927 

378 649 251 
645 172 398 
912 385 674 
===========
123 456 789 
456 798 132 
789 213 546 

297 831 465 
564 927 813 
831 564 297 

378 642 951 
645 179 328 
912 385 674 
===========
123 456 789 
456 798 132 
789 213 546 

297 831 654 
564 972 318 
831 564 927 

378 625 491 
645 189 273 
912 347 865 
===========
123 456 789 
456 798 132 
789 213 546 

297 831 654 
564 972 318 
831 564 297 

378 645 921 
645 129 873 
912 387 465 
===========
123 456 789 
456 798 132 
789 213 546 

297 831 654 
564 972 318 
831 564 927 

378 645 291 
645 129 873 
912 387 465 
===========
123 456 789 
456 798 132 
789 213 546 

297 831 654 
564 972 813 
831 564 297 

378 645 921 
645 129 378 
912 387 465 
===========
123 456 789 
456 798 132 
789 213 546 

297 831 654 
564 972 813 
831 564 927 

378 645 291 
645 129 378 
912 387 465 
===========
123 456 789 
456 798 132 
789 213 546 

297 834 615 
564 971 328 
831 562 974 

378 629 451 
645 187 293 
912 345 867 
===========
123 456 789 
456 798 132 
789 213 546 

297 834 615 
564 921 873 
831 567 924 

378 649 251 
645 182 397 
912 375 468 
===========
123 456 789 
456 798 132 
789 213 546 

297 834 615 
564 921 873 
831 567 294 

378 642 951 
645 189 327 
912 375 468 
===========
123 456 789 
456 798 132 
789 213 546 

297 834 615 
564 971 328 
831 562 974 

378 649 251 
645 127 893 
912 385 467 
===========
123 456 789 
456 798 132 
789 213 546 

297 834 615 
564 971 823 
831 562 974 

378 649 251 
645 127 398 
912 385 467 
===========
123 456 789 
456 798 132 
789 213 546 

297 834 615 
564 921 378 
831 567 924 

378 649 251 
645 172 893 
912 385 467 
===========
123 456 789 
456 798 132 
789 213 546 

297 834 615 
564 921 378 
831 567 294 

378 642 951 
645 179 823 
912 385 467 
===========
123 456 789 
456 798 132 
789 213 546 

297 834 615 
564 921 873 
831 567 924 

378 649 251 
645 172 398 
912 385 467 
===========
123 456 789 
456 798 132 
789 213 546 

297 834 615 
564 921 873 
831 567 294 

378 642 951 
645 179 328 
912 385 467 
===========
123 456 789 
456 798 132 
789 213 546 

297 834 651 
564 971 328 
831 562 974 

378 629 415 
645 187 293 
912 345 867 
===========
123 456 789 
456 798 132 
789 213 546 

297 834 651 
564 971 328 
831 562 497 

378 625 914 
645 189 273 
912 347 865 
===========
123 456 789 
456 798 132 
789 213 546 

297 834 651 
564 921 873 
831 567 924 

378 649 215 
645 182 397 
912 375 468 
===========
123 456 789 
456 798 132 
789 213 546 

297 834 651 
564 921 873 
831 567 294 

378 642 915 
645 189 327 
912 375 468 
===========
123 456 789 
456 798 132 
789 213 546 

297 834 651 
564 971 328 
831 562 974 

378 649 215 
645 127 893 
912 385 467 
===========
123 456 789 
456 798 132 
789 213 546 

297 834 651 
564 971 823 
831 562 974 

378 649 215 
645 127 398 
912 385 467 
===========
123 456 789 
456 798 132 
789 213 546 

297 834 651 
564 921 378 
831 567 924 

378 649 215 
645 172 893 
912 385 467 
===========
123 456 789 
456 798 132 
789 213 546 

297 834 651 
564 921 378 
831 567 294 

378 642 915 
645 179 823 
912 385 467 
===========
123 456 789 
456 798 132 
789 213 546 

297 834 651 
564 921 873 
831 567 924 

378 649 215 
645 172 398 
912 385 467 
===========
123 456 789 
456 798 132 
789 213 546 

297 834 651 
564 921 873 
831 567 294 

378 642 915 
645 179 328 
912 385 467 
===========
123 456 789 
456 798 132 
789 213 546 

297 841 365 
564 932 817 
831 567 924 

378 625 491 
645 189 273 
912 374 658 
===========
123 456 789 
456 798 132 
789 213 546 

297 841 365 
564 937 821 
831 562 497 

378 625 914 
645 189 273 
912 374 658 
===========
123 456 789 
456 798 132 
789 213 546 

297 841 365 
564 937 218 
831 562 974 

378 625 491 
645 179 823 
912 384 657 
===========
123 456 789 
456 798 132 
789 213 546 

297 841 365 
564 937 218 
831 562 497 

378 624 951 
645 179 823 
912 385 674 
===========
123 456 789 
456 798 132 
789 213 546 

297 841 653 
564 932 871 
831 567 294 

378 624 915 
645 189 327 
912 375 468 
===========
123 456 789 
456 798 132 
789 213 546 

297 841 653 
564 937 218 
831 562 974 

378 625 491 
645 189 327 
912 374 865 
===========
123 456 789 
456 798 132 
789 213 546 

297 841 653 
564 932 871 
831 567 294 

378 624 915 
645 179 328 
912 385 467 
===========
123 456 789 
456 798 132 
789 213 546 

297 861 354 
564 937 821 
831 542 697 

378 624 915 
645 189 273 
912 375 468 
===========
123 456 789 
456 798 132 
789 213 546 

297 861 354 
564 937 821 
831 524 697 

378 649 215 
645 182 973 
912 375 468 
===========
123 456 789 
456 798 132 
789 213 546 

297 861 354 
564 937 821 
831 524 697 

378 642 915 
645 189 273 
912 375 468 
===========
123 456 789 
456 798 132 
789 213 546 

297 861 354 
564 937 218 
831 542 967 

378 625 491 
645 179 823 
912 384 675 
===========
123 456 789 
456 798 132 
789 213 546 

297 861 453 
564 937 821 
831 524 967 

378 649 215 
645 172 398 
912 385 674 
===========
123 456 789 
456 798 132 
789 213 546 

297 864 315 
564 931 278 
831 572 694 

378 629 451 
645 187 923 
912 345 867 
===========
123 456 789 
456 798 132 
789 213 546 

297 864 315 
564 931 827 
831 572 964 

378 629 451 
645 187 293 
912 345 678 
===========
123 456 789 
456 798 132 
789 213 546 

297 864 315 
564 931 827 
831 572 964 

378 625 491 
645 189 273 
912 347 658 
===========
123 456 789 
456 798 132 
789 213 546 

297 864 315 
564 931 827 
831 527 694 

378 649 251 
645 182 973 
912 375 468 
===========
123 456 789 
456 798 132 
789 213 546 

297 864 315 
564 931 827 
831 527 694 

378 642 951 
645 189 273 
912 375 468 
===========
123 456 789 
456 798 132 
789 213 546 

297 864 315 
564 931 278 
831 527 694 

378 642 951 
645 179 823 
912 385 467 
===========
123 456 789 
456 798 132 
789 213 546 

297 864 351 
564 931 278 
831 572 694 

378 629 415 
645 187 923 
912 345 867 
===========
123 456 789 
456 798 132 
789 213 546 

297 864 351 
564 931 827 
831 572 964 

378 629 415 
645 187 293 
912 345 678 
===========
123 456 789 
456 798 132 
789 213 546 

297 864 351 
564 931 827 
831 527 694 

378 649 215 
645 182 973 
912 375 468 
===========
123 456 789 
456 798 132 
789 213 546 

297 864 351 
564 931 827 
831 527 694 

378 642 915 
645 189 273 
912 375 468 
===========
123 456 789 
456 798 132 
789 213 546 

297 864 351 
564 931 278 
831 527 694 

378 642 915 
645 179 823 
912 385 467 
===========
123 456 789 
456 798 132 
789 213 546 

297 531 468 
564 827 391 
831 964 257 

378 642 915 
645 179 823 
912 385 674 
===========
123 456 789 
456 798 132 
789 213 546 

297 531 864 
564 872 391 
831 964 257 

378 629 415 
645 187 923 
912 345 678 
===========
123 456 789 
456 798 132 
789 213 546 

297 531 864 
564 872 913 
831 964 275 

378 625 491 
645 189 327 
912 347 658 
===========
123 456 789 
456 798 132 
789 213 546 

297 534 618 
564 821 397 
831 967 425 

378 649 251 
645 182 973 
912 375 864 
===========
123 456 789 
456 798 132 
789 213 546 

297 534 618 
564 821 397 
831 967 425 

378 642 951 
645 189 273 
912 375 864 
===========
123 456 789 
456 798 132 
789 213 546 

297 534 618 
564 821 973 
831 967 425 

378 649 251 
645 182 397 
912 375 864 
===========
123 456 789 
456 798 132 
789 213 546 

297 534 861 
564 871 293 
831 962 475 

378 625 914 
645 189 327 
912 347 658 
===========
123 456 789 
456 798 132 
789 213 546 

297 534 861 
564 871 923 
831 962 457 

378 649 215 
645 127 398 
912 385 674 
===========
123 456 789 
456 798 132 
789 213 546 

297 541 368 
564 832 917 
831 967 254 

378 625 491 
645 179 823 
912 384 675 
===========
123 456 789 
456 798 132 
789 213 546 

297 541 368 
564 837 291 
831 962 457 

378 625 914 
645 179 823 
912 384 675 
===========
123 456 789 
456 798 132 
789 213 546 

297 541 368 
564 837 291 
831 962 475 

378 625 914 
645 179 823 
912 384 657 
===========
123 456 789 
456 798 132 
789 213 546 

297 541 368 
564 837 291 
831 962 457 

378 624 915 
645 179 823 
912 385 674 
===========
123 456 789 
456 798 132 
789 213 546 

297 541 863 
564 837 291 
831 962 475 

378 625 914 
645 189 327 
912 374 658 
===========
123 456 789 
456 798 132 
789 213 546 

297 541 863 
564 832 917 
831 967 254 

378 625 491 
645 179 328 
912 384 675 
===========
123 456 789 
456 798 132 
789 213 546 

297 541 863 
564 837 291 
831 962 457 

378 625 914 
645 179 328 
912 384 675 
===========
