123 456 789 
456 798 132 
789 213 645 

297 831 456 
564 972 318 
831 645 297 

378 564 921 
645 129 873 
912 387 564 
===========
123 456 789 
456 798 132 
789 213 645 

297 831 456 
564 972 318 
831 645 927 

378 564 291 
645 129 873 
912 387 564 
===========
123 456 789 
456 798 132 
789 213 645 

297 831 456 
564 972 813 
831 645 297 

378 564 921 
645 129 378 
912 387 564 
===========
123 456 789 
456 798 132 
789 213 645 

297 831 456 
564 972 813 
831 645 927 

378 564 291 
645 129 378 
912 387 564 
===========
123 456 789 
456 798 132 
789 213 645 

297 831 564 
564 927 318 
831 645 297 

378 569 421 
645 182 973 
912 374 856 
===========
123 456 789 
456 798 132 
789 213 645 

297 831 564 
564 927 318 
831 645 927 

378 562 491 
645 189 273 
912 374 856 
===========
123 456 789 
456 798 132 
789 213 645 

297 831 564 
564 972 318 
831 645 297 

378 564 921 
645 129 873 
912 387 456 
===========
123 456 789 
456 798 132 
789 213 645 

297 831 564 
564 972 318 
831 645 927 

378 564 291 
645 129 873 
912 387 456 
===========
123 456 789 
456 798 132 
789 213 645 

297 831 564 
564 972 813 
831 645 297 

378 564 921 
645 129 378 
912 387 456 
===========
123 456 789 
456 798 132 
789 213 645 

297 831 564 
564 972 813 
831 645 927 

378 564 291 
645 129 378 
912 387 456 
===========
123 456 789 
456 798 132 
789 213 645 

297 834 516 
564 971 328 
831 625 497 

378 549 261 
645 182 973 
912 367 854 
===========
123 456 789 
456 798 132 
789 213 645 

297 834 516 
564 971 328 
831 625 497 

378 542 961 
645 189 273 
912 367 854 
===========
123 456 789 
456 798 132 
789 213 645 

297 834 516 
564 971 823 
831 625 974 

378 549 261 
645 182 397 
912 367 458 
===========
123 456 789 
456 798 132 
789 213 645 

297 834 516 
564 921 873 
831 675 924 

378 549 261 
645 182 397 
912 367 458 
===========
123 456 789 
456 798 132 
789 213 645 

297 834 516 
564 921 873 
831 675 294 

378 542 961 
645 189 327 
912 367 458 
===========
123 456 789 
456 798 132 
789 213 645 

297 834 561 
564 971 328 
831 625 497 

378 569 214 
645 182 973 
912 347 856 
===========
123 456 789 
456 798 132 
789 213 645 

297 834 561 
564 971 328 
831 625 497 

378 562 914 
645 189 273 
912 347 856 
===========
123 456 789 
456 798 132 
789 213 645 

297 834 561 
564 971 328 
831 625 497 

378 549 216 
645 182 973 
912 367 854 
===========
123 456 789 
456 798 132 
789 213 645 

297 834 561 
564 971 328 
831 625 497 

378 542 916 
645 189 273 
912 367 854 
===========
123 456 789 
456 798 132 
789 213 645 

297 834 561 
564 971 823 
831 625 974 

378 549 216 
645 182 397 
912 367 458 
===========
123 456 789 
456 798 132 
789 213 645 

297 834 561 
564 921 873 
831 675 924 

378 549 216 
645 182 397 
912 367 458 
===========
123 456 789 
456 798 132 
789 213 645 

297 834 561 
564 921 873 
831 675 294 

378 542 916 
645 189 327 
912 367 458 
===========
123 456 789 
456 798 132 
789 213 645 

297 835 416 
564 971 328 
831 642 597 

378 524 961 
645 189 273 
912 367 854 
===========
123 456 789 
456 798 132 
789 213 645 

297 835 416 
564 971 328 
831 624 597 

378 549 261 
645 182 973 
912 367 854 
===========
123 456 789 
456 798 132 
789 213 645 

297 835 416 
564 971 328 
831 624 597 

378 542 961 
645 189 273 
912 367 854 
===========
123 456 789 
456 798 132 
789 213 645 

297 835 416 
564 971 328 
831 642 957 

378 564 291 
645 129 873 
912 387 564 
===========
123 456 789 
456 798 132 
789 213 645 

297 835 416 
564 971 823 
831 642 957 

378 564 291 
645 129 378 
912 387 564 
===========
123 456 789 
456 798 132 
789 213 645 

297 835 461 
564 971 328 
831 624 597 

378 569 214 
645 182 973 
912 347 856 
===========
123 456 789 
456 798 132 
789 213 645 

297 835 461 
564 971 328 
831 624 597 

378 562 914 
645 189 273 
912 347 856 
===========
123 456 789 
456 798 132 
789 213 645 

297 835 461 
564 971 328 
831 642 597 

378 524 916 
645 189 273 
912 367 854 
===========
123 456 789 
456 798 132 
789 213 645 

297 835 461 
564 971 328 
831 624 597 

378 549 216 
645 182 973 
912 367 854 
===========
123 456 789 
456 798 132 
789 213 645 

297 835 461 
564 971 328 
831 624 597 

378 542 916 
645 189 273 
912 367 854 
===========
123 456 789 
456 798 132 
789 213 645 

297 835 461 
564 971 328 
831 642 957 

378 569 214 
645 127 893 
912 384 576 
===========
123 456 789 
456 798 132 
789 213 645 

297 835 461 
564 971 823 
831 642 957 

378 569 214 
645 127 398 
912 384 576 
===========
123 456 789 
456 798 132 
789 213 645 

297 841 356 
564 932 817 
831 675 294 

378 529 461 
645 187 923 
912 364 578 
===========
123 456 789 
456 798 132 
789 213 645 

297 841 356 
564 932 817 
831 675 924 

378 529 461 
645 187 293 
912 364 578 
===========
123 456 789 
456 798 132 
789 213 645 

297 841 356 
564 937 821 
831 625 497 

378 569 214 
645 182 973 
912 374 568 
===========
123 456 789 
456 798 132 
789 213 645 

297 841 356 
564 937 821 
831 625 497 

378 562 914 
645 189 273 
912 374 568 
===========
123 456 789 
456 798 132 
789 213 645 

297 841 356 
564 937 218 
831 625 974 

378 569 421 
645 172 893 
912 384 567 
===========
123 456 789 
456 798 132 
789 213 645 

297 841 356 
564 937 218 
831 625 974 

378 562 491 
645 179 823 
912 384 567 
===========
123 456 789 
456 798 132 
789 213 645 

297 841 563 
564 932 871 
831 675 294 

378 524 916 
645 189 327 
912 367 458 
===========
123 456 789 
456 798 132 
789 213 645 

297 841 563 
564 937 218 
831 625 974 

378 569 421 
645 182 397 
912 374 856 
===========
123 456 789 
456 798 132 
789 213 645 

297 841 563 
564 937 218 
831 625 974 

378 562 491 
645 189 327 
912 374 856 
===========
123 456 789 
456 798 132 
789 213 645 

297 841 563 
564 932 817 
831 675 294 

378 564 921 
645 129 378 
912 387 456 
===========
123 456 789 
456 798 132 
789 213 645 

297 841 563 
564 932 817 
831 675 924 

378 564 291 
645 129 378 
912 387 456 
===========
123 456 789 
456 798 132 
789 213 645 

297 845 316 
564 931 278 
831 672 594 

378 529 461 
645 187 923 
912 364 857 
===========
123 456 789 
456 798 132 
789 213 645 

297 845 316 
564 931 827 
831 672 954 

378 529 461 
645 187 293 
912 364 578 
===========
123 456 789 
456 798 132 
789 213 645 

297 845 316 
564 931 827 
831 672 594 

378 524 961 
645 189 273 
912 367 458 
===========
123 456 789 
456 798 132 
789 213 645 

297 845 316 
564 931 827 
831 627 954 

378 562 491 
645 189 273 
912 374 568 
===========
123 456 789 
456 798 132 
789 213 645 

297 845 316 
564 931 278 
831 672 954 

378 569 421 
645 127 893 
912 384 567 
===========
123 456 789 
456 798 132 
789 213 645 

297 845 316 
564 931 278 
831 627 954 

378 569 421 
645 172 893 
912 384 567 
===========
123 456 789 
456 798 132 
789 213 645 

297 845 316 
564 931 278 
831 627 954 

378 562 491 
645 179 823 
912 384 567 
===========
123 456 789 
456 798 132 
789 213 645 

297 845 361 
564 931 278 
831 672 594 

378 529 416 
645 187 923 
912 364 857 
===========
123 456 789 
456 798 132 
789 213 645 

297 845 361 
564 931 827 
831 672 954 

378 529 416 
645 187 293 
912 364 578 
===========
123 456 789 
456 798 132 
789 213 645 

297 845 361 
564 931 827 
831 672 594 

378 524 916 
645 189 273 
912 367 458 
===========
123 456 789 
456 798 132 
789 213 645 

297 631 458 
564 827 391 
831 945 267 

378 562 914 
645 179 823 
912 384 576 
===========
123 456 789 
456 798 132 
789 213 645 

297 631 458 
564 827 391 
831 945 276 

378 562 914 
645 179 823 
912 384 567 
===========
123 456 789 
456 798 132 
789 213 645 

297 631 854 
564 872 391 
831 945 267 

378 529 416 
645 187 923 
912 364 578 
===========
123 456 789 
456 798 132 
789 213 645 

297 631 854 
564 827 913 
831 945 276 

378 569 421 
645 182 397 
912 374 568 
===========
123 456 789 
456 798 132 
789 213 645 

297 631 854 
564 827 913 
831 945 276 

378 562 491 
645 189 327 
912 374 568 
===========
123 456 789 
456 798 132 
789 213 645 

297 631 854 
564 872 913 
831 945 267 

378 569 421 
645 127 398 
912 384 576 
===========
123 456 789 
456 798 132 
789 213 645 

297 631 854 
564 872 913 
831 945 276 

378 569 421 
645 127 398 
912 384 567 
===========
123 456 789 
456 798 132 
789 213 645 

297 631 854 
564 827 913 
831 945 267 

378 569 421 
645 172 398 
912 384 576 
===========
123 456 789 
456 798 132 
789 213 645 

297 631 854 
564 827 913 
831 945 276 

378 569 421 
645 172 398 
912 384 567 
===========
123 456 789 
456 798 132 
789 213 645 

297 631 854 
564 827 913 
831 945 267 

378 562 491 
645 179 328 
912 384 576 
===========
123 456 789 
456 798 132 
789 213 645 

297 631 854 
564 827 913 
831 945 276 

378 562 491 
645 179 328 
912 384 567 
===========
123 456 789 
456 798 132 
789 213 645 

297 634 518 
564 821 397 
831 975 264 

378 569 421 
645 182 973 
912 347 856 
===========
123 456 789 
456 798 132 
789 213 645 

297 634 518 
564 821 973 
831 975 264 

378 569 421 
645 182 397 
912 347 856 
===========
123 456 789 
456 798 132 
789 213 645 

297 634 518 
564 821 973 
831 975 264 

378 562 491 
645 189 327 
912 347 856 
===========
123 456 789 
456 798 132 
789 213 645 

297 634 518 
564 871 293 
831 925 476 

378 542 961 
645 189 327 
912 367 854 
===========
123 456 789 
456 798 132 
789 213 645 

297 634 518 
564 871 923 
831 925 476 

378 549 261 
645 182 397 
912 367 854 
===========
123 456 789 
456 798 132 
789 213 645 

297 634 518 
564 821 397 
831 975 426 

378 549 261 
645 182 973 
912 367 854 
===========
123 456 789 
456 798 132 
789 213 645 

297 634 518 
564 821 397 
831 975 426 

378 542 961 
645 189 273 
912 367 854 
===========
123 456 789 
456 798 132 
789 213 645 

297 634 518 
564 821 973 
831 975 426 

378 549 261 
645 182 397 
912 367 854 
===========
123 456 789 
456 798 132 
789 213 645 

297 634 851 
564 871 293 
831 925 476 

378 562 914 
645 189 327 
912 347 568 
===========
123 456 789 
456 798 132 
789 213 645 

297 634 851 
564 871 923 
831 925 476 

378 569 214 
645 182 397 
912 347 568 
===========
123 456 789 
456 798 132 
789 213 645 

297 634 851 
564 821 397 
831 975 426 

378 569 214 
645 182 973 
912 347 568 
===========
123 456 789 
456 798 132 
789 213 645 

297 634 851 
564 821 397 
831 975 426 

378 562 914 
645 189 273 
912 347 568 
===========
123 456 789 
456 798 132 
789 213 645 

297 634 851 
564 821 973 
831 975 426 

378 569 214 
645 182 397 
912 347 568 
===========
123 456 789 
456 798 132 
789 213 645 

297 635 418 
564 871 293 
831 942 576 

378 524 961 
645 189 327 
912 367 854 
===========
123 456 789 
456 798 132 
789 213 645 

297 635 418 
564 871 293 
831 924 576 

378 542 961 
645 189 327 
912 367 854 
===========
123 456 789 
456 798 132 
789 213 645 

297 635 418 
564 871 923 
831 924 576 

378 549 261 
645 182 397 
912 367 854 
===========
123 456 789 
456 798 132 
789 213 645 

297 635 418 
564 821 397 
831 974 526 

378 549 261 
645 182 973 
912 367 854 
===========
123 456 789 
456 798 132 
789 213 645 

297 635 418 
564 821 397 
831 974 526 

378 542 961 
645 189 273 
912 367 854 
===========
123 456 789 
456 798 132 
789 213 645 

297 635 418 
564 821 973 
831 974 526 

378 549 261 
645 182 397 
912 367 854 
===========
123 456 789 
456 798 132 
789 213 645 

297 635 814 
564 821 397 
831 974 256 

378 569 421 
645 182 973 
912 347 568 
===========
123 456 789 
456 798 132 
789 213 645 

297 635 814 
564 821 973 
831 974 256 

378 569 421 
645 182 397 
912 347 568 
===========
123 456 789 
456 798 132 
789 213 645 

297 635 814 
564 821 973 
831 974 256 

378 562 491 
645 189 327 
912 347 568 
===========
123 456 789 
456 798 132 
789 213 645 

297 635 814 
564 871 293 
831 942 576 

378 524 961 
645 189 327 
912 367 458 
===========
123 456 789 
456 798 132 
789 213 645 

297 635 814 
564 871 293 
831 924 576 

378 542 961 
645 189 327 
912 367 458 
===========
123 456 789 
456 798 132 
789 213 645 

297 635 814 
564 871 923 
831 924 576 

378 549 261 
645 182 397 
912 367 458 
===========
123 456 789 
456 798 132 
789 213 645 

297 635 814 
564 821 397 
831 974 526 

378 549 261 
645 182 973 
912 367 458 
===========
123 456 789 
456 798 132 
789 213 645 

297 635 814 
564 821 397 
831 974 526 

378 542 961 
645 189 273 
912 367 458 
===========
123 456 789 
456 798 132 
789 213 645 

297 635 814 
564 821 973 
831 974 526 

378 549 261 
645 182 397 
912 367 458 
===========
123 456 789 
456 798 132 
789 213 645 

297 635 814 
564 821 397 
831 947 256 

378 569 421 
645 182 973 
912 374 568 
===========
123 456 789 
456 798 132 
789 213 645 

297 635 814 
564 821 973 
831 947 256 

378 569 421 
645 182 397 
912 374 568 
===========
123 456 789 
456 798 132 
789 213 645 

297 635 814 
564 821 973 
831 947 256 

378 562 491 
645 189 327 
912 374 568 
===========
123 456 789 
456 798 132 
789 213 645 

297 635 814 
564 871 293 
831 942 567 

378 564 921 
645 129 378 
912 387 456 
===========
123 456 789 
456 798 132 
789 213 645 

297 635 814 
564 871 923 
831 942 567 

378 564 291 
645 129 378 
912 387 456 
===========
123 456 789 
456 798 132 
789 213 645 

297 635 814 
564 821 973 
831 947 256 

378 569 421 
645 172 398 
912 384 567 
===========
123 456 789 
456 798 132 
789 213 645 

297 635 814 
564 821 973 
831 947 256 

378 562 491 
645 179 328 
912 384 567 
===========
123 456 789 
456 798 132 
789 213 645 

297 641 358 
564 832 917 
831 975 264 

378 569 421 
645 127 893 
912 384 576 
===========
123 456 789 
456 798 132 
789 213 645 

297 641 358 
564 832 917 
831 975 426 

378 564 291 
645 129 873 
912 387 564 
===========
123 456 789 
456 798 132 
789 213 645 

297 641 358 
564 832 971 
831 975 426 

378 569 214 
645 127 893 
912 384 567 
===========
123 456 789 
456 798 132 
789 213 645 

297 641 358 
564 837 291 
831 925 467 

378 562 914 
645 179 823 
912 384 576 
===========
123 456 789 
456 798 132 
789 213 645 

297 641 358 
564 837 291 
831 925 476 

378 562 914 
645 179 823 
912 384 567 
===========
123 456 789 
456 798 132 
789 213 645 

297 641 358 
564 837 921 
831 925 467 

378 569 214 
645 172 893 
912 384 576 
===========
123 456 789 
456 798 132 
789 213 645 

297 641 358 
564 837 921 
831 925 476 

378 569 214 
645 172 893 
912 384 567 
===========
123 456 789 
456 798 132 
789 213 645 

297 641 853 
564 837 291 
831 925 476 

378 562 914 
645 189 327 
912 374 568 
===========
123 456 789 
456 798 132 
789 213 645 

297 641 853 
564 837 921 
831 925 476 

378 569 214 
645 182 397 
912 374 568 
===========
123 456 789 
456 798 132 
789 213 645 

297 641 853 
564 832 917 
831 975 264 

378 569 421 
645 127 398 
912 384 576 
===========
123 456 789 
456 798 132 
789 213 645 

297 641 853 
564 832 917 
831 975 426 

378 564 291 
645 129 378 
912 387 564 
===========
123 456 789 
456 798 132 
789 213 645 

297 641 853 
564 832 971 
831 975 426 

378 569 214 
645 127 398 
912 384 567 
===========
123 456 789 
456 798 132 
789 213 645 

297 641 853 
564 837 291 
831 925 467 

378 562 914 
645 179 328 
912 384 576 
===========
123 456 789 
456 798 132 
789 213 645 

297 641 853 
564 837 291 
831 925 476 

378 562 914 
645 179 328 
912 384 567 
===========
123 456 789 
456 798 132 
789 213 645 

297 641 853 
564 837 921 
831 925 467 

378 569 214 
645 172 398 
912 384 576 
===========
123 456 789 
456 798 132 
789 213 645 

297 641 853 
564 837 921 
831 925 476 

378 569 214 
645 172 398 
912 384 567 
===========
123 456 789 
456 798 132 
789 213 645 

297 645 318 
564 831 297 
831 927 564 

378 569 421 
645 182 973 
912 374 856 
===========
123 456 789 
456 798 132 
789 213 645 

297 645 318 
564 831 927 
831 927 564 

378 562 491 
645 189 273 
912 374 856 
===========
123 456 789 
456 798 132 
789 213 645 

297 645 318 
564 831 297 
831 972 456 

378 564 921 
645 129 873 
912 387 564 
===========
123 456 789 
456 798 132 
789 213 645 

297 645 318 
564 831 297 
831 972 564 

378 564 921 
645 129 873 
912 387 456 
===========
123 456 789 
456 798 132 
789 213 645 

297 645 318 
564 831 927 
831 972 456 

378 564 291 
645 129 873 
912 387 564 
===========
123 456 789 
456 798 132 
789 213 645 

297 645 318 
564 831 927 
831 972 564 

378 564 291 
645 129 873 
912 387 456 
===========
123 456 789 
456 798 132 
789 213 645 

297 645 813 
564 831 297 
831 972 456 

378 564 921 
645 129 378 
912 387 564 
===========
123 456 789 
456 798 132 
789 213 645 

297 645 813 
564 831 297 
831 972 564 

378 564 921 
645 129 378 
912 387 456 
===========
123 456 789 
456 798 132 
789 213 645 

297 645 813 
564 831 927 
831 972 456 

378 564 291 
645 129 378 
912 387 564 
===========
123 456 789 
456 798 132 
789 213 645 

297 645 813 
564 831 927 
831 972 564 

378 564 291 
645 129 378 
912 387 456 
===========
123 456 789 
456 798 132 
789 213 645 

297 831 456 
564 927 318 
831 564 297 

378 649 521 
645 182 973 
912 375 864 
===========
123 456 789 
456 798 132 
789 213 645 

297 831 456 
564 927 318 
831 564 927 

378 642 591 
645 189 273 
912 375 864 
===========
123 456 789 
456 798 132 
789 213 645 

297 831 456 
564 972 318 
831 564 297 

378 645 921 
645 129 873 
912 387 564 
===========
123 456 789 
456 798 132 
789 213 645 

297 831 456 
564 972 318 
831 564 927 

378 645 291 
645 129 873 
912 387 564 
===========
123 456 789 
456 798 132 
789 213 645 

297 831 456 
564 972 813 
831 564 297 

378 645 921 
645 129 378 
912 387 564 
===========
123 456 789 
456 798 132 
789 213 645 

297 831 456 
564 972 813 
831 564 927 

378 645 291 
645 129 378 
912 387 564 
===========
123 456 789 
456 798 132 
789 213 645 

297 831 564 
564 972 318 
831 564 297 

378 629 451 
645 187 923 
912 345 876 
===========
123 456 789 
456 798 132 
789 213 645 

297 831 564 
564 972 318 
831 564 927 

378 629 451 
645 187 293 
912 345 876 
===========
123 456 789 
456 798 132 
789 213 645 

297 831 564 
564 972 318 
831 564 927 

378 625 491 
645 189 273 
912 347 856 
===========
123 456 789 
456 798 132 
789 213 645 

297 831 564 
564 972 318 
831 564 927 

378 649 251 
645 127 893 
912 385 476 
===========
123 456 789 
456 798 132 
789 213 645 

297 831 564 
564 972 318 
831 564 297 

378 645 921 
645 129 873 
912 387 456 
===========
123 456 789 
456 798 132 
789 213 645 

297 831 564 
564 972 318 
831 564 927 

378 645 291 
645 129 873 
912 387 456 
===========
123 456 789 
456 798 132 
789 213 645 

297 831 564 
564 972 813 
831 564 927 

378 649 251 
645 127 398 
912 385 476 
===========
123 456 789 
456 798 132 
789 213 645 

297 831 564 
564 972 813 
831 564 297 

378 645 921 
645 129 378 
912 387 456 
===========
123 456 789 
456 798 132 
789 213 645 

297 831 564 
564 972 813 
831 564 927 

378 645 291 
645 129 378 
912 387 456 
===========
123 456 789 
456 798 132 
789 213 645 

297 831 564 
564 927 318 
831 564 927 

378 649 251 
645 172 893 
912 385 476 
===========
123 456 789 
456 798 132 
789 213 645 

297 831 564 
564 927 318 
831 564 297 

378 642 951 
645 179 823 
912 385 476 
===========
123 456 789 
456 798 132 
789 213 645 

297 831 564 
564 927 813 
831 564 927 

378 649 251 
645 172 398 
912 385 476 
===========
123 456 789 
456 798 132 
789 213 645 

297 831 564 
564 927 813 
831 564 297 

378 642 951 
645 179 328 
912 385 476 
===========
123 456 789 
456 798 132 
789 213 645 

297 834 516 
564 971 328 
831 562 974 

378 629 451 
645 187 293 
912 345 867 
===========
123 456 789 
456 798 132 
789 213 645 

297 834 516 
564 921 873 
831 567 924 

378 649 251 
645 182 397 
912 375 468 
===========
123 456 789 
456 798 132 
789 213 645 

297 834 516 
564 921 873 
831 567 294 

378 642 951 
645 189 327 
912 375 468 
===========
123 456 789 
456 798 132 
789 213 645 

297 834 516 
564 971 328 
831 562 974 

378 649 251 
645 127 893 
912 385 467 
===========
123 456 789 
456 798 132 
789 213 645 

297 834 516 
564 971 823 
831 562 974 

378 649 251 
645 127 398 
912 385 467 
===========
123 456 789 
456 798 132 
789 213 645 

297 834 516 
564 921 378 
831 567 924 

378 649 251 
645 172 893 
912 385 467 
===========
123 456 789 
456 798 132 
789 213 645 

297 834 516 
564 921 378 
831 567 294 

378 642 951 
645 179 823 
912 385 467 
===========
123 456 789 
456 798 132 
789 213 645 

297 834 516 
564 921 873 
831 567 924 

378 649 251 
645 172 398 
912 385 467 
===========
123 456 789 
456 798 132 
789 213 645 

297 834 516 
564 921 873 
831 567 294 

378 642 951 
645 179 328 
912 385 467 
===========
123 456 789 
456 798 132 
789 213 645 

297 834 561 
564 971 328 
831 562 497 

378 625 914 
645 189 273 
912 347 856 
===========
123 456 789 
456 798 132 
789 213 645 

297 841 356 
564 932 817 
831 567 924 

378 625 491 
645 189 273 
912 374 568 
===========
123 456 789 
456 798 132 
789 213 645 

297 841 356 
564 932 817 
831 567 924 

378 624 591 
645 189 273 
912 375 468 
===========
123 456 789 
456 798 132 
789 213 645 

297 841 356 
564 937 821 
831 562 497 

378 625 914 
645 189 273 
912 374 568 
===========
123 456 789 
456 798 132 
789 213 645 

297 841 356 
564 937 218 
831 562 974 

378 625 491 
645 179 823 
912 384 567 
===========
123 456 789 
456 798 132 
789 213 645 

297 841 356 
564 937 218 
831 562 974 

378 624 591 
645 179 823 
912 385 467 
===========
123 456 789 
456 798 132 
789 213 645 

297 841 563 
564 937 218 
831 562 974 

378 625 491 
645 189 327 
912 374 856 
===========
123 456 789 
456 798 132 
789 213 645 

297 841 563 
564 932 817 
831 567 294 

378 624 951 
645 179 328 
912 385 476 
===========
123 456 789 
456 798 132 
789 213 645 

297 861 354 
564 932 817 
831 574 926 

378 625 491 
645 189 273 
912 347 568 
===========
123 456 789 
456 798 132 
789 213 645 

297 861 354 
564 932 817 
831 547 926 

378 625 491 
645 189 273 
912 374 568 
===========
123 456 789 
456 798 132 
789 213 645 

297 861 354 
564 932 817 
831 547 926 

378 624 591 
645 189 273 
912 375 468 
===========
123 456 789 
456 798 132 
789 213 645 

297 861 354 
564 937 218 
831 542 967 

378 625 491 
645 179 823 
912 384 576 
===========
123 456 789 
456 798 132 
789 213 645 

297 861 354 
564 937 218 
831 542 976 

378 625 491 
645 179 823 
912 384 567 
===========
123 456 789 
456 798 132 
789 213 645 

297 861 354 
564 937 218 
831 542 967 

378 624 591 
645 179 823 
912 385 476 
===========
123 456 789 
456 798 132 
789 213 645 

297 861 354 
564 937 218 
831 542 976 

378 624 591 
645 179 823 
912 385 467 
===========
123 456 789 
456 798 132 
789 213 645 

297 861 354 
564 937 218 
831 524 967 

378 649 521 
645 172 893 
912 385 476 
===========
123 456 789 
456 798 132 
789 213 645 

297 861 354 
564 937 218 
831 524 976 

378 649 521 
645 172 893 
912 385 467 
===========
123 456 789 
456 798 132 
789 213 645 

297 861 354 
564 937 218 
831 524 967 

378 642 591 
645 179 823 
912 385 476 
===========
123 456 789 
456 798 132 
789 213 645 

297 861 354 
564 937 218 
831 524 976 

378 642 591 
645 179 823 
912 385 467 
===========
123 456 789 
456 798 132 
789 213 645 

297 861 453 
564 932 871 
831 574 296 

378 625 914 
645 189 327 
912 347 568 
===========
123 456 789 
456 798 132 
789 213 645 

297 861 453 
564 932 871 
831 547 296 

378 625 914 
645 189 327 
912 374 568 
===========
123 456 789 
456 798 132 
789 213 645 

297 861 453 
564 937 218 
831 542 976 

378 624 591 
645 189 327 
912 375 864 
===========
123 456 789 
456 798 132 
789 213 645 

297 861 453 
564 937 218 
831 524 976 

378 649 521 
645 182 397 
912 375 864 
===========
123 456 789 
456 798 132 
789 213 645 

297 861 453 
564 937 218 
831 524 976 

378 642 591 
645 189 327 
912 375 864 
===========
123 456 789 
456 798 132 
789 213 645 

297 861 453 
564 932 817 
831 574 296 

378 645 921 
645 129 378 
912 387 564 
===========
123 456 789 
456 798 132 
789 213 645 

297 861 453 
564 932 817 
831 574 926 

378 645 291 
645 129 378 
912 387 564 
===========
123 456 789 
456 798 132 
789 213 645 

297 861 453 
564 932 871 
831 547 296 

378 625 914 
645 179 328 
912 384 567 
===========
123 456 789 
456 798 132 
789 213 645 

297 864 351 
564 931 278 
831 572 496 

378 629 514 
645 187 923 
912 345 867 
===========
123 456 789 
456 798 132 
789 213 645 

297 864 351 
564 931 827 
831 572 496 

378 625 914 
645 189 273 
912 347 568 
===========
123 456 789 
456 798 132 
789 213 645 

297 864 513 
564 931 278 
831 572 964 

378 625 491 
645 189 327 
912 347 856 
===========
123 456 789 
456 798 132 
789 213 645 

297 864 513 
564 931 278 
831 527 496 

378 642 951 
645 189 327 
912 375 864 
===========
123 456 789 
456 798 132 
789 213 645 

297 864 513 
564 931 827 
831 572 964 

378 649 251 
645 127 398 
912 385 476 
===========
123 456 789 
456 798 132 
789 213 645 

297 864 513 
564 931 827 
831 572 964 

378 645 291 
645 129 378 
912 387 456 
===========
123 456 789 
456 798 132 
789 213 645 

297 864 513 
564 931 827 
831 527 964 

378 649 251 
645 172 398 
912 385 476 
===========
123 456 789 
456 798 132 
789 213 645 

297 531 468 
564 872 391 
831 964 257 

378 629 514 
645 187 923 
912 345 876 
===========
123 456 789 
456 798 132 
789 213 645 

297 531 468 
564 872 391 
831 964 527 

378 625 914 
645 189 273 
912 347 856 
===========
123 456 789 
456 798 132 
789 213 645 

297 531 864 
564 872 913 
831 964 257 

378 649 521 
645 127 398 
912 385 476 
===========
123 456 789 
456 798 132 
789 213 645 

297 531 864 
564 872 913 
831 964 527 

378 649 251 
645 127 398 
912 385 476 
===========
123 456 789 
456 798 132 
789 213 645 

297 531 864 
564 872 913 
831 964 527 

378 645 291 
645 129 378 
912 387 456 
===========
123 456 789 
456 798 132 
789 213 645 

297 531 864 
564 827 913 
831 964 257 

378 649 521 
645 172 398 
912 385 476 
===========
123 456 789 
456 798 132 
789 213 645 

297 531 864 
564 827 913 
831 964 527 

378 649 251 
645 172 398 
912 385 476 
===========
123 456 789 
456 798 132 
789 213 645 

297 531 864 
564 827 913 
831 964 257 

378 642 591 
645 179 328 
912 385 476 
===========
123 456 789 
456 798 132 
789 213 645 

297 534 816 
564 821 397 
831 967 254 

378 649 521 
645 182 973 
912 375 468 
===========
123 456 789 
456 798 132 
789 213 645 

297 534 816 
564 821 397 
831 967 524 

378 649 251 
645 182 973 
912 375 468 
===========
123 456 789 
456 798 132 
789 213 645 

297 534 816 
564 821 397 
831 967 524 

378 642 951 
645 189 273 
912 375 468 
===========
123 456 789 
456 798 132 
789 213 645 

297 534 816 
564 821 973 
831 967 254 

378 649 521 
645 182 397 
912 375 468 
===========
