123 456 789 
456 798 132 
789 231 546 

297 813 465 
564 972 318 
831 645 927 

378 524 691 
645 189 273 
912 367 854 
===========
123 456 789 
456 798 132 
789 231 546 

297 813 465 
564 972 318 
831 645 297 

378 564 921 
645 129 873 
912 387 654 
===========
123 456 789 
456 798 132 
789 231 546 

297 813 465 
564 972 318 
831 645 927 

378 564 291 
645 129 873 
912 387 654 
===========
123 456 789 
456 798 132 
789 231 546 

297 813 465 
564 972 813 
831 645 297 

378 564 921 
645 129 378 
912 387 654 
===========
123 456 789 
456 798 132 
789 231 546 

297 813 465 
564 972 813 
831 645 927 

378 564 291 
645 129 378 
912 387 654 
===========
123 456 789 
456 798 132 
789 231 546 

297 813 654 
564 972 318 
831 645 297 

378 529 461 
645 187 923 
912 364 875 
===========
123 456 789 
456 798 132 
789 231 546 

297 813 654 
564 972 318 
831 645 927 

378 529 461 
645 187 293 
912 364 875 
===========
123 456 789 
456 798 132 
789 231 546 

297 813 654 
564 927 318 
831 645 297 

378 569 421 
645 182 973 
912 374 865 
===========
123 456 789 
456 798 132 
789 231 546 

297 813 654 
564 927 318 
831 645 927 

378 562 491 
645 189 273 
912 374 865 
===========
123 456 789 
456 798 132 
789 231 546 

297 813 654 
564 972 318 
831 645 297 

378 564 921 
645 129 873 
912 387 465 
===========
123 456 789 
456 798 132 
789 231 546 

297 813 654 
564 972 318 
831 645 927 

378 564 291 
645 129 873 
912 387 465 
===========
123 456 789 
456 798 132 
789 231 546 

297 813 654 
564 972 813 
831 645 297 

378 564 921 
645 129 378 
912 387 465 
===========
123 456 789 
456 798 132 
789 231 546 

297 813 654 
564 972 813 
831 645 927 

378 564 291 
645 129 378 
912 387 465 
===========
123 456 789 
456 798 132 
789 231 546 

297 814 365 
564 973 821 
831 625 497 

378 569 214 
645 182 973 
912 347 658 
===========
123 456 789 
456 798 132 
789 231 546 

297 814 365 
564 973 821 
831 625 497 

378 562 914 
645 189 273 
912 347 658 
===========
123 456 789 
456 798 132 
789 231 546 

297 814 365 
564 923 817 
831 675 294 

378 569 421 
645 182 973 
912 347 658 
===========
123 456 789 
456 798 132 
789 231 546 

297 814 365 
564 923 817 
831 675 924 

378 562 491 
645 189 273 
912 347 658 
===========
123 456 789 
456 798 132 
789 231 546 

297 814 365 
564 973 218 
831 625 497 

378 549 621 
645 182 973 
912 367 854 
===========
123 456 789 
456 798 132 
789 231 546 

297 814 365 
564 923 817 
831 675 294 

378 549 621 
645 182 973 
912 367 458 
===========
123 456 789 
456 798 132 
789 231 546 

297 814 365 
564 923 817 
831 675 924 

378 542 691 
645 189 273 
912 367 458 
===========
123 456 789 
456 798 132 
789 231 546 

297 814 653 
564 973 218 
831 625 974 

378 569 421 
645 182 397 
912 347 865 
===========
123 456 789 
456 798 132 
789 231 546 

297 814 653 
564 973 218 
831 625 974 

378 562 491 
645 189 327 
912 347 865 
===========
123 456 789 
456 798 132 
789 231 546 

297 815 364 
564 923 817 
831 674 295 

378 569 421 
645 182 973 
912 347 658 
===========
123 456 789 
456 798 132 
789 231 546 

297 815 364 
564 923 817 
831 674 925 

378 562 491 
645 189 273 
912 347 658 
===========
123 456 789 
456 798 132 
789 231 546 

297 815 364 
564 923 817 
831 674 295 

378 549 621 
645 182 973 
912 367 458 
===========
123 456 789 
456 798 132 
789 231 546 

297 815 364 
564 923 817 
831 674 925 

378 542 691 
645 189 273 
912 367 458 
===========
123 456 789 
456 798 132 
789 231 546 

297 815 364 
564 923 817 
831 647 295 

378 569 421 
645 182 973 
912 374 658 
===========
123 456 789 
456 798 132 
789 231 546 

297 815 364 
564 923 817 
831 647 925 

378 562 491 
645 189 273 
912 374 658 
===========
123 456 789 
456 798 132 
789 231 546 

297 815 364 
564 973 218 
831 642 957 

378 569 421 
645 127 893 
912 384 675 
===========
123 456 789 
456 798 132 
789 231 546 

297 815 364 
564 973 218 
831 642 975 

378 569 421 
645 127 893 
912 384 657 
===========
123 456 789 
456 798 132 
789 231 546 

297 815 463 
564 973 821 
831 624 975 

378 569 214 
645 182 397 
912 347 658 
===========
123 456 789 
456 798 132 
789 231 546 

297 815 463 
564 923 871 
831 674 925 

378 569 214 
645 182 397 
912 347 658 
===========
123 456 789 
456 798 132 
789 231 546 

297 815 463 
564 923 871 
831 674 295 

378 562 914 
645 189 327 
912 347 658 
===========
123 456 789 
456 798 132 
789 231 546 

297 815 463 
564 973 218 
831 642 975 

378 524 691 
645 189 327 
912 367 854 
===========
123 456 789 
456 798 132 
789 231 546 

297 815 463 
564 973 218 
831 624 975 

378 549 621 
645 182 397 
912 367 854 
===========
123 456 789 
456 798 132 
789 231 546 

297 815 463 
564 973 218 
831 624 975 

378 542 691 
645 189 327 
912 367 854 
===========
123 456 789 
456 798 132 
789 231 546 

297 815 463 
564 923 871 
831 647 925 

378 569 214 
645 182 397 
912 374 658 
===========
123 456 789 
456 798 132 
789 231 546 

297 815 463 
564 923 871 
831 647 295 

378 562 914 
645 189 327 
912 374 658 
===========
123 456 789 
456 798 132 
789 231 546 

297 815 463 
564 973 821 
831 642 957 

378 569 214 
645 127 398 
912 384 675 
===========
123 456 789 
456 798 132 
789 231 546 

297 815 463 
564 973 821 
831 642 975 

378 569 214 
645 127 398 
912 384 657 
===========
123 456 789 
456 798 132 
789 231 546 

297 815 463 
564 923 871 
831 647 925 

378 569 214 
645 172 398 
912 384 657 
===========
123 456 789 
456 798 132 
789 231 546 

297 815 463 
564 923 871 
831 647 295 

378 562 914 
645 179 328 
912 384 657 
===========
123 456 789 
456 798 132 
789 231 546 

297 843 615 
564 912 378 
831 675 294 

378 529 461 
645 187 923 
912 364 857 
===========
123 456 789 
456 798 132 
789 231 546 

297 843 615 
564 912 378 
831 675 924 

378 529 461 
645 187 293 
912 364 857 
===========
123 456 789 
456 798 132 
789 231 546 

297 843 615 
564 912 873 
831 675 294 

378 524 961 
645 189 327 
912 367 458 
===========
123 456 789 
456 798 132 
789 231 546 

297 843 651 
564 917 328 
831 625 497 

378 569 214 
645 182 973 
912 374 865 
===========
123 456 789 
456 798 132 
789 231 546 

297 843 651 
564 917 328 
831 625 497 

378 562 914 
645 189 273 
912 374 865 
===========
123 456 789 
456 798 132 
789 231 546 

297 845 361 
564 913 278 
831 672 495 

378 529 614 
645 187 923 
912 364 857 
===========
123 456 789 
456 798 132 
789 231 546 

297 845 361 
564 913 827 
831 627 495 

378 569 214 
645 182 973 
912 374 658 
===========
123 456 789 
456 798 132 
789 231 546 

297 845 361 
564 913 827 
831 627 495 

378 562 914 
645 189 273 
912 374 658 
===========
123 456 789 
456 798 132 
789 231 546 

297 845 361 
564 913 278 
831 627 495 

378 562 914 
645 179 823 
912 384 657 
===========
123 456 789 
456 798 132 
789 231 546 

297 845 613 
564 913 278 
831 672 495 

378 524 961 
645 189 327 
912 367 854 
===========
123 456 789 
456 798 132 
789 231 546 

297 845 613 
564 913 278 
831 627 954 

378 569 421 
645 182 397 
912 374 865 
===========
123 456 789 
456 798 132 
789 231 546 

297 845 613 
564 913 278 
831 627 954 

378 562 491 
645 189 327 
912 374 865 
===========
123 456 789 
456 798 132 
789 231 546 

297 845 613 
564 913 827 
831 672 954 

378 564 291 
645 129 378 
912 387 465 
===========
123 456 789 
456 798 132 
789 231 546 

297 613 458 
564 872 391 
831 945 267 

378 529 614 
645 187 923 
912 364 875 
===========
123 456 789 
456 798 132 
789 231 546 

297 613 458 
564 827 391 
831 945 627 

378 569 214 
645 182 973 
912 374 865 
===========
123 456 789 
456 798 132 
789 231 546 

297 613 458 
564 827 391 
831 945 627 

378 562 914 
645 189 273 
912 374 865 
===========
123 456 789 
456 798 132 
789 231 546 

297 613 458 
564 827 391 
831 945 267 

378 562 914 
645 179 823 
912 384 675 
===========
123 456 789 
456 798 132 
789 231 546 

297 613 854 
564 872 913 
831 945 267 

378 569 421 
645 127 398 
912 384 675 
===========
123 456 789 
456 798 132 
789 231 546 

297 613 854 
564 872 913 
831 945 627 

378 564 291 
645 129 378 
912 387 465 
===========
123 456 789 
456 798 132 
789 231 546 

297 613 854 
564 827 913 
831 945 267 

378 569 421 
645 172 398 
912 384 675 
===========
123 456 789 
456 798 132 
789 231 546 

297 613 854 
564 827 913 
831 945 267 

378 562 491 
645 179 328 
912 384 675 
===========
123 456 789 
456 798 132 
789 231 546 

297 614 358 
564 823 917 
831 975 624 

378 562 491 
645 189 273 
912 347 865 
===========
123 456 789 
456 798 132 
789 231 546 

297 643 815 
564 812 397 
831 975 624 

378 524 961 
645 189 273 
912 367 458 
===========
123 456 789 
456 798 132 
789 231 546 

297 643 815 
564 812 973 
831 975 264 

378 524 691 
645 189 327 
912 367 458 
===========
123 456 789 
456 798 132 
789 231 546 

297 643 815 
564 812 973 
831 975 264 

378 569 421 
645 127 398 
912 384 657 
===========
123 456 789 
456 798 132 
789 231 546 

297 643 851 
564 817 293 
831 925 467 

378 562 914 
645 179 328 
912 384 675 
===========
123 456 789 
456 798 132 
789 231 546 

297 643 851 
564 817 923 
831 925 467 

378 569 214 
645 172 398 
912 384 675 
===========
123 456 789 
456 798 132 
789 231 546 

297 645 318 
564 813 297 
831 972 654 

378 529 461 
645 187 923 
912 364 875 
===========
123 456 789 
456 798 132 
789 231 546 

297 645 318 
564 813 927 
831 972 654 

378 529 461 
645 187 293 
912 364 875 
===========
123 456 789 
456 798 132 
789 231 546 

297 645 318 
564 813 927 
831 972 465 

378 524 691 
645 189 273 
912 367 854 
===========
123 456 789 
456 798 132 
789 231 546 

297 645 318 
564 813 297 
831 927 654 

378 569 421 
645 182 973 
912 374 865 
===========
123 456 789 
456 798 132 
789 231 546 

297 645 318 
564 813 927 
831 927 654 

378 562 491 
645 189 273 
912 374 865 
===========
123 456 789 
456 798 132 
789 231 546 

297 645 318 
564 813 297 
831 972 465 

378 564 921 
645 129 873 
912 387 654 
===========
123 456 789 
456 798 132 
789 231 546 

297 645 318 
564 813 297 
831 972 654 

378 564 921 
645 129 873 
912 387 465 
===========
123 456 789 
456 798 132 
789 231 546 

297 645 318 
564 813 927 
831 972 465 

378 564 291 
645 129 873 
912 387 654 
===========
123 456 789 
456 798 132 
789 231 546 

297 645 318 
564 813 927 
831 972 654 

378 564 291 
645 129 873 
912 387 465 
===========
123 456 789 
456 798 132 
789 231 546 

297 645 813 
564 813 297 
831 972 465 

378 564 921 
645 129 378 
912 387 654 
===========
123 456 789 
456 798 132 
789 231 546 

297 645 813 
564 813 297 
831 972 654 

378 564 921 
645 129 378 
912 387 465 
===========
123 456 789 
456 798 132 
789 231 546 

297 645 813 
564 813 927 
831 972 465 

378 564 291 
645 129 378 
912 387 654 
===========
123 456 789 
456 798 132 
789 231 546 

297 645 813 
564 813 927 
831 972 654 

378 564 291 
645 129 378 
912 387 465 
===========
123 456 789 
456 798 132 
789 231 546 

297 813 465 
564 972 318 
831 564 927 

378 649 251 
645 127 893 
912 385 674 
===========
123 456 789 
456 798 132 
789 231 546 

297 813 465 
564 972 318 
831 564 297 

378 645 921 
645 129 873 
912 387 654 
===========
123 456 789 
456 798 132 
789 231 546 

297 813 465 
564 972 318 
831 564 927 

378 645 291 
645 129 873 
912 387 654 
===========
123 456 789 
456 798 132 
789 231 546 

297 813 465 
564 972 813 
831 564 927 

378 649 251 
645 127 398 
912 385 674 
===========
123 456 789 
456 798 132 
789 231 546 

297 813 465 
564 972 813 
831 564 297 

378 645 921 
645 129 378 
912 387 654 
===========
123 456 789 
456 798 132 
789 231 546 

297 813 465 
564 972 813 
831 564 927 

378 645 291 
645 129 378 
912 387 654 
===========
123 456 789 
456 798 132 
789 231 546 

297 813 465 
564 927 318 
831 564 927 

378 649 251 
645 172 893 
912 385 674 
===========
123 456 789 
456 798 132 
789 231 546 

297 813 465 
564 927 318 
831 564 297 

378 642 951 
645 179 823 
912 385 674 
===========
123 456 789 
456 798 132 
789 231 546 

297 813 465 
564 927 813 
831 564 927 

378 649 251 
645 172 398 
912 385 674 
===========
123 456 789 
456 798 132 
789 231 546 

297 813 465 
564 927 813 
831 564 297 

378 642 951 
645 179 328 
912 385 674 
===========
123 456 789 
456 798 132 
789 231 546 

297 813 654 
564 972 318 
831 564 927 

378 625 491 
645 189 273 
912 347 865 
===========
123 456 789 
456 798 132 
789 231 546 

297 813 654 
564 972 318 
831 564 297 

378 645 921 
645 129 873 
912 387 465 
===========
123 456 789 
456 798 132 
789 231 546 

297 813 654 
564 972 318 
831 564 927 

378 645 291 
645 129 873 
912 387 465 
===========
123 456 789 
456 798 132 
789 231 546 

297 813 654 
564 972 813 
831 564 297 

378 645 921 
645 129 378 
912 387 465 
===========
123 456 789 
456 798 132 
789 231 546 

297 813 654 
564 972 813 
831 564 927 

378 645 291 
645 129 378 
912 387 465 
===========
123 456 789 
456 798 132 
789 231 546 

297 814 365 
564 973 821 
831 562 497 

378 625 914 
645 189 273 
912 347 658 
===========
123 456 789 
456 798 132 
789 231 546 

297 814 365 
564 973 218 
831 562 497 

378 645 921 
645 129 873 
912 387 654 
===========
123 456 789 
456 798 132 
789 231 546 

297 814 653 
564 973 218 
831 562 974 

378 625 491 
645 189 327 
912 347 865 
===========
123 456 789 
456 798 132 
789 231 546 

297 814 653 
564 923 871 
831 567 924 

378 649 215 
645 182 397 
912 375 468 
===========
123 456 789 
456 798 132 
789 231 546 

297 814 653 
564 923 871 
831 567 294 

378 642 915 
645 189 327 
912 375 468 
===========
123 456 789 
456 798 132 
789 231 546 

297 814 653 
564 973 821 
831 562 974 

378 649 215 
645 127 398 
912 385 467 
===========
123 456 789 
456 798 132 
789 231 546 

297 814 653 
564 923 871 
831 567 924 

378 649 215 
645 172 398 
912 385 467 
===========
123 456 789 
456 798 132 
789 231 546 

297 814 653 
564 923 871 
831 567 294 

378 642 915 
645 179 328 
912 385 467 
===========
123 456 789 
456 798 132 
789 231 546 

297 843 615 
564 912 873 
831 567 294 

378 624 951 
645 189 327 
912 375 468 
===========
123 456 789 
456 798 132 
789 231 546 

297 843 615 
564 917 328 
831 562 497 

378 624 951 
645 189 273 
912 375 864 
===========
123 456 789 
456 798 132 
789 231 546 

297 843 615 
564 912 378 
831 567 294 

378 624 951 
645 179 823 
912 385 467 
===========
123 456 789 
456 798 132 
789 231 546 

297 843 615 
564 912 873 
831 567 294 

378 624 951 
645 179 328 
912 385 467 
===========
123 456 789 
456 798 132 
789 231 546 

297 843 651 
564 912 873 
831 567 294 

378 624 915 
645 189 327 
912 375 468 
===========
123 456 789 
456 798 132 
789 231 546 

297 843 651 
564 917 328 
831 562 497 

378 625 914 
645 189 273 
912 374 865 
===========
123 456 789 
456 798 132 
789 231 546 

297 843 651 
564 917 328 
831 562 497 

378 624 915 
645 189 273 
912 375 864 
===========
123 456 789 
456 798 132 
789 231 546 

297 843 651 
564 912 378 
831 567 294 

378 624 915 
645 179 823 
912 385 467 
===========
123 456 789 
456 798 132 
789 231 546 

297 843 651 
564 912 873 
831 567 294 

378 624 915 
645 179 328 
912 385 467 
===========
123 456 789 
456 798 132 
789 231 546 

297 863 415 
564 917 328 
831 542 697 

378 624 951 
645 189 273 
912 375 864 
===========
123 456 789 
456 798 132 
789 231 546 

297 863 415 
564 917 328 
831 524 697 

378 649 251 
645 182 973 
912 375 864 
===========
123 456 789 
456 798 132 
789 231 546 

297 863 415 
564 917 328 
831 524 697 

378 642 951 
645 189 273 
912 375 864 
===========
123 456 789 
456 798 132 
789 231 546 

297 863 415 
564 917 328 
831 524 967 

378 649 251 
645 172 893 
912 385 674 
===========
123 456 789 
456 798 132 
789 231 546 

297 863 415 
564 917 823 
831 524 967 

378 649 251 
645 172 398 
912 385 674 
===========
123 456 789 
456 798 132 
789 231 546 

297 863 451 
564 917 328 
831 542 697 

378 625 914 
645 189 273 
912 374 865 
===========
123 456 789 
456 798 132 
789 231 546 

297 863 451 
564 917 328 
831 542 697 

378 624 915 
645 189 273 
912 375 864 
===========
123 456 789 
456 798 132 
789 231 546 

297 863 451 
564 917 328 
831 524 697 

378 649 215 
645 182 973 
912 375 864 
===========
123 456 789 
456 798 132 
789 231 546 

297 863 451 
564 917 328 
831 524 697 

378 642 915 
645 189 273 
912 375 864 
===========
123 456 789 
456 798 132 
789 231 546 

297 863 451 
564 917 328 
831 524 967 

378 649 215 
645 172 893 
912 385 674 
===========
123 456 789 
456 798 132 
789 231 546 

297 863 451 
564 917 823 
831 524 967 

378 649 215 
645 172 398 
912 385 674 
===========
123 456 789 
456 798 132 
789 231 546 

297 864 315 
564 913 278 
831 572 694 

378 629 451 
645 187 923 
912 345 867 
===========
123 456 789 
456 798 132 
789 231 546 

297 864 315 
564 913 827 
831 572 964 

378 629 451 
645 187 293 
912 345 678 
===========
123 456 789 
456 798 132 
789 231 546 

297 864 315 
564 913 827 
831 572 964 

378 625 491 
645 189 273 
912 347 658 
===========
123 456 789 
456 798 132 
789 231 546 

297 864 315 
564 913 827 
831 527 694 

378 649 251 
645 182 973 
912 375 468 
===========
123 456 789 
456 798 132 
789 231 546 

297 864 315 
564 913 827 
831 527 694 

378 642 951 
645 189 273 
912 375 468 
===========
123 456 789 
456 798 132 
789 231 546 

297 864 315 
564 913 278 
831 527 694 

378 642 951 
645 179 823 
912 385 467 
===========
123 456 789 
456 798 132 
789 231 546 

297 864 351 
564 913 278 
831 572 694 

378 629 415 
645 187 923 
912 345 867 
===========
123 456 789 
456 798 132 
789 231 546 

297 864 351 
564 913 827 
831 572 964 

378 629 415 
645 187 293 
912 345 678 
===========
123 456 789 
456 798 132 
789 231 546 

297 864 351 
564 913 827 
831 527 694 

378 649 215 
645 182 973 
912 375 468 
===========
123 456 789 
456 798 132 
789 231 546 

297 864 351 
564 913 827 
831 527 694 

378 642 915 
645 189 273 
912 375 468 
===========
123 456 789 
456 798 132 
789 231 546 

297 864 351 
564 913 278 
831 527 694 

378 642 915 
645 179 823 
912 385 467 
===========
123 456 789 
456 798 132 
789 231 546 

297 513 468 
564 827 391 
831 964 257 

378 642 915 
645 179 823 
912 385 674 
===========
123 456 789 
456 798 132 
789 231 546 

297 513 864 
564 872 391 
831 964 257 

378 629 415 
645 187 923 
912 345 678 
===========
123 456 789 
456 798 132 
789 231 546 

297 513 864 
564 872 913 
831 964 275 

378 625 491 
645 189 327 
912 347 658 
===========
123 456 789 
456 798 132 
789 231 546 

297 514 368 
564 873 921 
831 962 457 

378 649 215 
645 127 893 
912 385 674 
===========
123 456 789 
456 798 132 
789 231 546 

297 514 368 
564 823 917 
831 967 425 

378 649 251 
645 172 893 
912 385 674 
===========
123 456 789 
456 798 132 
789 231 546 

297 514 863 
564 873 291 
831 962 475 

378 625 914 
645 189 327 
912 347 658 
===========
123 456 789 
456 798 132 
789 231 546 

297 514 863 
564 873 921 
831 962 457 

378 649 215 
645 127 398 
912 385 674 
===========
123 456 789 
456 798 132 
789 231 546 

297 514 863 
564 823 917 
831 967 425 

378 649 251 
645 172 398 
912 385 674 
===========
123 456 789 
456 798 132 
789 231 546 

297 543 618 
564 812 397 
831 967 425 

378 624 951 
645 189 273 
912 375 864 
===========
123 456 789 
456 798 132 
789 231 546 

297 543 618 
564 812 973 
831 967 254 

378 625 491 
645 189 327 
912 374 865 
===========
123 456 789 
456 798 132 
789 231 546 

297 543 618 
564 817 293 
831 962 475 

378 624 951 
645 189 327 
912 375 864 
===========
123 456 789 
456 798 132 
789 231 546 

297 543 861 
564 812 397 
831 967 425 

378 625 914 
645 189 273 
912 374 658 
===========
123 456 789 
456 798 132 
789 231 546 

297 543 861 
564 817 293 
831 962 475 

378 625 914 
645 189 327 
912 374 658 
===========
123 456 789 
456 798 132 
789 231 546 

297 543 861 
564 817 293 
831 962 457 

378 625 914 
645 179 328 
912 384 675 
===========
123 456 789 
456 798 132 
789 231 546 

297 543 861 
564 817 293 
831 962 475 

378 625 914 
645 179 328 
912 384 657 
===========
123 456 789 
456 798 132 
789 231 546 

297 543 861 
564 817 293 
831 962 457 

378 624 915 
645 179 328 
912 385 674 
===========
123 456 789 
456 798 132 
789 231 546 

297 563 418 
564 812 397 
831 947 625 

378 624 951 
645 189 273 
912 375 864 
===========
123 456 789 
456 798 132 
789 231 546 

297 563 418 
564 817 293 
831 942 675 

378 624 951 
645 189 327 
912 375 864 
===========
123 456 789 
456 798 132 
789 231 546 

297 563 418 
564 817 293 
831 924 675 

378 642 951 
645 189 327 
912 375 864 
===========
123 456 789 
456 798 132 
789 231 546 

297 563 418 
564 817 923 
831 924 675 

378 649 251 
645 182 397 
912 375 864 
===========
123 456 789 
456 798 132 
789 231 546 

297 563 418 
564 812 397 
831 974 265 

378 645 921 
645 129 873 
912 387 654 
===========
123 456 789 
456 798 132 
789 231 546 

297 563 418 
564 812 397 
831 947 265 

378 624 951 
645 179 823 
912 385 674 
===========
123 456 789 
456 798 132 
789 231 546 

297 563 814 
564 812 397 
831 974 265 

378 629 451 
645 187 923 
912 345 678 
===========
123 456 789 
456 798 132 
789 231 546 

297 563 814 
564 812 973 
831 974 265 

378 625 491 
645 189 327 
912 347 658 
===========
123 456 789 
456 798 132 
789 231 546 

297 563 814 
564 812 397 
831 947 625 

378 624 951 
645 189 273 
912 375 468 
===========
123 456 789 
456 798 132 
789 231 546 

297 563 814 
564 812 973 
831 947 265 

378 625 491 
645 189 327 
912 374 658 
===========
123 456 789 
456 798 132 
789 231 546 

297 563 814 
564 817 293 
831 942 675 

378 624 951 
645 189 327 
912 375 468 
===========
123 456 789 
456 798 132 
789 231 546 

297 563 814 
564 817 293 
831 924 675 

378 642 951 
645 189 327 
912 375 468 
===========
123 456 789 
456 798 132 
789 231 546 

297 563 814 
564 817 923 
831 924 675 

378 649 251 
645 182 397 
912 375 468 
===========
123 456 789 
456 798 132 
789 231 546 

297 563 814 
564 812 973 
831 974 625 

378 649 251 
645 127 398 
912 385 467 
===========
123 456 789 
456 798 132 
789 231 546 

297 563 814 
564 812 973 
831 947 265 

378 625 491 
645 179 328 
912 384 657 
===========
123 456 789 
456 798 132 
789 231 546 

297 563 814 
564 817 293 
831 942 675 

378 624 951 
645 179 328 
912 385 467 
===========
123 456 789 
456 798 132 
789 231 546 

297 563 814 
564 817 293 
831 924 675 

378 642 951 
645 179 328 
912 385 467 
===========
123 456 789 
456 798 132 
789 231 546 

297 563 814 
564 817 923 
831 924 675 

378 649 251 
645 172 398 
912 385 467 
===========
123 456 789 
456 798 132 
789 231 546 

297 564 318 
564 813 927 
831 972 654 

378 625 491 
645 189 273 
912 347 865 
===========
123 456 789 
456 798 132 
789 231 546 

297 564 318 
564 813 297 
831 972 465 

378 645 921 
645 129 873 
912 387 654 
===========
123 456 789 
456 798 132 
789 231 546 

297 564 318 
564 813 297 
831 972 654 

378 645 921 
645 129 873 
912 387 465 
===========
123 456 789 
456 798 132 
789 231 546 

297 564 318 
564 813 927 
831 972 465 

378 649 251 
645 127 893 
912 385 674 
===========
123 456 789 
456 798 132 
789 231 546 

297 564 318 
564 813 927 
831 972 465 

378 645 291 
645 129 873 
912 387 654 
===========
123 456 789 
456 798 132 
789 231 546 

297 564 318 
564 813 927 
831 972 654 

378 645 291 
645 129 873 
912 387 465 
===========
123 456 789 
456 798 132 
789 231 546 

297 564 318 
564 813 297 
831 927 465 

378 642 951 
645 179 823 
912 385 674 
===========
123 456 789 
456 798 132 
789 231 546 

297 564 318 
564 813 927 
831 927 465 

378 649 251 
645 172 893 
912 385 674 
===========
123 456 789 
456 798 132 
789 231 546 

297 564 813 
564 813 297 
831 972 465 

378 645 921 
645 129 378 
912 387 654 
===========
123 456 789 
456 798 132 
789 231 546 

297 564 813 
564 813 297 
831 972 654 

378 645 921 
645 129 378 
912 387 465 
===========
123 456 789 
456 798 132 
789 231 546 

297 564 813 
564 813 927 
831 972 465 

378 649 251 
645 127 398 
912 385 674 
===========
123 456 789 
456 798 132 
789 231 546 

297 564 813 
564 813 927 
831 972 465 

378 645 291 
645 129 378 
912 387 654 
===========
123 456 789 
456 798 132 
789 231 546 

297 564 813 
564 813 927 
831 972 654 

378 645 291 
645 129 378 
912 387 465 
===========
123 456 789 
456 798 132 
789 231 546 

297 564 813 
564 813 297 
831 927 465 

378 642 951 
645 179 328 
912 385 674 
===========
123 456 789 
456 798 132 
789 231 546 

297 564 813 
564 813 927 
831 927 465 

378 649 251 
645 172 398 
912 385 674 
===========
123 456 789 
456 798 132 
789 231 546 

297 613 458 
564 879 321 
831 524 697 

378 965 214 
645 182 973 
912 347 865 
===========
123 456 789 
456 798 132 
789 231 546 

297 613 458 
564 872 391 
831 549 267 

378 925 614 
645 187 923 
912 364 875 
===========
123 456 789 
456 798 132 
789 231 546 

297 613 458 
564 872 391 
831 549 267 

378 924 615 
645 187 923 
912 365 874 
===========
123 456 789 
456 798 132 
789 231 546 

297 613 458 
564 879 321 
831 542 967 

378 925 614 
645 187 293 
912 364 875 
===========
123 456 789 
456 798 132 
789 231 546 

297 613 458 
564 879 321 
831 542 967 

378 924 615 
645 187 293 
912 365 874 
===========
123 456 789 
456 798 132 
789 231 546 

297 613 458 
564 879 321 
831 524 967 

378 942 615 
645 187 293 
912 365 874 
===========
123 456 789 
456 798 132 
789 231 546 

297 613 458 
564 827 391 
831 549 627 

378 965 214 
645 182 973 
912 374 865 
===========
123 456 789 
456 798 132 
789 231 546 

297 613 458 
564 827 391 
831 549 627 

378 964 215 
645 182 973 
912 375 864 
===========
123 456 789 
456 798 132 
789 231 546 

297 613 458 
564 879 321 
831 542 967 

378 965 214 
645 127 893 
912 384 675 
===========
123 456 789 
456 798 132 
789 231 546 

297 613 458 
564 879 321 
831 542 967 

378 964 215 
645 127 893 
912 385 674 
===========
123 456 789 
456 798 132 
789 231 546 

297 613 854 
564 879 321 
831 524 967 

378 962 415 
645 187 293 
912 345 678 
===========
123 456 789 
456 798 132 
789 231 546 

297 613 854 
564 872 391 
831 549 267 

378 924 615 
645 187 923 
912 365 478 
===========
123 456 789 
456 798 132 
789 231 546 

297 613 854 
564 879 321 
831 542 967 

378 924 615 
645 187 293 
912 365 478 
===========
123 456 789 
456 798 132 
789 231 546 

297 613 854 
564 879 321 
831 524 967 

378 942 615 
645 187 293 
912 365 478 
===========
123 456 789 
456 798 132 
789 231 546 

297 613 854 
564 827 391 
831 549 627 

378 964 215 
645 182 973 
912 375 468 
===========
123 456 789 
456 798 132 
789 231 546 

297 613 854 
564 872 913 
831 549 267 

378 965 421 
645 127 398 
912 384 675 
===========
