123 456 789 
456 798 213 
789 213 564 

297 831 456 
564 972 138 
831 645 927 

378 529 641 
645 187 392 
912 364 875 
===========
123 456 789 
456 798 213 
789 213 564 

297 831 456 
564 972 138 
831 645 927 

378 524 691 
645 189 372 
912 367 845 
===========
123 456 789 
456 798 213 
789 213 564 

297 831 456 
564 972 138 
831 645 972 

378 524 691 
645 189 327 
912 367 845 
===========
123 456 789 
456 798 213 
789 213 564 

297 831 456 
564 972 831 
831 645 927 

378 569 142 
645 127 398 
912 384 675 
===========
123 456 789 
456 798 213 
789 213 564 

297 831 456 
564 972 831 
831 645 927 

378 564 192 
645 129 378 
912 387 645 
===========
123 456 789 
456 798 213 
789 213 564 

297 831 456 
564 927 831 
831 645 927 

378 569 142 
645 172 398 
912 384 675 
===========
123 456 789 
456 798 213 
789 213 564 

297 831 645 
564 972 831 
831 645 927 

378 524 196 
645 189 372 
912 367 458 
===========
123 456 789 
456 798 213 
789 213 564 

297 831 645 
564 972 831 
831 645 972 

378 524 196 
645 189 327 
912 367 458 
===========
123 456 789 
456 798 213 
789 213 564 

297 831 645 
564 927 138 
831 645 972 

378 569 421 
645 182 397 
912 374 856 
===========
123 456 789 
456 798 213 
789 213 564 

297 831 645 
564 927 138 
831 645 927 

378 562 491 
645 189 372 
912 374 856 
===========
123 456 789 
456 798 213 
789 213 564 

297 831 645 
564 927 138 
831 645 972 

378 562 491 
645 189 327 
912 374 856 
===========
123 456 789 
456 798 213 
789 213 564 

297 831 645 
564 972 831 
831 645 927 

378 564 192 
645 129 378 
912 387 456 
===========
123 456 789 
456 798 213 
789 213 564 

297 834 156 
564 921 378 
831 675 492 

378 549 621 
645 182 937 
912 367 845 
===========
123 456 789 
456 798 213 
789 213 564 

297 834 651 
564 921 378 
831 675 492 

378 549 126 
645 182 937 
912 367 845 
===========
123 456 789 
456 798 213 
789 213 564 

297 835 146 
564 971 832 
831 624 975 

378 569 421 
645 182 397 
912 347 658 
===========
123 456 789 
456 798 213 
789 213 564 

297 835 146 
564 971 832 
831 624 975 

378 562 491 
645 189 327 
912 347 658 
===========
123 456 789 
456 798 213 
789 213 564 

297 835 146 
564 921 837 
831 674 925 

378 562 491 
645 189 372 
912 347 658 
===========
123 456 789 
456 798 213 
789 213 564 

297 835 146 
564 971 832 
831 642 975 

378 524 691 
645 189 327 
912 367 458 
===========
123 456 789 
456 798 213 
789 213 564 

297 835 146 
564 971 832 
831 624 975 

378 549 621 
645 182 397 
912 367 458 
===========
123 456 789 
456 798 213 
789 213 564 

297 835 146 
564 971 832 
831 624 975 

378 542 691 
645 189 327 
912 367 458 
===========
123 456 789 
456 798 213 
789 213 564 

297 835 146 
564 921 837 
831 674 925 

378 542 691 
645 189 372 
912 367 458 
===========
123 456 789 
456 798 213 
789 213 564 

297 835 146 
564 921 837 
831 647 925 

378 562 491 
645 189 372 
912 374 658 
===========
123 456 789 
456 798 213 
789 213 564 

297 835 146 
564 971 832 
831 642 957 

378 569 421 
645 127 398 
912 384 675 
===========
123 456 789 
456 798 213 
789 213 564 

297 835 146 
564 971 832 
831 642 975 

378 569 421 
645 127 398 
912 384 657 
===========
123 456 789 
456 798 213 
789 213 564 

297 835 146 
564 921 378 
831 647 925 

378 562 491 
645 179 832 
912 384 657 
===========
123 456 789 
456 798 213 
789 213 564 

297 835 146 
564 921 837 
831 647 952 

378 569 421 
645 172 398 
912 384 675 
===========
123 456 789 
456 798 213 
789 213 564 

297 835 146 
564 921 837 
831 647 952 

378 562 491 
645 179 328 
912 384 675 
===========
123 456 789 
456 798 213 
789 213 564 

297 835 641 
564 971 832 
831 642 975 

378 524 196 
645 189 327 
912 367 458 
===========
123 456 789 
456 798 213 
789 213 564 

297 835 641 
564 971 832 
831 624 975 

378 549 126 
645 182 397 
912 367 458 
===========
123 456 789 
456 798 213 
789 213 564 

297 835 641 
564 971 832 
831 624 975 

378 542 196 
645 189 327 
912 367 458 
===========
123 456 789 
456 798 213 
789 213 564 

297 835 641 
564 921 837 
831 674 925 

378 542 196 
645 189 372 
912 367 458 
===========
123 456 789 
456 798 213 
789 213 564 

297 835 641 
564 971 328 
831 642 975 

378 564 192 
645 129 837 
912 387 456 
===========
123 456 789 
456 798 213 
789 213 564 

297 841 356 
564 932 178 
831 675 492 

378 564 921 
645 129 837 
912 387 645 
===========
123 456 789 
456 798 213 
789 213 564 

297 841 356 
564 937 128 
831 625 497 

378 562 941 
645 179 832 
912 384 675 
===========
123 456 789 
456 798 213 
789 213 564 

297 841 356 
564 937 128 
831 625 947 

378 562 491 
645 179 832 
912 384 675 
===========
123 456 789 
456 798 213 
789 213 564 

297 841 356 
564 937 821 
831 625 497 

378 569 142 
645 172 938 
912 384 675 
===========
123 456 789 
456 798 213 
789 213 564 

297 841 635 
564 932 871 
831 675 942 

378 524 196 
645 189 327 
912 367 458 
===========
123 456 789 
456 798 213 
789 213 564 

297 841 635 
564 937 128 
831 625 497 

378 562 941 
645 189 372 
912 374 856 
===========
123 456 789 
456 798 213 
789 213 564 

297 841 635 
564 937 128 
831 625 947 

378 562 491 
645 189 372 
912 374 856 
===========
123 456 789 
456 798 213 
789 213 564 

297 845 136 
564 931 827 
831 672 945 

378 524 691 
645 189 372 
912 367 458 
===========
123 456 789 
456 798 213 
789 213 564 

297 845 136 
564 931 872 
831 672 945 

378 524 691 
645 189 327 
912 367 458 
===========
123 456 789 
456 798 213 
789 213 564 

297 845 136 
564 931 827 
831 627 495 

378 562 941 
645 189 372 
912 374 658 
===========
123 456 789 
456 798 213 
789 213 564 

297 845 136 
564 931 827 
831 627 945 

378 562 491 
645 189 372 
912 374 658 
===========
123 456 789 
456 798 213 
789 213 564 

297 845 136 
564 931 872 
831 627 945 

378 569 421 
645 182 397 
912 374 658 
===========
123 456 789 
456 798 213 
789 213 564 

297 845 136 
564 931 872 
831 627 495 

378 562 941 
645 189 327 
912 374 658 
===========
123 456 789 
456 798 213 
789 213 564 

297 845 136 
564 931 872 
831 627 945 

378 562 491 
645 189 327 
912 374 658 
===========
123 456 789 
456 798 213 
789 213 564 

297 845 136 
564 931 872 
831 672 945 

378 569 421 
645 127 398 
912 384 657 
===========
123 456 789 
456 798 213 
789 213 564 

297 845 136 
564 931 872 
831 627 945 

378 569 421 
645 172 398 
912 384 657 
===========
123 456 789 
456 798 213 
789 213 564 

297 845 136 
564 931 872 
831 627 495 

378 562 941 
645 179 328 
912 384 657 
===========
123 456 789 
456 798 213 
789 213 564 

297 845 136 
564 931 872 
831 627 945 

378 562 491 
645 179 328 
912 384 657 
===========
123 456 789 
456 798 213 
789 213 564 

297 845 631 
564 931 827 
831 672 945 

378 524 196 
645 189 372 
912 367 458 
===========
123 456 789 
456 798 213 
789 213 564 

297 845 631 
564 931 872 
831 672 945 

378 524 196 
645 189 327 
912 367 458 
===========
123 456 789 
456 798 213 
789 213 564 

297 845 631 
564 931 827 
831 672 945 

378 564 192 
645 129 378 
912 387 456 
===========
123 456 789 
456 798 213 
789 213 564 

297 631 458 
564 872 391 
831 945 627 

378 529 146 
645 187 932 
912 364 875 
===========
123 456 789 
456 798 213 
789 213 564 

297 631 458 
564 872 931 
831 945 627 

378 529 146 
645 187 392 
912 364 875 
===========
123 456 789 
456 798 213 
789 213 564 

297 631 458 
564 872 931 
831 945 627 

378 524 196 
645 189 372 
912 367 845 
===========
123 456 789 
456 798 213 
789 213 564 

297 631 458 
564 872 931 
831 945 672 

378 524 196 
645 189 327 
912 367 845 
===========
123 456 789 
456 798 213 
789 213 564 

297 631 845 
564 872 931 
831 945 627 

378 524 196 
645 189 372 
912 367 458 
===========
123 456 789 
456 798 213 
789 213 564 

297 631 845 
564 872 931 
831 945 672 

378 524 196 
645 189 327 
912 367 458 
===========
123 456 789 
456 798 213 
789 213 564 

297 631 845 
564 872 931 
831 945 627 

378 564 192 
645 129 378 
912 387 456 
===========
123 456 789 
456 798 213 
789 213 564 

297 634 158 
564 871 392 
831 925 476 

378 549 621 
645 182 937 
912 367 845 
===========
123 456 789 
456 798 213 
789 213 564 

297 634 158 
564 871 932 
831 925 476 

378 549 621 
645 182 397 
912 367 845 
===========
123 456 789 
456 798 213 
789 213 564 

297 634 158 
564 871 932 
831 925 476 

378 542 691 
645 189 327 
912 367 845 
===========
123 456 789 
456 798 213 
789 213 564 

297 634 158 
564 821 937 
831 975 426 

378 542 691 
645 189 372 
912 367 845 
===========
123 456 789 
456 798 213 
789 213 564 

297 635 148 
564 871 392 
831 924 675 

378 569 421 
645 182 937 
912 347 856 
===========
123 456 789 
456 798 213 
789 213 564 

297 635 148 
564 871 932 
831 924 675 

378 569 421 
645 182 397 
912 347 856 
===========
123 456 789 
456 798 213 
789 213 564 

297 635 148 
564 871 932 
831 924 675 

378 562 491 
645 189 327 
912 347 856 
===========
123 456 789 
456 798 213 
789 213 564 

297 635 148 
564 821 937 
831 974 625 

378 562 491 
645 189 372 
912 347 856 
===========
123 456 789 
456 798 213 
789 213 564 

297 635 148 
564 821 937 
831 947 625 

378 562 491 
645 189 372 
912 374 856 
===========
123 456 789 
456 798 213 
789 213 564 

297 635 148 
564 871 392 
831 942 675 

378 564 921 
645 129 837 
912 387 456 
===========
123 456 789 
456 798 213 
789 213 564 

297 635 841 
564 871 932 
831 942 675 

378 524 196 
645 189 327 
912 367 458 
===========
123 456 789 
456 798 213 
789 213 564 

297 635 841 
564 871 392 
831 924 675 

378 549 126 
645 182 937 
912 367 458 
===========
123 456 789 
456 798 213 
789 213 564 

297 635 841 
564 871 932 
831 924 675 

378 549 126 
645 182 397 
912 367 458 
===========
123 456 789 
456 798 213 
789 213 564 

297 635 841 
564 871 932 
831 924 675 

378 542 196 
645 189 327 
912 367 458 
===========
123 456 789 
456 798 213 
789 213 564 

297 635 841 
564 821 937 
831 974 625 

378 542 196 
645 189 372 
912 367 458 
===========
123 456 789 
456 798 213 
789 213 564 

297 641 358 
564 832 197 
831 975 426 

378 529 641 
645 187 932 
912 364 875 
===========
123 456 789 
456 798 213 
789 213 564 

297 641 358 
564 832 971 
831 975 426 

378 564 192 
645 129 837 
912 387 645 
===========
123 456 789 
456 798 213 
789 213 564 

297 641 835 
564 832 971 
831 975 642 

378 524 196 
645 189 327 
912 367 458 
===========
123 456 789 
456 798 213 
789 213 564 

297 641 835 
564 837 192 
831 925 476 

378 562 941 
645 189 327 
912 374 658 
===========
123 456 789 
456 798 213 
789 213 564 

297 641 835 
564 837 921 
831 925 476 

378 569 142 
645 182 397 
912 374 658 
===========
123 456 789 
456 798 213 
789 213 564 

297 641 835 
564 832 197 
831 975 642 

378 564 921 
645 129 378 
912 387 456 
===========
123 456 789 
456 798 213 
789 213 564 

297 641 835 
564 832 971 
831 975 426 

378 569 142 
645 127 398 
912 384 657 
===========
123 456 789 
456 798 213 
789 213 564 

297 641 835 
564 837 192 
831 925 476 

378 562 941 
645 179 328 
912 384 657 
===========
123 456 789 
456 798 213 
789 213 564 

297 641 835 
564 837 921 
831 925 476 

378 569 142 
645 172 398 
912 384 657 
===========
123 456 789 
456 798 213 
789 213 564 

297 645 138 
564 831 927 
831 972 456 

378 529 641 
645 187 392 
912 364 875 
===========
123 456 789 
456 798 213 
789 213 564 

297 645 138 
564 831 927 
831 972 456 

378 524 691 
645 189 372 
912 367 845 
===========
123 456 789 
456 798 213 
789 213 564 

297 645 138 
564 831 972 
831 972 456 

378 524 691 
645 189 327 
912 367 845 
===========
123 456 789 
456 798 213 
789 213 564 

297 645 138 
564 831 927 
831 927 645 

378 562 491 
645 189 372 
912 374 856 
===========
123 456 789 
456 798 213 
789 213 564 

297 645 138 
564 831 972 
831 927 645 

378 569 421 
645 182 397 
912 374 856 
===========
123 456 789 
456 798 213 
789 213 564 

297 645 138 
564 831 972 
831 927 645 

378 562 491 
645 189 327 
912 374 856 
===========
123 456 789 
456 798 213 
789 213 564 

297 645 831 
564 831 927 
831 972 645 

378 524 196 
645 189 372 
912 367 458 
===========
123 456 789 
456 798 213 
789 213 564 

297 645 831 
564 831 972 
831 972 645 

378 524 196 
645 189 327 
912 367 458 
===========
123 456 789 
456 798 213 
789 213 564 

297 645 831 
564 831 927 
831 972 456 

378 569 142 
645 127 398 
912 384 675 
===========
123 456 789 
456 798 213 
789 213 564 

297 645 831 
564 831 927 
831 972 456 

378 564 192 
645 129 378 
912 387 645 
===========
123 456 789 
456 798 213 
789 213 564 

297 645 831 
564 831 927 
831 972 645 

378 564 192 
645 129 378 
912 387 456 
===========
123 456 789 
456 798 213 
789 213 564 

297 645 831 
564 831 927 
831 927 456 

378 569 142 
645 172 398 
912 384 675 
===========
123 456 789 
456 798 213 
789 213 564 

297 831 456 
564 972 831 
831 564 927 

378 629 145 
645 187 392 
912 345 678 
===========
123 456 789 
456 798 213 
789 213 564 

297 831 456 
564 927 831 
831 564 972 

378 649 125 
645 182 397 
912 375 648 
===========
123 456 789 
456 798 213 
789 213 564 

297 831 456 
564 927 831 
831 564 927 

378 642 195 
645 189 372 
912 375 648 
===========
123 456 789 
456 798 213 
789 213 564 

297 831 456 
564 927 831 
831 564 972 

378 642 195 
645 189 327 
912 375 648 
===========
123 456 789 
456 798 213 
789 213 564 

297 831 456 
564 972 831 
831 564 972 

378 649 125 
645 127 398 
912 385 647 
===========
123 456 789 
456 798 213 
789 213 564 

297 831 456 
564 972 831 
831 564 927 

378 645 192 
645 129 378 
912 387 645 
===========
123 456 789 
456 798 213 
789 213 564 

297 831 456 
564 927 831 
831 564 972 

378 649 125 
645 172 398 
912 385 647 
===========
123 456 789 
456 798 213 
789 213 564 

297 831 456 
564 927 831 
831 564 972 

378 642 195 
645 179 328 
912 385 647 
===========
123 456 789 
456 798 213 
789 213 564 

297 831 645 
564 972 138 
831 564 927 

378 629 451 
645 187 392 
912 345 876 
===========
123 456 789 
456 798 213 
789 213 564 

297 831 645 
564 972 138 
831 564 927 

378 625 491 
645 189 372 
912 347 856 
===========
123 456 789 
456 798 213 
789 213 564 

297 831 645 
564 972 138 
831 564 972 

378 625 491 
645 189 327 
912 347 856 
===========
123 456 789 
456 798 213 
789 213 564 

297 831 645 
564 972 831 
831 564 927 

378 649 152 
645 127 398 
912 385 476 
===========
123 456 789 
456 798 213 
789 213 564 

297 831 645 
564 972 831 
831 564 927 

378 645 192 
645 129 378 
912 387 456 
===========
123 456 789 
456 798 213 
789 213 564 

297 831 645 
564 927 831 
831 564 927 

378 649 152 
645 172 398 
912 385 476 
===========
123 456 789 
456 798 213 
789 213 564 

297 834 156 
564 971 832 
831 562 497 

378 645 921 
645 129 378 
912 387 645 
===========
123 456 789 
456 798 213 
789 213 564 

297 834 651 
564 971 328 
831 562 497 

378 629 145 
645 187 932 
912 345 876 
===========
123 456 789 
456 798 213 
789 213 564 

297 834 651 
564 921 378 
831 567 492 

378 649 125 
645 182 937 
912 375 846 
===========
123 456 789 
456 798 213 
789 213 564 

297 834 651 
564 971 832 
831 562 947 

378 649 125 
645 127 398 
912 385 476 
===========
123 456 789 
456 798 213 
789 213 564 

297 834 651 
564 921 837 
831 567 942 

378 649 125 
645 172 398 
912 385 476 
===========
123 456 789 
456 798 213 
789 213 564 

297 834 651 
564 921 837 
831 567 942 

378 642 195 
645 179 328 
912 385 476 
===========
123 456 789 
456 798 213 
789 213 564 

297 841 356 
564 937 128 
831 562 497 

378 625 941 
645 179 832 
912 384 675 
===========
123 456 789 
456 798 213 
789 213 564 

297 841 356 
564 937 128 
831 562 947 

378 625 491 
645 179 832 
912 384 675 
===========
123 456 789 
456 798 213 
789 213 564 

297 841 635 
564 932 178 
831 567 492 

378 625 941 
645 189 327 
912 374 856 
===========
123 456 789 
456 798 213 
789 213 564 

297 841 635 
564 932 178 
831 567 942 

378 625 491 
645 189 327 
912 374 856 
===========
123 456 789 
456 798 213 
789 213 564 

297 841 635 
564 932 178 
831 567 492 

378 624 951 
645 189 327 
912 375 846 
===========
123 456 789 
456 798 213 
789 213 564 

297 841 635 
564 937 128 
831 562 497 

378 625 941 
645 189 372 
912 374 856 
===========
123 456 789 
456 798 213 
789 213 564 

297 841 635 
564 937 128 
831 562 947 

378 625 491 
645 189 372 
912 374 856 
===========
123 456 789 
456 798 213 
789 213 564 

297 841 635 
564 937 128 
831 562 497 

378 624 951 
645 189 372 
912 375 846 
===========
123 456 789 
456 798 213 
789 213 564 

297 861 345 
564 932 178 
831 574 692 

378 645 921 
645 129 837 
912 387 456 
===========
123 456 789 
456 798 213 
789 213 564 

297 861 345 
564 932 178 
831 547 926 

378 625 491 
645 179 832 
912 384 657 
===========
123 456 789 
456 798 213 
789 213 564 

297 861 345 
564 937 128 
831 542 976 

378 625 491 
645 179 832 
912 384 657 
===========
123 456 789 
456 798 213 
789 213 564 

297 861 345 
564 937 128 
831 542 697 

378 624 951 
645 179 832 
912 385 476 
===========
123 456 789 
456 798 213 
789 213 564 

297 861 345 
564 937 128 
831 524 697 

378 642 951 
645 179 832 
912 385 476 
===========
123 456 789 
456 798 213 
789 213 564 

297 861 345 
564 937 821 
831 524 697 

378 649 152 
645 172 938 
912 385 476 
===========
123 456 789 
456 798 213 
789 213 564 

297 861 435 
564 932 178 
831 574 692 

378 625 941 
645 189 327 
912 347 856 
===========
123 456 789 
456 798 213 
789 213 564 

297 861 435 
564 932 178 
831 547 692 

378 625 941 
645 189 327 
912 374 856 
===========
123 456 789 
456 798 213 
789 213 564 

297 861 435 
564 932 178 
831 547 692 

378 624 951 
645 189 327 
912 375 846 
===========
123 456 789 
456 798 213 
789 213 564 

297 861 435 
564 937 128 
831 542 697 

378 625 941 
645 189 372 
912 374 856 
===========
123 456 789 
456 798 213 
789 213 564 

297 861 435 
564 937 128 
831 542 697 

378 624 951 
645 189 372 
912 375 846 
===========
123 456 789 
456 798 213 
789 213 564 

297 861 435 
564 937 128 
831 524 697 

378 642 951 
645 189 372 
912 375 846 
===========
123 456 789 
456 798 213 
789 213 564 

297 861 435 
564 937 821 
831 524 976 

378 649 152 
645 182 397 
912 375 648 
===========
123 456 789 
456 798 213 
789 213 564 

297 861 435 
564 932 871 
831 574 926 

378 649 152 
645 127 398 
912 385 647 
===========
123 456 789 
456 798 213 
789 213 564 

297 861 435 
564 937 821 
831 524 976 

378 649 152 
645 172 398 
912 385 647 
===========
123 456 789 
456 798 213 
789 213 564 

297 864 135 
564 931 827 
831 572 946 

378 629 451 
645 187 392 
912 345 678 
===========
123 456 789 
456 798 213 
789 213 564 

297 864 135 
564 931 827 
831 572 496 

378 625 941 
645 189 372 
912 347 658 
===========
123 456 789 
456 798 213 
789 213 564 

297 864 135 
564 931 827 
831 572 946 

378 625 491 
645 189 372 
912 347 658 
===========
123 456 789 
456 798 213 
789 213 564 

297 864 135 
564 931 872 
831 572 496 

378 625 941 
645 189 327 
912 347 658 
===========
123 456 789 
456 798 213 
789 213 564 

297 864 135 
564 931 872 
831 572 946 

378 625 491 
645 189 327 
912 347 658 
===========
123 456 789 
456 798 213 
789 213 564 

297 864 135 
564 931 827 
831 527 496 

378 642 951 
645 189 372 
912 375 648 
===========
123 456 789 
456 798 213 
789 213 564 

297 864 135 
564 931 872 
831 527 496 

378 642 951 
645 189 327 
912 375 648 
===========
123 456 789 
456 798 213 
789 213 564 

297 864 135 
564 931 872 
831 527 496 

378 642 951 
645 179 328 
912 385 647 
===========
123 456 789 
456 798 213 
789 213 564 

297 864 351 
564 931 827 
831 572 496 

378 629 145 
645 187 932 
912 345 678 
===========
123 456 789 
456 798 213 
789 213 564 

297 864 351 
564 931 872 
831 527 496 

378 649 125 
645 182 937 
912 375 648 
===========
123 456 789 
456 798 213 
789 213 564 

297 864 351 
564 931 872 
831 572 496 

378 649 125 
645 127 938 
912 385 647 
===========
123 456 789 
456 798 213 
789 213 564 

297 864 351 
564 931 872 
831 527 496 

378 649 125 
645 172 938 
912 385 647 
===========
123 456 789 
456 798 213 
789 213 564 

297 541 638 
564 832 197 
831 967 425 

378 625 941 
645 189 372 
912 374 856 
===========
123 456 789 
456 798 213 
789 213 564 

297 541 638 
564 832 197 
831 967 425 

378 624 951 
645 189 372 
912 375 846 
===========
123 456 789 
456 798 213 
789 213 564 

297 541 638 
564 832 971 
831 967 452 

378 624 195 
645 189 327 
912 375 846 
===========
123 456 789 
456 798 213 
789 213 564 

297 541 638 
564 837 192 
831 962 475 

378 625 941 
645 189 327 
912 374 856 
===========
123 456 789 
456 798 213 
789 213 564 

297 541 638 
564 837 192 
831 962 475 

378 624 951 
645 189 327 
912 375 846 
===========
123 456 789 
456 798 213 
789 213 564 

297 541 638 
564 837 921 
831 962 457 

378 624 195 
645 189 372 
912 375 846 
===========
123 456 789 
456 798 213 
789 213 564 

297 541 836 
564 832 197 
831 967 425 

378 625 941 
645 189 372 
912 374 658 
===========
123 456 789 
456 798 213 
789 213 564 

297 541 836 
564 832 197 
831 967 425 

378 624 951 
645 189 372 
912 375 648 
===========
123 456 789 
456 798 213 
789 213 564 

297 541 836 
564 832 971 
831 967 452 

378 624 195 
645 189 327 
912 375 648 
===========
123 456 789 
456 798 213 
789 213 564 

297 541 836 
564 837 192 
831 962 475 

378 625 941 
645 189 327 
912 374 658 
===========
123 456 789 
456 798 213 
789 213 564 

297 541 836 
564 837 192 
831 962 475 

378 624 951 
645 189 327 
912 375 648 
===========
123 456 789 
456 798 213 
789 213 564 

297 541 836 
564 837 921 
831 962 457 

378 624 195 
645 189 372 
912 375 648 
===========
123 456 789 
456 798 213 
789 213 564 

297 541 836 
564 832 197 
831 967 452 

378 625 941 
645 179 328 
912 384 675 
===========
123 456 789 
456 798 213 
789 213 564 

297 541 836 
564 832 971 
831 967 452 

378 624 195 
645 179 328 
912 385 647 
===========
123 456 789 
456 798 213 
789 213 564 

297 541 836 
564 837 192 
831 962 457 

378 625 941 
645 179 328 
912 384 675 
===========
123 456 789 
456 798 213 
789 213 564 

297 541 836 
564 837 192 
831 962 475 

378 625 941 
645 179 328 
912 384 657 
===========
123 456 789 
456 798 213 
789 213 564 

297 541 836 
564 837 192 
831 962 475 

378 624 951 
645 179 328 
912 385 647 
===========
123 456 789 
456 798 213 
789 213 564 

297 561 348 
564 832 197 
831 974 625 

378 629 451 
645 187 932 
912 345 876 
===========
123 456 789 
456 798 213 
789 213 564 

297 561 348 
564 832 971 
831 974 625 

378 645 192 
645 129 837 
912 387 456 
===========
123 456 789 
456 798 213 
789 213 564 

297 561 348 
564 832 197 
831 947 625 

378 624 951 
645 179 832 
912 385 476 
===========
123 456 789 
456 798 213 
789 213 564 

297 561 348 
564 837 921 
831 942 657 

378 624 195 
645 179 832 
912 385 476 
===========
123 456 789 
456 798 213 
789 213 564 

297 561 348 
564 837 921 
831 924 657 

378 642 195 
645 179 832 
912 385 476 
===========
123 456 789 
456 798 213 
789 213 564 

297 561 438 
564 832 197 
831 974 625 

378 625 941 
645 189 372 
912 347 856 
===========
123 456 789 
456 798 213 
789 213 564 

297 561 438 
564 832 197 
831 947 625 

378 625 941 
645 189 372 
912 374 856 
===========
123 456 789 
456 798 213 
789 213 564 

297 561 438 
564 832 197 
831 947 625 

378 624 951 
645 189 372 
912 375 846 
===========
123 456 789 
456 798 213 
789 213 564 

297 561 438 
564 832 971 
831 947 652 

378 624 195 
645 189 327 
912 375 846 
===========
123 456 789 
456 798 213 
789 213 564 

297 561 438 
564 837 192 
831 942 675 

378 625 941 
645 189 327 
912 374 856 
===========
123 456 789 
456 798 213 
789 213 564 

297 561 438 
564 837 192 
831 942 675 

378 624 951 
645 189 327 
912 375 846 
===========
123 456 789 
456 798 213 
789 213 564 

297 561 438 
564 837 921 
831 942 657 

378 624 195 
645 189 372 
912 375 846 
===========
123 456 789 
456 798 213 
789 213 564 

297 561 438 
564 837 192 
831 924 675 

378 642 951 
645 189 327 
912 375 846 
===========
123 456 789 
456 798 213 
789 213 564 

297 561 438 
564 837 921 
831 924 675 

378 649 152 
645 182 397 
912 375 846 
===========
123 456 789 
456 798 213 
789 213 564 

297 561 438 
564 837 921 
831 924 657 

378 642 195 
645 189 372 
912 375 846 
===========
123 456 789 
456 798 213 
789 213 564 

297 564 138 
564 831 927 
831 972 645 

378 629 451 
645 187 392 
912 345 876 
===========
123 456 789 
456 798 213 
789 213 564 

297 564 138 
564 831 927 
831 972 645 

378 625 491 
645 189 372 
912 347 856 
===========
123 456 789 
456 798 213 
789 213 564 

297 564 138 
564 831 972 
831 972 645 

378 625 491 
645 189 327 
912 347 856 
===========
123 456 789 
456 798 213 
789 213 564 

297 564 831 
564 831 927 
831 972 456 

378 629 145 
645 187 392 
912 345 678 
===========
123 456 789 
456 798 213 
789 213 564 

297 564 831 
564 831 927 
831 927 456 

378 642 195 
645 189 372 
912 375 648 
===========
123 456 789 
456 798 213 
789 213 564 

297 564 831 
564 831 972 
831 927 456 

378 649 125 
645 182 397 
912 375 648 
===========
123 456 789 
456 798 213 
789 213 564 

297 564 831 
564 831 972 
831 927 456 

378 642 195 
645 189 327 
912 375 648 
===========
123 456 789 
456 798 213 
789 213 564 

297 564 831 
564 831 927 
831 972 645 

378 649 152 
645 127 398 
912 385 476 
===========
123 456 789 
456 798 213 
789 213 564 

297 564 831 
564 831 927 
831 972 456 

378 645 192 
645 129 378 
912 387 645 
===========
123 456 789 
456 798 213 
789 213 564 

297 564 831 
564 831 927 
831 972 645 

378 645 192 
645 129 378 
912 387 456 
===========
123 456 789 
456 798 213 
789 213 564 

297 564 831 
564 831 972 
831 972 456 

378 649 125 
645 127 398 
912 385 647 
===========
123 456 789 
456 798 213 
789 213 564 

297 564 831 
564 831 927 
831 927 645 

378 649 152 
645 172 398 
912 385 476 
===========
123 456 789 
456 798 213 
789 213 564 

297 564 831 
564 831 972 
831 927 456 

378 649 125 
645 172 398 
912 385 647 
===========
123 456 789 
456 798 213 
789 213 564 

297 564 831 
564 831 972 
831 927 456 

378 642 195 
645 179 328 
912 385 647 
===========
123 456 789 
456 798 213 
789 213 564 

297 631 458 
564 879 321 
831 524 697 

378 962 145 
645 187 932 
912 345 876 
===========
123 456 789 
456 798 213 
789 213 564 

297 631 458 
564 872 391 
831 549 627 

378 925 146 
645 187 932 
912 364 875 
===========
123 456 789 
456 798 213 
789 213 564 

297 631 458 
564 872 931 
831 549 627 

378 925 146 
645 187 392 
912 364 875 
===========
123 456 789 
456 798 213 
789 213 564 

297 631 458 
564 879 321 
831 542 697 

378 925 146 
645 187 932 
912 364 875 
===========
