123 456 789 
456 798 213 
789 213 654 

297 831 465 
564 972 831 
831 645 927 

378 529 146 
645 187 392 
912 364 578 
===========
123 456 789 
456 798 213 
789 213 654 

297 831 465 
564 972 831 
831 645 927 

378 524 196 
645 189 372 
912 367 548 
===========
123 456 789 
456 798 213 
789 213 654 

297 831 465 
564 972 831 
831 645 972 

378 524 196 
645 189 327 
912 367 548 
===========
123 456 789 
456 798 213 
789 213 654 

297 831 465 
564 972 831 
831 645 927 

378 569 142 
645 127 398 
912 384 576 
===========
123 456 789 
456 798 213 
789 213 654 

297 831 465 
564 972 831 
831 645 927 

378 564 192 
645 129 378 
912 387 546 
===========
123 456 789 
456 798 213 
789 213 654 

297 831 465 
564 927 831 
831 645 927 

378 569 142 
645 172 398 
912 384 576 
===========
123 456 789 
456 798 213 
789 213 654 

297 831 546 
564 972 138 
831 645 927 

378 529 461 
645 187 392 
912 364 875 
===========
123 456 789 
456 798 213 
789 213 654 

297 831 546 
564 927 138 
831 645 972 

378 569 421 
645 182 397 
912 374 865 
===========
123 456 789 
456 798 213 
789 213 654 

297 831 546 
564 927 138 
831 645 927 

378 562 491 
645 189 372 
912 374 865 
===========
123 456 789 
456 798 213 
789 213 654 

297 831 546 
564 927 138 
831 645 972 

378 562 491 
645 189 327 
912 374 865 
===========
123 456 789 
456 798 213 
789 213 654 

297 831 546 
564 972 831 
831 645 927 

378 564 192 
645 129 378 
912 387 465 
===========
123 456 789 
456 798 213 
789 213 654 

297 834 561 
564 921 378 
831 675 492 

378 549 126 
645 182 937 
912 367 845 
===========
123 456 789 
456 798 213 
789 213 654 

297 835 146 
564 971 832 
831 624 975 

378 569 421 
645 182 397 
912 347 568 
===========
123 456 789 
456 798 213 
789 213 654 

297 835 146 
564 971 832 
831 624 975 

378 562 491 
645 189 327 
912 347 568 
===========
123 456 789 
456 798 213 
789 213 654 

297 835 146 
564 921 378 
831 674 592 

378 569 421 
645 182 937 
912 347 865 
===========
123 456 789 
456 798 213 
789 213 654 

297 835 146 
564 921 837 
831 674 925 

378 562 491 
645 189 372 
912 347 568 
===========
123 456 789 
456 798 213 
789 213 654 

297 835 146 
564 971 328 
831 642 597 

378 529 461 
645 187 932 
912 364 875 
===========
123 456 789 
456 798 213 
789 213 654 

297 835 146 
564 921 378 
831 647 592 

378 569 421 
645 182 937 
912 374 865 
===========
123 456 789 
456 798 213 
789 213 654 

297 835 146 
564 921 837 
831 647 925 

378 562 491 
645 189 372 
912 374 568 
===========
123 456 789 
456 798 213 
789 213 654 

297 835 146 
564 971 832 
831 642 975 

378 569 421 
645 127 398 
912 384 567 
===========
123 456 789 
456 798 213 
789 213 654 

297 835 146 
564 971 832 
831 642 597 

378 564 921 
645 129 378 
912 387 465 
===========
123 456 789 
456 798 213 
789 213 654 

297 835 146 
564 921 378 
831 647 925 

378 562 491 
645 179 832 
912 384 567 
===========
123 456 789 
456 798 213 
789 213 654 

297 835 461 
564 971 328 
831 642 597 

378 529 146 
645 187 932 
912 364 875 
===========
123 456 789 
456 798 213 
789 213 654 

297 835 461 
564 971 832 
831 642 975 

378 524 196 
645 189 327 
912 367 548 
===========
123 456 789 
456 798 213 
789 213 654 

297 835 461 
564 971 832 
831 624 975 

378 549 126 
645 182 397 
912 367 548 
===========
123 456 789 
456 798 213 
789 213 654 

297 835 461 
564 971 832 
831 624 975 

378 542 196 
645 189 327 
912 367 548 
===========
123 456 789 
456 798 213 
789 213 654 

297 835 461 
564 921 378 
831 674 592 

378 549 126 
645 182 937 
912 367 845 
===========
123 456 789 
456 798 213 
789 213 654 

297 835 461 
564 921 837 
831 674 925 

378 542 196 
645 189 372 
912 367 548 
===========
123 456 789 
456 798 213 
789 213 654 

297 835 461 
564 971 328 
831 642 975 

378 564 192 
645 129 837 
912 387 546 
===========
123 456 789 
456 798 213 
789 213 654 

297 835 461 
564 921 837 
831 647 925 

378 569 142 
645 172 398 
912 384 576 
===========
123 456 789 
456 798 213 
789 213 654 

297 841 365 
564 932 178 
831 675 492 

378 564 921 
645 129 837 
912 387 546 
===========
123 456 789 
456 798 213 
789 213 654 

297 841 365 
564 937 128 
831 625 497 

378 562 941 
645 179 832 
912 384 576 
===========
123 456 789 
456 798 213 
789 213 654 

297 841 365 
564 937 128 
831 625 947 

378 562 491 
645 179 832 
912 384 576 
===========
123 456 789 
456 798 213 
789 213 654 

297 841 365 
564 937 821 
831 625 497 

378 569 142 
645 172 938 
912 384 576 
===========
123 456 789 
456 798 213 
789 213 654 

297 841 536 
564 932 178 
831 675 492 

378 524 961 
645 189 327 
912 367 845 
===========
123 456 789 
456 798 213 
789 213 654 

297 841 536 
564 937 128 
831 625 497 

378 562 941 
645 189 372 
912 374 865 
===========
123 456 789 
456 798 213 
789 213 654 

297 841 536 
564 937 128 
831 625 947 

378 562 491 
645 189 372 
912 374 865 
===========
123 456 789 
456 798 213 
789 213 654 

297 845 136 
564 931 827 
831 672 945 

378 529 461 
645 187 392 
912 364 578 
===========
123 456 789 
456 798 213 
789 213 654 

297 845 136 
564 931 827 
831 672 495 

378 524 961 
645 189 372 
912 367 548 
===========
123 456 789 
456 798 213 
789 213 654 

297 845 136 
564 931 872 
831 672 495 

378 524 961 
645 189 327 
912 367 548 
===========
123 456 789 
456 798 213 
789 213 654 

297 845 136 
564 931 827 
831 627 495 

378 562 941 
645 189 372 
912 374 568 
===========
123 456 789 
456 798 213 
789 213 654 

297 845 136 
564 931 827 
831 627 945 

378 562 491 
645 189 372 
912 374 568 
===========
123 456 789 
456 798 213 
789 213 654 

297 845 136 
564 931 872 
831 627 945 

378 569 421 
645 182 397 
912 374 568 
===========
123 456 789 
456 798 213 
789 213 654 

297 845 136 
564 931 872 
831 627 495 

378 562 941 
645 189 327 
912 374 568 
===========
123 456 789 
456 798 213 
789 213 654 

297 845 136 
564 931 872 
831 627 945 

378 562 491 
645 189 327 
912 374 568 
===========
123 456 789 
456 798 213 
789 213 654 

297 845 136 
564 931 872 
831 672 945 

378 569 421 
645 127 398 
912 384 567 
===========
123 456 789 
456 798 213 
789 213 654 

297 845 136 
564 931 872 
831 627 945 

378 569 421 
645 172 398 
912 384 567 
===========
123 456 789 
456 798 213 
789 213 654 

297 845 136 
564 931 872 
831 627 495 

378 562 941 
645 179 328 
912 384 567 
===========
123 456 789 
456 798 213 
789 213 654 

297 845 136 
564 931 872 
831 627 945 

378 562 491 
645 179 328 
912 384 567 
===========
123 456 789 
456 798 213 
789 213 654 

297 845 361 
564 931 827 
831 672 495 

378 529 146 
645 187 932 
912 364 578 
===========
123 456 789 
456 798 213 
789 213 654 

297 845 361 
564 931 827 
831 672 495 

378 569 142 
645 127 938 
912 384 576 
===========
123 456 789 
456 798 213 
789 213 654 

297 845 361 
564 931 827 
831 627 495 

378 569 142 
645 172 938 
912 384 576 
===========
123 456 789 
456 798 213 
789 213 654 

297 635 148 
564 871 392 
831 924 576 

378 569 421 
645 182 937 
912 347 865 
===========
123 456 789 
456 798 213 
789 213 654 

297 635 148 
564 871 932 
831 924 576 

378 569 421 
645 182 397 
912 347 865 
===========
123 456 789 
456 798 213 
789 213 654 

297 635 148 
564 871 932 
831 924 576 

378 562 491 
645 189 327 
912 347 865 
===========
123 456 789 
456 798 213 
789 213 654 

297 635 148 
564 821 937 
831 974 526 

378 562 491 
645 189 372 
912 347 865 
===========
123 456 789 
456 798 213 
789 213 654 

297 635 148 
564 821 937 
831 947 526 

378 562 491 
645 189 372 
912 374 865 
===========
123 456 789 
456 798 213 
789 213 654 

297 635 148 
564 871 392 
831 942 576 

378 564 921 
645 129 837 
912 387 465 
===========
123 456 789 
456 798 213 
789 213 654 

297 641 538 
564 832 197 
831 975 426 

378 524 961 
645 189 372 
912 367 845 
===========
123 456 789 
456 798 213 
789 213 654 

297 641 538 
564 832 971 
831 975 462 

378 524 196 
645 189 327 
912 367 845 
===========
123 456 789 
456 798 213 
789 213 654 

297 641 538 
564 837 192 
831 925 476 

378 562 941 
645 189 327 
912 374 865 
===========
123 456 789 
456 798 213 
789 213 654 

297 641 538 
564 837 921 
831 925 476 

378 569 142 
645 182 397 
912 374 865 
===========
123 456 789 
456 798 213 
789 213 654 

297 641 835 
564 832 197 
831 975 426 

378 524 961 
645 189 372 
912 367 548 
===========
123 456 789 
456 798 213 
789 213 654 

297 641 835 
564 832 971 
831 975 462 

378 524 196 
645 189 327 
912 367 548 
===========
123 456 789 
456 798 213 
789 213 654 

297 641 835 
564 837 192 
831 925 476 

378 562 941 
645 189 327 
912 374 568 
===========
123 456 789 
456 798 213 
789 213 654 

297 641 835 
564 837 921 
831 925 476 

378 569 142 
645 182 397 
912 374 568 
===========
123 456 789 
456 798 213 
789 213 654 

297 641 835 
564 832 197 
831 975 462 

378 564 921 
645 129 378 
912 387 546 
===========
123 456 789 
456 798 213 
789 213 654 

297 641 835 
564 832 971 
831 975 426 

378 569 142 
645 127 398 
912 384 567 
===========
123 456 789 
456 798 213 
789 213 654 

297 641 835 
564 837 192 
831 925 467 

378 562 941 
645 179 328 
912 384 576 
===========
123 456 789 
456 798 213 
789 213 654 

297 641 835 
564 837 192 
831 925 476 

378 562 941 
645 179 328 
912 384 567 
===========
123 456 789 
456 798 213 
789 213 654 

297 641 835 
564 837 921 
831 925 467 

378 569 142 
645 172 398 
912 384 576 
===========
123 456 789 
456 798 213 
789 213 654 

297 641 835 
564 837 921 
831 925 476 

378 569 142 
645 172 398 
912 384 567 
===========
123 456 789 
456 798 213 
789 213 654 

297 645 138 
564 831 927 
831 972 546 

378 529 461 
645 187 392 
912 364 875 
===========
123 456 789 
456 798 213 
789 213 654 

297 645 138 
564 831 927 
831 927 546 

378 562 491 
645 189 372 
912 374 865 
===========
123 456 789 
456 798 213 
789 213 654 

297 645 138 
564 831 972 
831 927 546 

378 569 421 
645 182 397 
912 374 865 
===========
123 456 789 
456 798 213 
789 213 654 

297 645 138 
564 831 972 
831 927 546 

378 562 491 
645 189 327 
912 374 865 
===========
123 456 789 
456 798 213 
789 213 654 

297 645 831 
564 831 927 
831 972 465 

378 529 146 
645 187 392 
912 364 578 
===========
123 456 789 
456 798 213 
789 213 654 

297 645 831 
564 831 927 
831 972 465 

378 524 196 
645 189 372 
912 367 548 
===========
123 456 789 
456 798 213 
789 213 654 

297 645 831 
564 831 972 
831 972 465 

378 524 196 
645 189 327 
912 367 548 
===========
123 456 789 
456 798 213 
789 213 654 

297 645 831 
564 831 927 
831 972 465 

378 569 142 
645 127 398 
912 384 576 
===========
123 456 789 
456 798 213 
789 213 654 

297 645 831 
564 831 927 
831 972 465 

378 564 192 
645 129 378 
912 387 546 
===========
123 456 789 
456 798 213 
789 213 654 

297 645 831 
564 831 927 
831 972 546 

378 564 192 
645 129 378 
912 387 465 
===========
123 456 789 
456 798 213 
789 213 654 

297 645 831 
564 831 927 
831 927 465 

378 569 142 
645 172 398 
912 384 576 
===========
123 456 789 
456 798 213 
789 213 654 

297 831 465 
564 972 138 
831 564 927 

378 629 541 
645 187 392 
912 345 876 
===========
123 456 789 
456 798 213 
789 213 654 

297 831 465 
564 927 138 
831 564 972 

378 649 521 
645 182 397 
912 375 846 
===========
123 456 789 
456 798 213 
789 213 654 

297 831 465 
564 927 138 
831 564 927 

378 642 591 
645 189 372 
912 375 846 
===========
123 456 789 
456 798 213 
789 213 654 

297 831 465 
564 927 138 
831 564 972 

378 642 591 
645 189 327 
912 375 846 
===========
123 456 789 
456 798 213 
789 213 654 

297 831 465 
564 972 831 
831 564 927 

378 645 192 
645 129 378 
912 387 546 
===========
123 456 789 
456 798 213 
789 213 654 

297 831 546 
564 972 138 
831 564 927 

378 625 491 
645 189 372 
912 347 865 
===========
123 456 789 
456 798 213 
789 213 654 

297 831 546 
564 972 138 
831 564 972 

378 625 491 
645 189 327 
912 347 865 
===========
123 456 789 
456 798 213 
789 213 654 

297 831 546 
564 927 831 
831 564 972 

378 649 125 
645 182 397 
912 375 468 
===========
123 456 789 
456 798 213 
789 213 654 

297 831 546 
564 927 831 
831 564 927 

378 642 195 
645 189 372 
912 375 468 
===========
123 456 789 
456 798 213 
789 213 654 

297 831 546 
564 927 831 
831 564 972 

378 642 195 
645 189 327 
912 375 468 
===========
123 456 789 
456 798 213 
789 213 654 

297 831 546 
564 972 831 
831 564 972 

378 649 125 
645 127 398 
912 385 467 
===========
123 456 789 
456 798 213 
789 213 654 

297 831 546 
564 972 831 
831 564 927 

378 645 192 
645 129 378 
912 387 465 
===========
123 456 789 
456 798 213 
789 213 654 

297 831 546 
564 927 831 
831 564 972 

378 649 125 
645 172 398 
912 385 467 
===========
123 456 789 
456 798 213 
789 213 654 

297 831 546 
564 927 831 
831 564 972 

378 642 195 
645 179 328 
912 385 467 
===========
123 456 789 
456 798 213 
789 213 654 

297 834 165 
564 971 328 
831 562 497 

378 629 541 
645 187 932 
912 345 876 
===========
123 456 789 
456 798 213 
789 213 654 

297 834 165 
564 921 378 
831 567 492 

378 649 521 
645 182 937 
912 375 846 
===========
123 456 789 
456 798 213 
789 213 654 

297 834 165 
564 971 832 
831 562 947 

378 649 521 
645 127 398 
912 385 476 
===========
123 456 789 
456 798 213 
789 213 654 

297 834 165 
564 971 832 
831 562 497 

378 645 921 
645 129 378 
912 387 546 
===========
123 456 789 
456 798 213 
789 213 654 

297 834 165 
564 921 837 
831 567 942 

378 649 521 
645 172 398 
912 385 476 
===========
123 456 789 
456 798 213 
789 213 654 

297 834 165 
564 921 837 
831 567 942 

378 642 591 
645 179 328 
912 385 476 
===========
123 456 789 
456 798 213 
789 213 654 

297 834 561 
564 971 328 
831 562 497 

378 629 145 
645 187 932 
912 345 876 
===========
123 456 789 
456 798 213 
789 213 654 

297 834 561 
564 921 378 
831 567 492 

378 649 125 
645 182 937 
912 375 846 
===========
123 456 789 
456 798 213 
789 213 654 

297 834 561 
564 971 832 
831 562 947 

378 649 125 
645 127 398 
912 385 476 
===========
123 456 789 
456 798 213 
789 213 654 

297 834 561 
564 921 837 
831 567 942 

378 649 125 
645 172 398 
912 385 476 
===========
123 456 789 
456 798 213 
789 213 654 

297 834 561 
564 921 837 
831 567 942 

378 642 195 
645 179 328 
912 385 476 
===========
123 456 789 
456 798 213 
789 213 654 

297 841 365 
564 937 128 
831 562 497 

378 625 941 
645 179 832 
912 384 576 
===========
123 456 789 
456 798 213 
789 213 654 

297 841 365 
564 937 128 
831 562 947 

378 625 491 
645 179 832 
912 384 576 
===========
123 456 789 
456 798 213 
789 213 654 

297 841 365 
564 937 128 
831 562 947 

378 624 591 
645 179 832 
912 385 476 
===========
123 456 789 
456 798 213 
789 213 654 

297 841 536 
564 932 178 
831 567 492 

378 625 941 
645 189 327 
912 374 865 
===========
123 456 789 
456 798 213 
789 213 654 

297 841 536 
564 932 178 
831 567 942 

378 625 491 
645 189 327 
912 374 865 
===========
123 456 789 
456 798 213 
789 213 654 

297 841 536 
564 932 871 
831 567 942 

378 624 195 
645 189 327 
912 375 468 
===========
123 456 789 
456 798 213 
789 213 654 

297 841 536 
564 937 128 
831 562 497 

378 625 941 
645 189 372 
912 374 865 
===========
123 456 789 
456 798 213 
789 213 654 

297 841 536 
564 937 128 
831 562 947 

378 625 491 
645 189 372 
912 374 865 
===========
123 456 789 
456 798 213 
789 213 654 

297 841 536 
564 937 821 
831 562 947 

378 624 195 
645 189 372 
912 375 468 
===========
123 456 789 
456 798 213 
789 213 654 

297 841 536 
564 932 871 
831 567 942 

378 624 195 
645 179 328 
912 385 467 
===========
123 456 789 
456 798 213 
789 213 654 

297 861 345 
564 932 178 
831 547 926 

378 625 491 
645 179 832 
912 384 567 
===========
123 456 789 
456 798 213 
789 213 654 

297 861 345 
564 932 178 
831 547 926 

378 624 591 
645 179 832 
912 385 467 
===========
123 456 789 
456 798 213 
789 213 654 

297 861 345 
564 937 128 
831 542 967 

378 625 491 
645 179 832 
912 384 576 
===========
123 456 789 
456 798 213 
789 213 654 

297 861 345 
564 937 128 
831 542 976 

378 625 491 
645 179 832 
912 384 567 
===========
123 456 789 
456 798 213 
789 213 654 

297 861 345 
564 937 128 
831 542 967 

378 624 591 
645 179 832 
912 385 476 
===========
123 456 789 
456 798 213 
789 213 654 

297 861 345 
564 937 128 
831 542 976 

378 624 591 
645 179 832 
912 385 467 
===========
123 456 789 
456 798 213 
789 213 654 

297 861 345 
564 937 128 
831 524 967 

378 642 591 
645 179 832 
912 385 476 
===========
123 456 789 
456 798 213 
789 213 654 

297 861 345 
564 937 128 
831 524 976 

378 642 591 
645 179 832 
912 385 467 
===========
123 456 789 
456 798 213 
789 213 654 

297 861 435 
564 932 178 
831 574 926 

378 629 541 
645 187 392 
912 345 867 
===========
123 456 789 
456 798 213 
789 213 654 

297 861 435 
564 932 178 
831 547 962 

378 624 591 
645 189 327 
912 375 846 
===========
123 456 789 
456 798 213 
789 213 654 

297 861 435 
564 937 128 
831 542 967 

378 624 591 
645 189 372 
912 375 846 
===========
123 456 789 
456 798 213 
789 213 654 

297 861 435 
564 937 128 
831 524 967 

378 642 591 
645 189 372 
912 375 846 
===========
123 456 789 
456 798 213 
789 213 654 

297 864 135 
564 931 827 
831 572 496 

378 625 941 
645 189 372 
912 347 568 
===========
123 456 789 
456 798 213 
789 213 654 

297 864 135 
564 931 827 
831 572 946 

378 625 491 
645 189 372 
912 347 568 
===========
123 456 789 
456 798 213 
789 213 654 

297 864 135 
564 931 872 
831 572 496 

378 625 941 
645 189 327 
912 347 568 
===========
123 456 789 
456 798 213 
789 213 654 

297 864 135 
564 931 872 
831 572 946 

378 625 491 
645 189 327 
912 347 568 
===========
123 456 789 
456 798 213 
789 213 654 

297 864 135 
564 931 827 
831 527 946 

378 642 591 
645 189 372 
912 375 468 
===========
123 456 789 
456 798 213 
789 213 654 

297 864 135 
564 931 872 
831 527 946 

378 649 521 
645 182 397 
912 375 468 
===========
123 456 789 
456 798 213 
789 213 654 

297 864 135 
564 931 872 
831 527 946 

378 642 591 
645 189 327 
912 375 468 
===========
123 456 789 
456 798 213 
789 213 654 

297 864 135 
564 931 872 
831 572 946 

378 649 521 
645 127 398 
912 385 467 
===========
123 456 789 
456 798 213 
789 213 654 

297 864 135 
564 931 872 
831 527 946 

378 649 521 
645 172 398 
912 385 467 
===========
123 456 789 
456 798 213 
789 213 654 

297 864 135 
564 931 872 
831 527 946 

378 642 591 
645 179 328 
912 385 467 
===========
123 456 789 
456 798 213 
789 213 654 

297 864 531 
564 931 827 
831 527 946 

378 642 195 
645 189 372 
912 375 468 
===========
123 456 789 
456 798 213 
789 213 654 

297 864 531 
564 931 872 
831 527 946 

378 649 125 
645 182 397 
912 375 468 
===========
123 456 789 
456 798 213 
789 213 654 

297 864 531 
564 931 872 
831 527 946 

378 642 195 
645 189 327 
912 375 468 
===========
123 456 789 
456 798 213 
789 213 654 

297 864 531 
564 931 827 
831 572 946 

378 645 192 
645 129 378 
912 387 465 
===========
123 456 789 
456 798 213 
789 213 654 

297 864 531 
564 931 872 
831 572 946 

378 649 125 
645 127 398 
912 385 467 
===========
123 456 789 
456 798 213 
789 213 654 

297 864 531 
564 931 872 
831 527 946 

378 649 125 
645 172 398 
912 385 467 
===========
123 456 789 
456 798 213 
789 213 654 

297 864 531 
564 931 872 
831 527 946 

378 642 195 
645 179 328 
912 385 467 
===========
123 456 789 
456 798 213 
789 213 654 

297 531 468 
564 872 391 
831 964 527 

378 629 145 
645 187 932 
912 345 876 
===========
123 456 789 
456 798 213 
789 213 654 

297 531 468 
564 872 931 
831 964 527 

378 629 145 
645 187 392 
912 345 876 
===========
123 456 789 
456 798 213 
789 213 654 

297 531 468 
564 827 391 
831 964 572 

378 649 125 
645 182 937 
912 375 846 
===========
123 456 789 
456 798 213 
789 213 654 

297 531 468 
564 827 931 
831 964 572 

378 649 125 
645 182 397 
912 375 846 
===========
123 456 789 
456 798 213 
789 213 654 

297 531 468 
564 827 931 
831 964 527 

378 642 195 
645 189 372 
912 375 846 
===========
123 456 789 
456 798 213 
789 213 654 

297 531 468 
564 827 931 
831 964 572 

378 642 195 
645 189 327 
912 375 846 
===========
123 456 789 
456 798 213 
789 213 654 

297 531 846 
564 827 391 
831 964 572 

378 649 125 
645 182 937 
912 375 468 
===========
123 456 789 
456 798 213 
789 213 654 

297 531 846 
564 827 931 
831 964 572 

378 649 125 
645 182 397 
912 375 468 
===========
123 456 789 
456 798 213 
789 213 654 

297 531 846 
564 827 931 
831 964 527 

378 642 195 
645 189 372 
912 375 468 
===========
123 456 789 
456 798 213 
789 213 654 

297 531 846 
564 827 931 
831 964 572 

378 642 195 
645 189 327 
912 375 468 
===========
123 456 789 
456 798 213 
789 213 654 

297 531 846 
564 872 391 
831 964 572 

378 649 125 
645 127 938 
912 385 467 
===========
123 456 789 
456 798 213 
789 213 654 

297 531 846 
564 872 931 
831 964 572 

378 649 125 
645 127 398 
912 385 467 
===========
123 456 789 
456 798 213 
789 213 654 

297 531 846 
564 872 931 
831 964 527 

378 645 192 
645 129 378 
912 387 465 
===========
123 456 789 
456 798 213 
789 213 654 

297 531 846 
564 827 391 
831 964 572 

378 649 125 
645 172 938 
912 385 467 
===========
123 456 789 
456 798 213 
789 213 654 

297 531 846 
564 827 931 
831 964 572 

378 649 125 
645 172 398 
912 385 467 
===========
123 456 789 
456 798 213 
789 213 654 

297 531 846 
564 827 931 
831 964 572 

378 642 195 
645 179 328 
912 385 467 
===========
123 456 789 
456 798 213 
789 213 654 

297 534 168 
564 821 937 
831 967 425 

378 642 591 
645 189 372 
912 375 846 
===========
123 456 789 
456 798 213 
789 213 654 

297 534 168 
564 871 392 
831 962 475 

378 645 921 
645 129 837 
912 387 546 
===========
123 456 789 
456 798 213 
789 213 654 

297 534 861 
564 871 392 
831 962 547 

378 649 125 
645 127 938 
912 385 476 
===========
123 456 789 
456 798 213 
789 213 654 

297 534 861 
564 871 932 
831 962 547 

378 649 125 
645 127 398 
912 385 476 
===========
123 456 789 
456 798 213 
789 213 654 

297 534 861 
564 821 397 
831 967 542 

378 649 125 
645 172 938 
912 385 476 
===========
123 456 789 
456 798 213 
789 213 654 

297 534 861 
564 821 937 
831 967 542 

378 649 125 
645 172 398 
912 385 476 
===========
123 456 789 
456 798 213 
789 213 654 

297 534 861 
564 821 937 
831 967 542 

378 642 195 
645 179 328 
912 385 476 
===========
123 456 789 
456 798 213 
789 213 654 

297 541 368 
564 832 197 
831 967 425 

378 625 941 
645 179 832 
912 384 576 
===========
123 456 789 
456 798 213 
789 213 654 

297 541 368 
564 837 921 
831 962 547 

378 624 195 
645 179 832 
912 385 476 
===========
123 456 789 
456 798 213 
789 213 654 

297 541 836 
564 832 197 
831 967 425 

378 625 941 
645 189 372 
912 374 568 
===========
123 456 789 
456 798 213 
789 213 654 

297 541 836 
564 832 971 
831 967 542 

378 624 195 
645 189 327 
912 375 468 
===========
123 456 789 
456 798 213 
789 213 654 

297 541 836 
564 837 192 
831 962 475 

378 625 941 
645 189 327 
912 374 568 
===========
123 456 789 
456 798 213 
789 213 654 

297 541 836 
564 837 921 
831 962 547 

378 624 195 
645 189 372 
912 375 468 
===========
123 456 789 
456 798 213 
789 213 654 

297 541 836 
564 832 971 
831 967 542 

378 624 195 
645 179 328 
912 385 467 
===========
123 456 789 
456 798 213 
789 213 654 

297 541 836 
564 837 192 
831 962 475 

378 625 941 
645 179 328 
912 384 567 
===========
123 456 789 
456 798 213 
789 213 654 

297 561 348 
564 832 971 
831 974 526 

378 645 192 
645 129 837 
912 387 465 
===========
123 456 789 
456 798 213 
789 213 654 

297 561 348 
564 832 971 
831 947 526 

378 624 195 
645 179 832 
912 385 467 
===========
123 456 789 
456 798 213 
789 213 654 

297 561 348 
564 837 921 
831 942 567 

378 624 195 
645 179 832 
912 385 476 
===========
123 456 789 
456 798 213 
789 213 654 

297 561 348 
564 837 921 
831 942 576 

378 624 195 
645 179 832 
912 385 467 
===========
123 456 789 
456 798 213 
789 213 654 

297 561 348 
564 837 921 
831 924 567 

378 642 195 
645 179 832 
912 385 476 
===========
123 456 789 
456 798 213 
789 213 654 

297 561 348 
564 837 921 
831 924 576 

378 642 195 
645 179 832 
912 385 467 
===========
123 456 789 
456 798 213 
789 213 654 

297 561 438 
564 832 197 
831 974 526 

378 625 941 
645 189 372 
912 347 865 
===========
123 456 789 
456 798 213 
789 213 654 

297 561 438 
564 832 971 
831 974 526 

378 629 145 
645 187 392 
912 345 867 
===========
123 456 789 
456 798 213 
789 213 654 

297 561 438 
564 832 197 
831 947 526 

378 625 941 
645 189 372 
912 374 865 
===========
123 456 789 
456 798 213 
789 213 654 

297 561 438 
564 832 971 
831 947 562 

378 624 195 
645 189 327 
912 375 846 
===========
123 456 789 
456 798 213 
789 213 654 

297 561 438 
564 837 192 
831 942 576 

378 625 941 
645 189 327 
912 374 865 
===========
123 456 789 
456 798 213 
789 213 654 

297 561 438 
564 837 921 
831 942 567 

378 624 195 
645 189 372 
912 375 846 
===========
123 456 789 
456 798 213 
789 213 654 

297 561 438 
564 837 921 
831 924 567 

378 642 195 
645 189 372 
912 375 846 
===========
123 456 789 
456 798 213 
789 213 654 

297 564 138 
564 831 927 
831 972 465 

378 629 541 
645 187 392 
912 345 876 
===========
123 456 789 
456 798 213 
789 213 654 

297 564 138 
564 831 927 
831 972 546 

378 625 491 
645 189 372 
912 347 865 
===========
123 456 789 
456 798 213 
789 213 654 

297 564 138 
564 831 972 
831 972 546 

378 625 491 
645 189 327 
912 347 865 
===========
123 456 789 
456 798 213 
789 213 654 

297 564 138 
564 831 927 
831 927 465 

378 642 591 
645 189 372 
912 375 846 
===========
123 456 789 
456 798 213 
789 213 654 

297 564 138 
564 831 972 
831 927 465 

378 649 521 
645 182 397 
912 375 846 
===========
123 456 789 
456 798 213 
789 213 654 

297 564 138 
564 831 972 
831 927 465 

378 642 591 
645 189 327 
912 375 846 
===========
123 456 789 
456 798 213 
789 213 654 

297 564 831 
564 831 927 
831 927 546 

378 642 195 
645 189 372 
912 375 468 
===========
123 456 789 
456 798 213 
789 213 654 

297 564 831 
564 831 972 
831 927 546 

378 649 125 
645 182 397 
912 375 468 
===========
123 456 789 
456 798 213 
789 213 654 

297 564 831 
564 831 972 
831 927 546 

378 642 195 
645 189 327 
912 375 468 
===========
123 456 789 
456 798 213 
789 213 654 

297 564 831 
564 831 927 
831 972 465 

378 645 192 
645 129 378 
912 387 546 
===========
