123 456 789 
456 897 312 
789 312 564 

297 631 845 
564 928 173 
831 745 296 

378 269 451 
645 183 927 
912 574 638 
===========
123 456 789 
456 897 312 
789 312 564 

297 631 845 
564 928 173 
831 745 926 

378 269 451 
645 183 297 
912 574 638 
===========
123 456 789 
456 897 312 
789 312 564 

297 631 845 
564 928 137 
831 745 296 

378 269 451 
645 173 928 
912 584 673 
===========
123 456 789 
456 897 312 
789 312 564 

297 631 845 
564 928 137 
831 745 926 

378 269 451 
645 173 298 
912 584 673 
===========
123 456 789 
456 897 312 
789 312 564 

297 631 845 
564 928 173 
831 745 296 

378 269 451 
645 173 928 
912 584 637 
===========
123 456 789 
456 897 312 
789 312 564 

297 631 845 
564 928 173 
831 745 926 

378 269 451 
645 173 298 
912 584 637 
===========
123 456 789 
456 897 312 
789 312 564 

297 634 851 
564 981 237 
831 725 496 

378 269 145 
645 178 923 
912 543 678 
===========
123 456 789 
456 897 312 
789 312 564 

297 634 851 
564 981 237 
831 725 496 

378 269 145 
645 173 928 
912 548 673 
===========
123 456 789 
456 897 312 
789 312 564 

297 634 851 
564 981 273 
831 725 496 

378 269 145 
645 173 928 
912 548 637 
===========
123 456 789 
456 897 312 
789 312 564 

297 635 148 
564 981 237 
831 724 695 

378 269 451 
645 178 923 
912 543 876 
===========
123 456 789 
456 897 312 
789 312 564 

297 635 841 
564 981 237 
831 724 695 

378 249 156 
645 178 923 
912 563 478 
===========
123 456 789 
456 897 312 
789 312 564 

297 635 841 
564 981 237 
831 724 695 

378 249 156 
645 173 928 
912 568 473 
===========
123 456 789 
456 897 312 
789 312 564 

297 635 841 
564 981 273 
831 724 695 

378 249 156 
645 173 928 
912 568 437 
===========
123 456 789 
456 897 312 
789 312 564 

297 638 145 
564 921 873 
831 745 296 

378 269 451 
645 183 927 
912 574 638 
===========
123 456 789 
456 897 312 
789 312 564 

297 638 145 
564 921 873 
831 745 926 

378 269 451 
645 183 297 
912 574 638 
===========
123 456 789 
456 897 312 
789 312 564 

297 638 145 
564 921 837 
831 745 296 

378 269 451 
645 173 928 
912 584 673 
===========
123 456 789 
456 897 312 
789 312 564 

297 638 145 
564 921 837 
831 745 926 

378 269 451 
645 173 298 
912 584 673 
===========
123 456 789 
456 897 312 
789 312 564 

297 638 145 
564 921 873 
831 745 296 

378 269 451 
645 173 928 
912 584 637 
===========
123 456 789 
456 897 312 
789 312 564 

297 638 145 
564 921 873 
831 745 926 

378 269 451 
645 173 298 
912 584 637 
===========
123 456 789 
456 897 312 
789 312 564 

297 638 451 
564 921 837 
831 745 926 

378 264 195 
645 189 273 
912 573 648 
===========
123 456 789 
456 897 312 
789 312 564 

297 638 451 
564 921 873 
831 745 926 

378 264 195 
645 189 237 
912 573 648 
===========
123 456 789 
456 897 312 
789 312 564 

297 638 451 
564 921 873 
831 745 296 

378 269 145 
645 183 927 
912 574 638 
===========
123 456 789 
456 897 312 
789 312 564 

297 638 451 
564 921 873 
831 745 926 

378 269 145 
645 183 297 
912 574 638 
===========
123 456 789 
456 897 312 
789 312 564 

297 638 451 
564 921 837 
831 745 296 

378 269 145 
645 173 928 
912 584 673 
===========
123 456 789 
456 897 312 
789 312 564 

297 638 451 
564 921 837 
831 745 926 

378 269 145 
645 173 298 
912 584 673 
===========
123 456 789 
456 897 312 
789 312 564 

297 638 451 
564 921 873 
831 745 926 

378 264 195 
645 179 238 
912 583 647 
===========
123 456 789 
456 897 312 
789 312 564 

297 638 451 
564 921 873 
831 745 296 

378 269 145 
645 173 928 
912 584 637 
===========
123 456 789 
456 897 312 
789 312 564 

297 638 451 
564 921 873 
831 745 926 

378 269 145 
645 173 298 
912 584 637 
===========
123 456 789 
456 897 312 
789 312 564 

297 641 835 
564 983 127 
831 725 946 

378 269 451 
645 178 293 
912 534 678 
===========
123 456 789 
456 897 312 
789 312 564 

297 641 835 
564 983 127 
831 725 496 

378 264 951 
645 139 278 
912 578 643 
===========
123 456 789 
456 897 312 
789 312 564 

297 641 835 
564 938 127 
831 725 496 

378 264 951 
645 189 273 
912 573 648 
===========
123 456 789 
456 897 312 
789 312 564 

297 641 835 
564 938 127 
831 725 946 

378 269 451 
645 173 298 
912 584 673 
===========
123 456 789 
456 897 312 
789 312 564 

297 641 853 
564 983 271 
831 725 496 

378 269 145 
645 138 927 
912 574 638 
===========
123 456 789 
456 897 312 
789 312 564 

297 641 853 
564 938 271 
831 725 496 

378 269 145 
645 183 927 
912 574 638 
===========
123 456 789 
456 897 312 
789 312 564 

297 641 853 
564 938 271 
831 725 496 

378 269 145 
645 173 928 
912 584 637 
===========
123 456 789 
456 897 312 
789 312 564 

297 643 851 
564 981 237 
831 725 496 

378 269 145 
645 178 923 
912 534 678 
===========
123 456 789 
456 897 312 
789 312 564 

297 643 851 
564 981 273 
831 725 496 

378 269 145 
645 138 927 
912 574 638 
===========
123 456 789 
456 897 312 
789 312 564 

297 648 135 
564 931 827 
831 725 496 

378 264 951 
645 189 273 
912 573 648 
===========
123 456 789 
456 897 312 
789 312 564 

297 648 135 
564 931 278 
831 725 496 

378 264 951 
645 179 823 
912 583 647 
===========
123 456 789 
456 897 312 
789 312 564 

297 648 135 
564 931 827 
831 725 946 

378 269 451 
645 173 298 
912 584 673 
===========
123 456 789 
456 897 312 
789 312 564 

297 681 435 
564 923 178 
831 745 296 

378 264 951 
645 179 823 
912 538 647 
===========
123 456 789 
456 897 312 
789 312 564 

297 681 435 
564 923 178 
831 745 296 

378 264 951 
645 139 827 
912 578 643 
===========
123 456 789 
456 897 312 
789 312 564 

297 681 453 
564 923 871 
831 745 926 

378 264 195 
645 179 238 
912 538 647 
===========
123 456 789 
456 897 312 
789 312 564 

297 681 453 
564 923 871 
831 745 296 

378 269 145 
645 138 927 
912 574 638 
===========
123 456 789 
456 897 312 
789 312 564 

297 681 453 
564 923 871 
831 745 926 

378 269 145 
645 138 297 
912 574 638 
===========
123 456 789 
456 897 312 
789 312 564 

297 683 145 
564 921 837 
831 745 296 

378 269 451 
645 178 923 
912 534 678 
===========
123 456 789 
456 897 312 
789 312 564 

297 683 145 
564 921 837 
831 745 926 

378 269 451 
645 178 293 
912 534 678 
===========
123 456 789 
456 897 312 
789 312 564 

297 683 145 
564 921 873 
831 745 296 

378 269 451 
645 138 927 
912 574 638 
===========
123 456 789 
456 897 312 
789 312 564 

297 683 145 
564 921 873 
831 745 926 

378 269 451 
645 138 297 
912 574 638 
===========
123 456 789 
456 897 312 
789 312 564 

297 683 451 
564 921 837 
831 745 296 

378 269 145 
645 178 923 
912 534 678 
===========
123 456 789 
456 897 312 
789 312 564 

297 683 451 
564 921 837 
831 745 926 

378 269 145 
645 178 293 
912 534 678 
===========
123 456 789 
456 897 312 
789 312 564 

297 683 451 
564 921 873 
831 745 926 

378 264 195 
645 179 238 
912 538 647 
===========
123 456 789 
456 897 312 
789 312 564 

297 683 451 
564 921 837 
831 745 926 

378 264 195 
645 139 278 
912 578 643 
===========
123 456 789 
456 897 312 
789 312 564 

297 683 451 
564 921 873 
831 745 296 

378 269 145 
645 138 927 
912 574 638 
===========
123 456 789 
456 897 312 
789 312 564 

297 683 451 
564 921 873 
831 745 926 

378 269 145 
645 138 297 
912 574 638 
===========
123 456 789 
456 897 312 
789 312 564 

297 684 135 
564 931 827 
831 725 946 

378 269 451 
645 178 293 
912 543 678 
===========
123 456 789 
456 897 312 
789 312 564 

297 684 135 
564 931 827 
831 725 946 

378 269 451 
645 173 298 
912 548 673 
===========
123 456 789 
456 897 312 
789 312 564 

297 684 135 
564 931 278 
831 725 496 

378 249 651 
645 178 923 
912 563 847 
===========
123 456 789 
456 897 312 
789 312 564 

297 684 135 
564 931 827 
831 725 946 

378 249 651 
645 178 293 
912 563 478 
===========
123 456 789 
456 897 312 
789 312 564 

297 684 135 
564 931 827 
831 725 946 

378 249 651 
645 173 298 
912 568 473 
===========
123 456 789 
456 897 312 
789 312 564 

297 685 431 
564 931 827 
831 724 956 

378 269 145 
645 178 293 
912 543 678 
===========
123 456 789 
456 897 312 
789 312 564 

297 685 431 
564 931 827 
831 724 956 

378 269 145 
645 173 298 
912 548 673 
===========
123 456 789 
456 897 312 
789 312 564 

297 685 431 
564 931 278 
831 724 695 

378 249 156 
645 178 923 
912 563 847 
===========
123 456 789 
456 897 312 
789 312 564 

297 631 458 
564 728 931 
831 945 627 

378 264 195 
645 189 273 
912 573 846 
===========
123 456 789 
456 897 312 
789 312 564 

297 631 458 
564 728 931 
831 945 276 

378 264 195 
645 179 823 
912 583 647 
===========
123 456 789 
456 897 312 
789 312 564 

297 631 845 
564 728 193 
831 945 276 

378 269 451 
645 183 927 
912 574 638 
===========
123 456 789 
456 897 312 
789 312 564 

297 631 845 
564 728 193 
831 945 627 

378 264 951 
645 179 238 
912 583 476 
===========
123 456 789 
456 897 312 
789 312 564 

297 631 845 
564 728 193 
831 945 276 

378 269 451 
645 173 928 
912 584 637 
===========
123 456 789 
456 897 312 
789 312 564 

297 634 851 
564 781 293 
831 925 476 

378 269 145 
645 173 928 
912 548 637 
===========
123 456 789 
456 897 312 
789 312 564 

297 634 851 
564 781 923 
831 925 476 

378 269 145 
645 173 298 
912 548 637 
===========
123 456 789 
456 897 312 
789 312 564 

297 635 841 
564 781 293 
831 924 675 

378 249 156 
645 173 928 
912 568 437 
===========
123 456 789 
456 897 312 
789 312 564 

297 635 841 
564 781 923 
831 924 675 

378 249 156 
645 173 298 
912 568 437 
===========
123 456 789 
456 897 312 
789 312 564 

297 638 145 
564 721 893 
831 945 276 

378 269 451 
645 183 927 
912 574 638 
===========
123 456 789 
456 897 312 
789 312 564 

297 638 145 
564 721 893 
831 945 627 

378 264 951 
645 179 238 
912 583 476 
===========
123 456 789 
456 897 312 
789 312 564 

297 638 145 
564 721 893 
831 945 276 

378 269 451 
645 173 928 
912 584 637 
===========
123 456 789 
456 897 312 
789 312 564 

297 638 451 
564 721 893 
831 945 276 

378 269 145 
645 183 927 
912 574 638 
===========
123 456 789 
456 897 312 
789 312 564 

297 638 451 
564 721 938 
831 945 627 

378 264 195 
645 189 273 
912 573 846 
===========
123 456 789 
456 897 312 
789 312 564 

297 638 451 
564 721 893 
831 945 276 

378 269 145 
645 173 928 
912 584 637 
===========
123 456 789 
456 897 312 
789 312 564 

297 638 451 
564 721 938 
831 945 276 

378 264 195 
645 179 823 
912 583 647 
===========
123 456 789 
456 897 312 
789 312 564 

297 641 853 
564 783 921 
831 925 476 

378 264 195 
645 179 238 
912 538 647 
===========
123 456 789 
456 897 312 
789 312 564 

297 641 853 
564 783 921 
831 925 647 

378 264 195 
645 179 238 
912 538 476 
===========
123 456 789 
456 897 312 
789 312 564 

297 641 853 
564 783 291 
831 925 476 

378 269 145 
645 138 927 
912 574 638 
===========
123 456 789 
456 897 312 
789 312 564 

297 641 853 
564 783 921 
831 925 476 

378 269 145 
645 138 297 
912 574 638 
===========
123 456 789 
456 897 312 
789 312 564 

297 641 853 
564 783 921 
831 925 647 

378 264 195 
645 139 278 
912 578 436 
===========
123 456 789 
456 897 312 
789 312 564 

297 641 853 
564 738 291 
831 925 476 

378 269 145 
645 183 927 
912 574 638 
===========
123 456 789 
456 897 312 
789 312 564 

297 641 853 
564 738 921 
831 925 476 

378 264 195 
645 189 237 
912 573 648 
===========
123 456 789 
456 897 312 
789 312 564 

297 641 853 
564 738 921 
831 925 476 

378 269 145 
645 183 297 
912 574 638 
===========
123 456 789 
456 897 312 
789 312 564 

297 641 853 
564 738 291 
831 925 476 

378 269 145 
645 173 928 
912 584 637 
===========
123 456 789 
456 897 312 
789 312 564 

297 641 853 
564 738 921 
831 925 476 

378 264 195 
645 179 238 
912 583 647 
===========
123 456 789 
456 897 312 
789 312 564 

297 641 853 
564 738 921 
831 925 647 

378 264 195 
645 179 238 
912 583 476 
===========
123 456 789 
456 897 312 
789 312 564 

297 641 853 
564 738 921 
831 925 476 

378 269 145 
645 173 298 
912 584 637 
===========
123 456 789 
456 897 312 
789 312 564 

297 643 851 
564 781 923 
831 925 476 

378 264 195 
645 179 238 
912 538 647 
===========
123 456 789 
456 897 312 
789 312 564 

297 643 851 
564 781 923 
831 925 647 

378 264 195 
645 179 238 
912 538 476 
===========
123 456 789 
456 897 312 
789 312 564 

297 643 851 
564 781 293 
831 925 476 

378 269 145 
645 138 927 
912 574 638 
===========
123 456 789 
456 897 312 
789 312 564 

297 643 851 
564 781 923 
831 925 476 

378 269 145 
645 138 297 
912 574 638 
===========
123 456 789 
456 897 312 
789 312 564 

297 643 851 
564 781 923 
831 925 647 

378 264 195 
645 139 278 
912 578 436 
===========
123 456 789 
456 897 312 
789 312 564 

297 648 135 
564 731 298 
831 925 476 

378 264 951 
645 179 823 
912 583 647 
===========
123 456 789 
456 897 312 
789 312 564 

297 648 135 
564 731 298 
831 925 647 

378 264 951 
645 179 823 
912 583 476 
===========
123 456 789 
456 897 312 
789 312 564 

297 681 435 
564 723 198 
831 945 276 

378 264 951 
645 179 823 
912 538 647 
===========
123 456 789 
456 897 312 
789 312 564 

297 681 435 
564 723 198 
831 945 276 

378 264 951 
645 139 827 
912 578 643 
===========
123 456 789 
456 897 312 
789 312 564 

297 681 453 
564 723 891 
831 945 276 

378 269 145 
645 138 927 
912 574 638 
===========
123 456 789 
456 897 312 
789 312 564 

297 683 145 
564 721 893 
831 945 627 

378 264 951 
645 179 238 
912 538 476 
===========
123 456 789 
456 897 312 
789 312 564 

297 683 145 
564 721 938 
831 945 627 

378 269 451 
645 178 293 
912 534 876 
===========
123 456 789 
456 897 312 
789 312 564 

297 683 145 
564 721 893 
831 945 276 

378 269 451 
645 138 927 
912 574 638 
===========
123 456 789 
456 897 312 
789 312 564 

297 683 145 
564 721 893 
831 945 627 

378 264 951 
645 139 278 
912 578 436 
===========
123 456 789 
456 897 312 
789 312 564 

297 683 451 
564 721 938 
831 945 627 

378 269 145 
645 178 293 
912 534 876 
===========
123 456 789 
456 897 312 
789 312 564 

297 683 451 
564 721 938 
831 945 276 

378 264 195 
645 179 823 
912 538 647 
===========
123 456 789 
456 897 312 
789 312 564 

297 683 451 
564 721 893 
831 945 276 

378 269 145 
645 138 927 
912 574 638 
===========
123 456 789 
456 897 312 
789 312 564 

297 683 451 
564 721 938 
831 945 276 

378 264 195 
645 139 827 
912 578 643 
===========
123 456 789 
456 897 312 
789 312 564 

297 684 135 
564 731 298 
831 925 647 

378 269 451 
645 178 923 
912 543 876 
===========
123 456 789 
456 897 312 
789 312 564 

297 684 135 
564 731 928 
831 925 647 

378 269 451 
645 178 293 
912 543 876 
===========
123 456 789 
456 897 312 
789 312 564 

297 684 135 
564 731 298 
831 925 476 

378 249 651 
645 178 923 
912 563 847 
===========
123 456 789 
456 897 312 
789 312 564 

297 684 135 
564 731 928 
831 925 476 

378 249 651 
645 178 293 
912 563 847 
===========
123 456 789 
456 897 312 
789 312 564 

297 685 431 
564 731 298 
831 924 657 

378 269 145 
645 178 923 
912 543 876 
===========
123 456 789 
456 897 312 
789 312 564 

297 685 431 
564 731 928 
831 924 657 

378 269 145 
645 178 293 
912 543 876 
===========
123 456 789 
456 897 312 
789 312 564 

297 685 431 
564 731 298 
831 924 675 

378 249 156 
645 178 923 
912 563 847 
===========
123 456 789 
456 897 312 
789 312 564 

297 685 431 
564 731 928 
831 924 675 

378 249 156 
645 178 293 
912 563 847 
===========
123 456 789 
456 897 312 
789 312 564 

297 631 458 
564 789 231 
831 245 697 

378 964 125 
645 128 973 
912 573 846 
===========
123 456 789 
456 897 312 
789 312 564 

297 631 458 
564 789 231 
831 245 976 

378 964 125 
645 123 897 
912 578 643 
===========
123 456 789 
456 897 312 
789 312 564 

297 631 845 
564 789 123 
831 245 976 

378 924 651 
645 173 298 
912 568 437 
===========
123 456 789 
456 897 312 
789 312 564 

297 631 845 
564 789 231 
831 245 697 

378 924 156 
645 178 923 
912 563 478 
===========
123 456 789 
456 897 312 
789 312 564 

297 631 845 
564 789 231 
831 245 697 

378 924 156 
645 173 928 
912 568 473 
===========
123 456 789 
456 897 312 
789 312 564 

297 631 845 
564 789 123 
831 245 697 

378 964 251 
645 123 978 
912 578 436 
===========
123 456 789 
456 897 312 
789 312 564 

297 635 148 
564 781 923 
831 249 675 

378 964 251 
645 123 897 
912 578 436 
===========
123 456 789 
456 897 312 
789 312 564 

297 635 841 
564 781 293 
831 249 675 

378 924 156 
645 173 928 
912 568 437 
===========
123 456 789 
456 897 312 
789 312 564 

297 635 841 
564 781 923 
831 249 675 

378 924 156 
645 173 298 
912 568 437 
===========
123 456 789 
456 897 312 
789 312 564 

297 635 841 
564 781 293 
831 249 657 

378 964 125 
645 123 978 
912 578 436 
===========
123 456 789 
456 897 312 
789 312 564 

297 681 435 
564 739 128 
831 245 976 

378 924 651 
645 178 293 
912 563 847 
===========
123 456 789 
456 897 312 
789 312 564 

297 681 435 
564 739 128 
831 245 697 

378 964 251 
645 128 973 
912 573 846 
===========
123 456 789 
456 897 312 
789 312 564 

297 681 435 
564 739 128 
831 245 976 

378 964 251 
645 123 897 
912 578 643 
===========
123 456 789 
456 897 312 
789 312 564 

297 685 143 
564 731 928 
831 249 675 

378 964 251 
645 123 897 
912 578 436 
===========
123 456 789 
456 897 312 
789 312 564 

297 685 431 
564 731 298 
831 249 675 

378 924 156 
645 178 923 
912 563 847 
===========
123 456 789 
456 897 312 
789 312 564 

297 685 431 
564 731 928 
831 249 675 

378 924 156 
645 178 293 
912 563 847 
===========
123 456 789 
456 897 312 
789 312 564 

297 685 431 
564 731 298 
831 249 657 

378 964 125 
645 128 973 
912 573 846 
===========
123 456 789 
456 897 312 
789 312 564 

297 631 845 
564 289 137 
831 745 296 

378 924 651 
645 178 923 
912 563 478 
===========
123 456 789 
456 897 312 
789 312 564 

297 631 845 
564 289 137 
831 745 926 

378 924 651 
645 178 293 
912 563 478 
===========
123 456 789 
456 897 312 
789 312 564 

297 631 845 
564 289 137 
831 745 296 

378 924 651 
645 173 928 
912 568 473 
===========
123 456 789 
456 897 312 
789 312 564 

297 631 845 
564 289 137 
831 745 926 

378 924 651 
645 173 298 
912 568 473 
===========
123 456 789 
456 897 312 
789 312 564 

297 631 845 
564 289 173 
831 745 296 

378 924 651 
645 173 928 
912 568 437 
===========
123 456 789 
456 897 312 
789 312 564 

297 631 845 
564 289 173 
831 745 926 

378 924 651 
645 173 298 
912 568 437 
===========
123 456 789 
456 897 312 
789 312 564 

297 635 148 
564 281 973 
831 749 625 

378 964 251 
645 123 897 
912 578 436 
===========
123 456 789 
456 897 312 
789 312 564 

297 635 841 
564 281 937 
831 749 625 

378 924 156 
645 178 293 
912 563 478 
===========
123 456 789 
456 897 312 
789 312 564 

297 635 841 
564 281 937 
831 749 625 

378 924 156 
645 173 298 
912 568 473 
===========
123 456 789 
456 897 312 
789 312 564 

297 635 841 
564 281 973 
831 749 625 

378 924 156 
645 173 298 
912 568 437 
===========
123 456 789 
456 897 312 
789 312 564 

297 681 435 
564 239 178 
831 745 296 

378 924 651 
645 178 923 
912 563 847 
===========
123 456 789 
456 897 312 
789 312 564 

297 681 435 
564 239 178 
831 745 926 

378 924 651 
645 178 293 
912 563 847 
===========
123 456 789 
456 897 312 
789 312 564 

297 681 435 
564 239 178 
831 745 926 

378 964 251 
645 123 897 
912 578 643 
===========
123 456 789 
456 897 312 
789 312 564 

297 681 453 
564 239 871 
831 745 296 

378 964 125 
645 128 937 
912 573 648 
===========
123 456 789 
456 897 312 
789 312 564 

297 685 143 
564 231 897 
831 749 625 

378 964 251 
645 123 978 
912 578 436 
===========
123 456 789 
456 897 312 
789 312 564 

297 685 143 
564 231 978 
831 749 625 

378 964 251 
645 123 897 
912 578 436 
===========
123 456 789 
456 897 312 
789 312 564 

297 685 431 
564 231 978 
831 749 625 

378 924 156 
645 178 293 
912 563 847 
===========
123 456 789 
456 897 312 
789 312 564 

297 685 431 
564 231 897 
831 749 256 

378 964 125 
645 128 973 
912 573 648 
===========
123 456 789 
456 897 312 
789 312 564 

297 685 431 
564 231 897 
831 749 256 

378 964 125 
645 123 978 
912 578 643 
===========
123 456 789 
456 897 312 
789 312 564 

297 685 431 
564 231 978 
831 749 256 

378 964 125 
645 123 897 
912 578 643 
===========
123 456 789 
456 897 312 
789 312 564 

297 631 458 
564 928 137 
831 745 926 

378 169 245 
645 273 891 
912 584 673 
===========
123 456 789 
456 897 312 
789 312 564 

297 631 458 
564 928 173 
831 745 296 

378 164 925 
645 279 831 
912 583 647 
===========
123 456 789 
456 897 312 
789 312 564 

297 631 458 
564 928 173 
831 745 926 

378 164 295 
645 279 831 
912 583 647 
===========
123 456 789 
456 897 312 
789 312 564 

297 631 458 
564 928 173 
831 745 926 

378 169 245 
645 273 891 
912 584 637 
===========
123 456 789 
456 897 312 
789 312 564 

297 634 158 
564 981 237 
831 725 946 

378 169 425 
645 273 891 
912 548 673 
===========
123 456 789 
456 897 312 
789 312 564 

297 634 158 
564 981 273 
831 725 946 

378 169 425 
645 273 891 
912 548 637 
===========
123 456 789 
456 897 312 
789 312 564 

297 634 158 
564 981 237 
831 725 946 

378 149 625 
645 273 891 
912 568 473 
===========
123 456 789 
456 897 312 
789 312 564 

297 634 158 
564 981 273 
831 725 496 

378 149 625 
645 278 931 
912 563 847 
===========
123 456 789 
456 897 312 
789 312 564 

297 634 158 
564 981 273 
831 725 946 

378 149 625 
645 273 891 
912 568 437 
===========
123 456 789 
456 897 312 
789 312 564 

297 634 851 
564 981 237 
831 725 946 

378 169 425 
645 278 193 
912 543 678 
===========
123 456 789 
456 897 312 
789 312 564 

297 634 851 
564 981 237 
831 725 946 

378 169 425 
645 273 198 
912 548 673 
===========
123 456 789 
456 897 312 
789 312 564 

297 634 851 
564 981 273 
831 725 946 

378 169 425 
645 273 198 
912 548 637 
===========
123 456 789 
456 897 312 
789 312 564 

297 634 851 
564 981 237 
831 725 946 

378 149 625 
645 278 193 
912 563 478 
===========
123 456 789 
456 897 312 
789 312 564 

297 634 851 
564 981 237 
831 725 946 

378 149 625 
645 273 198 
912 568 473 
===========
123 456 789 
456 897 312 
789 312 564 

297 634 851 
564 981 273 
831 725 946 

378 149 625 
645 273 198 
912 568 437 
===========
123 456 789 
456 897 312 
789 312 564 

297 635 148 
564 981 237 
831 724 956 

378 169 425 
645 273 891 
912 548 673 
===========
123 456 789 
456 897 312 
789 312 564 

297 635 148 
564 981 273 
831 724 956 

378 169 425 
645 273 891 
912 548 637 
===========
123 456 789 
456 897 312 
789 312 564 

297 635 148 
564 981 237 
831 724 956 

378 149 625 
645 273 891 
912 568 473 
===========
123 456 789 
456 897 312 
789 312 564 

297 635 148 
564 981 273 
831 724 956 

378 149 625 
645 273 891 
912 568 437 
===========
123 456 789 
456 897 312 
789 312 564 

297 635 841 
564 981 237 
831 724 956 

378 169 425 
645 278 193 
912 543 678 
===========
123 456 789 
456 897 312 
789 312 564 

297 635 841 
564 981 237 
831 724 956 

378 169 425 
645 273 198 
912 548 673 
===========
123 456 789 
456 897 312 
789 312 564 

297 635 841 
564 981 273 
831 724 956 

378 169 425 
645 273 198 
912 548 637 
===========
123 456 789 
456 897 312 
789 312 564 

297 635 841 
564 981 237 
831 724 956 

378 149 625 
645 278 193 
912 563 478 
===========
123 456 789 
456 897 312 
789 312 564 

297 635 841 
564 981 237 
831 724 956 

378 149 625 
645 273 198 
912 568 473 
===========
123 456 789 
456 897 312 
789 312 564 

297 635 841 
564 981 273 
831 724 956 

378 149 625 
645 273 198 
912 568 437 
===========
123 456 789 
456 897 312 
789 312 564 

297 638 451 
564 921 837 
831 745 296 

378 164 925 
645 289 173 
912 573 648 
===========
123 456 789 
456 897 312 
789 312 564 

297 638 451 
564 921 837 
831 745 926 

378 164 295 
645 289 173 
912 573 648 
===========
123 456 789 
456 897 312 
789 312 564 

297 638 451 
564 921 873 
831 745 296 

378 164 925 
645 289 137 
912 573 648 
===========
123 456 789 
456 897 312 
789 312 564 

297 638 451 
564 921 873 
831 745 926 

378 164 295 
645 289 137 
912 573 648 
===========
123 456 789 
456 897 312 
789 312 564 

297 638 451 
564 921 873 
831 745 926 

378 169 245 
645 283 197 
912 574 638 
===========
123 456 789 
456 897 312 
789 312 564 

297 638 451 
564 921 837 
831 745 926 

378 169 245 
645 273 198 
912 584 673 
===========
123 456 789 
456 897 312 
789 312 564 

297 638 451 
564 921 873 
831 745 296 

378 164 925 
645 279 138 
912 583 647 
===========
123 456 789 
456 897 312 
789 312 564 

297 638 451 
564 921 873 
831 745 926 

378 164 295 
645 279 138 
912 583 647 
===========
123 456 789 
456 897 312 
789 312 564 

297 638 451 
564 921 873 
831 745 926 

378 169 245 
645 273 198 
912 584 637 
===========
123 456 789 
456 897 312 
789 312 564 

297 641 853 
564 983 127 
831 725 496 

378 169 245 
645 278 931 
912 534 678 
===========
123 456 789 
456 897 312 
789 312 564 

297 641 853 
564 983 271 
831 725 496 

378 164 925 
645 279 138 
912 538 647 
===========
123 456 789 
456 897 312 
789 312 564 

297 641 853 
564 983 127 
831 725 496 

378 169 245 
645 238 971 
912 574 638 
===========
123 456 789 
456 897 312 
789 312 564 

297 641 853 
564 983 271 
831 725 946 

378 169 425 
645 238 197 
912 574 638 
===========
123 456 789 
456 897 312 
789 312 564 

297 641 853 
564 938 127 
831 725 496 

378 169 245 
645 283 971 
912 574 638 
===========
123 456 789 
456 897 312 
789 312 564 

297 641 853 
564 938 271 
831 725 496 

378 164 925 
645 289 137 
912 573 648 
===========
123 456 789 
456 897 312 
789 312 564 

297 641 853 
564 938 271 
831 725 946 

378 169 425 
645 283 197 
912 574 638 
===========
123 456 789 
456 897 312 
789 312 564 

297 641 853 
564 938 271 
831 725 496 

378 164 925 
645 279 138 
912 583 647 
===========
123 456 789 
456 897 312 
789 312 564 

297 641 853 
564 938 271 
831 725 946 

378 169 425 
645 273 198 
912 584 637 
===========
123 456 789 
456 897 312 
789 312 564 

297 643 158 
564 981 273 
831 725 496 

378 164 925 
645 279 831 
912 538 647 
===========
123 456 789 
456 897 312 
789 312 564 

297 643 158 
564 981 237 
831 725 496 

378 164 925 
645 239 871 
912 578 643 
===========
123 456 789 
456 897 312 
789 312 564 

297 643 851 
564 981 237 
831 725 946 

378 169 425 
645 278 193 
912 534 678 
===========
123 456 789 
456 897 312 
789 312 564 

297 643 851 
564 981 273 
831 725 496 

378 164 925 
645 279 138 
912 538 647 
===========
