123 457 689 
456 189 237 
789 263 145 

297 814 563 
564 932 871 
831 675 924 

378 596 412 
645 721 398 
912 348 756 
===========
123 457 689 
456 189 237 
789 263 145 

297 814 563 
564 932 871 
831 675 924 

378 521 496 
645 798 312 
912 346 758 
===========
123 457 689 
456 189 237 
789 263 145 

297 814 563 
564 932 871 
831 675 492 

378 526 914 
645 791 328 
912 348 756 
===========
123 457 689 
456 189 237 
789 263 145 

297 815 364 
564 932 718 
831 674 952 

378 596 421 
645 721 893 
912 348 576 
===========
123 457 689 
456 189 237 
789 263 145 

297 815 364 
564 932 871 
831 674 592 

378 591 426 
645 728 913 
912 346 758 
===========
123 457 689 
456 189 237 
789 263 145 

297 815 364 
564 932 718 
831 674 952 

378 526 491 
645 791 823 
912 348 576 
===========
123 457 689 
456 189 237 
789 263 145 

297 815 463 
564 932 871 
831 674 592 

378 526 914 
645 791 328 
912 348 756 
===========
123 457 689 
456 189 237 
789 263 145 

297 834 516 
564 971 823 
831 625 974 

378 592 461 
645 718 392 
912 346 758 
===========
123 457 689 
456 189 237 
789 263 145 

297 834 516 
564 921 873 
831 675 924 

378 592 461 
645 718 392 
912 346 758 
===========
123 457 689 
456 189 237 
789 263 145 

297 834 516 
564 912 873 
831 675 924 

378 591 462 
645 728 391 
912 346 758 
===========
123 457 689 
456 189 237 
789 263 145 

297 834 516 
564 921 873 
831 675 492 

378 512 964 
645 798 321 
912 346 758 
===========
123 457 689 
456 189 237 
789 263 145 

297 834 516 
564 912 873 
831 675 492 

378 521 964 
645 798 321 
912 346 758 
===========
123 457 689 
456 189 237 
789 263 145 

297 834 561 
564 971 328 
831 625 974 

378 596 412 
645 712 893 
912 348 756 
===========
123 457 689 
456 189 237 
789 263 145 

297 834 561 
564 971 823 
831 625 974 

378 592 416 
645 718 392 
912 346 758 
===========
123 457 689 
456 189 237 
789 263 145 

297 834 561 
564 971 823 
831 625 974 

378 596 412 
645 712 398 
912 348 756 
===========
123 457 689 
456 189 237 
789 263 145 

297 834 561 
564 921 378 
831 675 924 

378 596 412 
645 712 893 
912 348 756 
===========
123 457 689 
456 189 237 
789 263 145 

297 834 561 
564 921 873 
831 675 924 

378 592 416 
645 718 392 
912 346 758 
===========
123 457 689 
456 189 237 
789 263 145 

297 834 561 
564 921 873 
831 675 924 

378 596 412 
645 712 398 
912 348 756 
===========
123 457 689 
456 189 237 
789 263 145 

297 834 561 
564 912 378 
831 675 924 

378 596 412 
645 721 893 
912 348 756 
===========
123 457 689 
456 189 237 
789 263 145 

297 834 561 
564 912 873 
831 675 924 

378 596 412 
645 721 398 
912 348 756 
===========
123 457 689 
456 189 237 
789 263 145 

297 834 561 
564 971 328 
831 625 974 

378 516 492 
645 792 813 
912 348 756 
===========
123 457 689 
456 189 237 
789 263 145 

297 834 561 
564 971 823 
831 625 974 

378 512 496 
645 798 312 
912 346 758 
===========
123 457 689 
456 189 237 
789 263 145 

297 834 561 
564 971 823 
831 625 974 

378 516 492 
645 792 318 
912 348 756 
===========
123 457 689 
456 189 237 
789 263 145 

297 834 561 
564 921 378 
831 675 492 

378 516 924 
645 792 813 
912 348 756 
===========
123 457 689 
456 189 237 
789 263 145 

297 834 561 
564 921 378 
831 675 924 

378 516 492 
645 792 813 
912 348 756 
===========
123 457 689 
456 189 237 
789 263 145 

297 834 561 
564 921 873 
831 675 924 

378 512 496 
645 798 312 
912 346 758 
===========
123 457 689 
456 189 237 
789 263 145 

297 834 561 
564 921 873 
831 675 492 

378 516 924 
645 792 318 
912 348 756 
===========
123 457 689 
456 189 237 
789 263 145 

297 834 561 
564 921 873 
831 675 924 

378 516 492 
645 792 318 
912 348 756 
===========
123 457 689 
456 189 237 
789 263 145 

297 834 561 
564 912 378 
831 675 492 

378 526 914 
645 791 823 
912 348 756 
===========
123 457 689 
456 189 237 
789 263 145 

297 834 561 
564 912 873 
831 675 924 

378 521 496 
645 798 312 
912 346 758 
===========
123 457 689 
456 189 237 
789 263 145 

297 834 561 
564 912 873 
831 675 492 

378 526 914 
645 791 328 
912 348 756 
===========
123 457 689 
456 189 237 
789 263 145 

297 835 416 
564 921 873 
831 674 592 

378 512 964 
645 798 321 
912 346 758 
===========
123 457 689 
456 189 237 
789 263 145 

297 835 416 
564 912 873 
831 674 592 

378 521 964 
645 798 321 
912 346 758 
===========
123 457 689 
456 189 237 
789 263 145 

297 835 461 
564 921 378 
831 674 592 

378 516 924 
645 792 813 
912 348 756 
===========
123 457 689 
456 189 237 
789 263 145 

297 835 461 
564 921 873 
831 674 592 

378 516 924 
645 792 318 
912 348 756 
===========
123 457 689 
456 189 237 
789 263 145 

297 835 461 
564 912 378 
831 674 592 

378 526 914 
645 791 823 
912 348 756 
===========
123 457 689 
456 189 237 
789 263 145 

297 835 461 
564 912 873 
831 674 592 

378 526 914 
645 791 328 
912 348 756 
===========
123 457 689 
456 189 237 
789 263 145 

297 614 358 
564 832 791 
831 975 462 

378 526 914 
645 791 823 
912 348 576 
===========
123 457 689 
456 189 237 
789 263 145 

297 614 853 
564 832 791 
831 975 426 

378 521 964 
645 798 312 
912 346 578 
===========
123 457 689 
456 189 237 
789 263 145 

297 614 853 
564 832 791 
831 975 462 

378 526 914 
645 791 328 
912 348 576 
===========
123 457 689 
456 189 237 
789 263 145 

297 634 851 
564 871 392 
831 925 764 

378 592 416 
645 718 923 
912 346 578 
===========
123 457 689 
456 189 237 
789 263 145 

297 634 851 
564 871 923 
831 925 764 

378 592 416 
645 718 392 
912 346 578 
===========
123 457 689 
456 189 237 
789 263 145 

297 634 851 
564 871 923 
831 925 764 

378 596 412 
645 712 398 
912 348 576 
===========
123 457 689 
456 189 237 
789 263 145 

297 634 851 
564 871 923 
831 925 764 

378 512 496 
645 798 312 
912 346 578 
===========
123 457 689 
456 189 237 
789 263 145 

297 634 851 
564 871 923 
831 925 764 

378 516 492 
645 792 318 
912 348 576 
===========
123 457 689 
456 189 237 
789 263 145 

297 634 851 
564 821 793 
831 975 426 

378 512 964 
645 798 312 
912 346 578 
===========
123 457 689 
456 189 237 
789 263 145 

297 634 851 
564 821 793 
831 975 462 

378 516 924 
645 792 318 
912 348 576 
===========
123 457 689 
456 189 237 
789 263 145 

297 634 851 
564 812 793 
831 975 426 

378 521 964 
645 798 312 
912 346 578 
===========
123 457 689 
456 189 237 
789 263 145 

297 634 851 
564 812 793 
831 975 462 

378 526 914 
645 791 328 
912 348 576 
===========
123 457 689 
456 189 237 
789 263 145 

297 635 814 
564 871 392 
831 924 576 

378 592 461 
645 718 923 
912 346 758 
===========
123 457 689 
456 189 237 
789 263 145 

297 635 814 
564 871 392 
831 924 756 

378 592 461 
645 718 923 
912 346 578 
===========
123 457 689 
456 189 237 
789 263 145 

297 635 814 
564 871 923 
831 924 576 

378 592 461 
645 718 392 
912 346 758 
===========
123 457 689 
456 189 237 
789 263 145 

297 635 814 
564 871 923 
831 924 756 

378 592 461 
645 718 392 
912 346 578 
===========
123 457 689 
456 189 237 
789 263 145 

297 635 814 
564 821 973 
831 974 526 

378 592 461 
645 718 392 
912 346 758 
===========
123 457 689 
456 189 237 
789 263 145 

297 635 814 
564 821 973 
831 974 562 

378 596 421 
645 712 398 
912 348 756 
===========
123 457 689 
456 189 237 
789 263 145 

297 635 814 
564 812 973 
831 974 526 

378 591 462 
645 728 391 
912 346 758 
===========
123 457 689 
456 189 237 
789 263 145 

297 635 814 
564 812 973 
831 974 562 

378 591 426 
645 728 391 
912 346 758 
===========
123 457 689 
456 189 237 
789 263 145 

297 635 814 
564 812 973 
831 974 562 

378 596 421 
645 721 398 
912 348 756 
===========
123 457 689 
456 189 237 
789 263 145 

297 635 814 
564 821 973 
831 974 562 

378 512 496 
645 798 321 
912 346 758 
===========
123 457 689 
456 189 237 
789 263 145 

297 635 814 
564 812 973 
831 974 562 

378 521 496 
645 798 321 
912 346 758 
===========
123 457 689 
456 189 237 
789 263 145 

297 635 814 
564 812 973 
831 974 562 

378 526 491 
645 791 328 
912 348 756 
===========
123 457 689 
456 189 237 
789 263 145 

297 814 356 
564 932 871 
831 576 492 

378 691 524 
645 728 913 
912 345 768 
===========
123 457 689 
456 189 237 
789 263 145 

297 814 563 
564 932 718 
831 576 924 

378 691 452 
645 728 391 
912 345 876 
===========
123 457 689 
456 189 237 
789 263 145 

297 814 563 
564 932 871 
831 576 924 

378 695 412 
645 721 398 
912 348 756 
===========
123 457 689 
456 189 237 
789 263 145 

297 814 563 
564 932 718 
831 576 492 

378 621 954 
645 798 321 
912 345 876 
===========
123 457 689 
456 189 237 
789 263 145 

297 814 563 
564 932 871 
831 576 492 

378 625 914 
645 791 328 
912 348 756 
===========
123 457 689 
456 189 237 
789 263 145 

297 816 354 
564 932 718 
831 574 962 

378 695 421 
645 721 893 
912 348 576 
===========
123 457 689 
456 189 237 
789 263 145 

297 816 354 
564 932 718 
831 574 962 

378 625 491 
645 791 823 
912 348 576 
===========
123 457 689 
456 189 237 
789 263 145 

297 816 453 
564 932 718 
831 574 962 

378 691 524 
645 728 391 
912 345 876 
===========
123 457 689 
456 189 237 
789 263 145 

297 816 453 
564 932 718 
831 574 962 

378 621 594 
645 798 321 
912 345 876 
===========
123 457 689 
456 189 237 
789 263 145 

297 816 453 
564 932 871 
831 574 926 

378 621 594 
645 798 312 
912 345 768 
===========
123 457 689 
456 189 237 
789 263 145 

297 834 516 
564 971 823 
831 526 974 

378 692 451 
645 718 392 
912 345 768 
===========
123 457 689 
456 189 237 
789 263 145 

297 834 516 
564 921 873 
831 576 924 

378 692 451 
645 718 392 
912 345 768 
===========
123 457 689 
456 189 237 
789 263 145 

297 834 516 
564 912 873 
831 576 924 

378 691 452 
645 728 391 
912 345 768 
===========
123 457 689 
456 189 237 
789 263 145 

297 834 516 
564 921 873 
831 576 492 

378 612 954 
645 798 321 
912 345 768 
===========
123 457 689 
456 189 237 
789 263 145 

297 834 516 
564 912 873 
831 576 492 

378 621 954 
645 798 321 
912 345 768 
===========
123 457 689 
456 189 237 
789 263 145 

297 834 561 
564 971 328 
831 526 974 

378 695 412 
645 712 893 
912 348 756 
===========
123 457 689 
456 189 237 
789 263 145 

297 834 561 
564 971 823 
831 526 974 

378 695 412 
645 712 398 
912 348 756 
===========
123 457 689 
456 189 237 
789 263 145 

297 834 561 
564 921 378 
831 576 924 

378 695 412 
645 712 893 
912 348 756 
===========
123 457 689 
456 189 237 
789 263 145 

297 834 561 
564 921 873 
831 576 924 

378 695 412 
645 712 398 
912 348 756 
===========
123 457 689 
456 189 237 
789 263 145 

297 834 561 
564 912 378 
831 576 924 

378 695 412 
645 721 893 
912 348 756 
===========
123 457 689 
456 189 237 
789 263 145 

297 834 561 
564 912 873 
831 576 924 

378 695 412 
645 721 398 
912 348 756 
===========
123 457 689 
456 189 237 
789 263 145 

297 834 561 
564 971 328 
831 526 974 

378 615 492 
645 792 813 
912 348 756 
===========
123 457 689 
456 189 237 
789 263 145 

297 834 561 
564 971 823 
831 526 974 

378 615 492 
645 792 318 
912 348 756 
===========
123 457 689 
456 189 237 
789 263 145 

297 834 561 
564 921 378 
831 576 492 

378 615 924 
645 792 813 
912 348 756 
===========
123 457 689 
456 189 237 
789 263 145 

297 834 561 
564 921 378 
831 576 924 

378 615 492 
645 792 813 
912 348 756 
===========
123 457 689 
456 189 237 
789 263 145 

297 834 561 
564 921 873 
831 576 492 

378 615 924 
645 792 318 
912 348 756 
===========
123 457 689 
456 189 237 
789 263 145 

297 834 561 
564 921 873 
831 576 924 

378 615 492 
645 792 318 
912 348 756 
===========
123 457 689 
456 189 237 
789 263 145 

297 834 561 
564 912 378 
831 576 492 

378 625 914 
645 791 823 
912 348 756 
===========
123 457 689 
456 189 237 
789 263 145 

297 834 561 
564 912 873 
831 576 492 

378 625 914 
645 791 328 
912 348 756 
===========
123 457 689 
456 189 237 
789 263 145 

297 836 451 
564 971 823 
831 524 976 

378 692 514 
645 718 392 
912 345 768 
===========
123 457 689 
456 189 237 
789 263 145 

297 836 451 
564 921 873 
831 574 926 

378 692 514 
645 718 392 
912 345 768 
===========
123 457 689 
456 189 237 
789 263 145 

297 836 451 
564 971 823 
831 524 976 

378 612 594 
645 798 312 
912 345 768 
===========
123 457 689 
456 189 237 
789 263 145 

297 836 451 
564 921 873 
831 574 926 

378 612 594 
645 798 312 
912 345 768 
===========
123 457 689 
456 189 237 
789 263 145 

297 836 451 
564 912 873 
831 574 926 

378 621 594 
645 798 312 
912 345 768 
===========
123 457 689 
456 189 237 
789 263 145 

297 836 514 
564 971 823 
831 524 976 

378 692 451 
645 718 392 
912 345 768 
===========
123 457 689 
456 189 237 
789 263 145 

297 836 514 
564 921 378 
831 574 962 

378 695 421 
645 712 893 
912 348 756 
===========
123 457 689 
456 189 237 
789 263 145 

297 836 514 
564 921 873 
831 574 926 

378 692 451 
645 718 392 
912 345 768 
===========
123 457 689 
456 189 237 
789 263 145 

297 836 514 
564 921 873 
831 574 962 

378 695 421 
645 712 398 
912 348 756 
===========
123 457 689 
456 189 237 
789 263 145 

297 836 514 
564 912 378 
831 574 962 

378 695 421 
645 721 893 
912 348 756 
===========
123 457 689 
456 189 237 
789 263 145 

297 836 514 
564 912 873 
831 574 926 

378 691 452 
645 728 391 
912 345 768 
===========
123 457 689 
456 189 237 
789 263 145 

297 836 514 
564 912 873 
831 574 962 

378 695 421 
645 721 398 
912 348 756 
===========
123 457 689 
456 189 237 
789 263 145 

297 836 514 
564 912 378 
831 574 962 

378 625 491 
645 791 823 
912 348 756 
===========
123 457 689 
456 189 237 
789 263 145 

297 836 514 
564 912 873 
831 574 962 

378 625 491 
645 791 328 
912 348 756 
===========
123 457 689 
456 189 237 
789 263 145 

297 514 368 
564 832 791 
831 976 452 

378 691 524 
645 728 913 
912 345 876 
===========
123 457 689 
456 189 237 
789 263 145 

297 514 368 
564 832 791 
831 976 524 

378 691 452 
645 728 913 
912 345 876 
===========
123 457 689 
456 189 237 
789 263 145 

297 514 368 
564 832 971 
831 976 524 

378 695 412 
645 721 893 
912 348 756 
===========
123 457 689 
456 189 237 
789 263 145 

297 514 368 
564 832 791 
831 976 452 

378 625 914 
645 791 823 
912 348 576 
===========
123 457 689 
456 189 237 
789 263 145 

297 514 863 
564 832 971 
831 976 524 

378 695 412 
645 721 398 
912 348 756 
===========
123 457 689 
456 189 237 
789 263 145 

297 514 863 
564 832 791 
831 976 452 

378 625 914 
645 791 328 
912 348 576 
===========
123 457 689 
456 189 237 
789 263 145 

297 534 816 
564 871 392 
831 926 574 

378 692 451 
645 718 923 
912 345 768 
===========
123 457 689 
456 189 237 
789 263 145 

297 534 816 
564 871 923 
831 926 574 

378 692 451 
645 718 392 
912 345 768 
===========
123 457 689 
456 189 237 
789 263 145 

297 534 816 
564 821 973 
831 976 524 

378 692 451 
645 718 392 
912 345 768 
===========
123 457 689 
456 189 237 
789 263 145 

297 534 816 
564 812 973 
831 976 452 

378 691 524 
645 728 391 
912 345 768 
===========
123 457 689 
456 189 237 
789 263 145 

297 534 816 
564 812 973 
831 976 524 

378 691 452 
645 728 391 
912 345 768 
===========
123 457 689 
456 189 237 
789 263 145 

297 534 816 
564 821 973 
831 976 452 

378 612 594 
645 798 321 
912 345 768 
===========
123 457 689 
456 189 237 
789 263 145 

297 534 816 
564 812 973 
831 976 452 

378 621 594 
645 798 321 
912 345 768 
===========
123 457 689 
456 189 237 
789 263 145 

297 534 861 
564 871 923 
831 926 574 

378 695 412 
645 712 398 
912 348 756 
===========
123 457 689 
456 189 237 
789 263 145 

297 534 861 
564 871 923 
831 926 754 

378 695 412 
645 712 398 
912 348 576 
===========
123 457 689 
456 189 237 
789 263 145 

297 534 861 
564 821 973 
831 976 524 

378 695 412 
645 712 398 
912 348 756 
===========
123 457 689 
456 189 237 
789 263 145 

297 534 861 
564 812 973 
831 976 524 

378 695 412 
645 721 398 
912 348 756 
===========
123 457 689 
456 189 237 
789 263 145 

297 534 861 
564 871 923 
831 926 574 

378 615 492 
645 792 318 
912 348 756 
===========
123 457 689 
456 189 237 
789 263 145 

297 534 861 
564 871 923 
831 926 754 

378 615 492 
645 792 318 
912 348 576 
===========
123 457 689 
456 189 237 
789 263 145 

297 534 861 
564 821 793 
831 976 452 

378 615 924 
645 792 318 
912 348 576 
===========
123 457 689 
456 189 237 
789 263 145 

297 534 861 
564 821 973 
831 976 524 

378 615 492 
645 792 318 
912 348 756 
===========
123 457 689 
456 189 237 
789 263 145 

297 534 861 
564 812 793 
831 976 452 

378 625 914 
645 791 328 
912 348 576 
===========
123 457 689 
456 189 237 
789 263 145 

297 536 418 
564 821 793 
831 974 562 

378 612 954 
645 798 321 
912 345 876 
===========
123 457 689 
456 189 237 
789 263 145 

297 536 418 
564 812 793 
831 974 562 

378 621 954 
645 798 321 
912 345 876 
===========
123 457 689 
456 189 237 
789 263 145 

297 536 814 
564 871 392 
831 924 576 

378 692 451 
645 718 923 
912 345 768 
===========
123 457 689 
456 189 237 
789 263 145 

297 536 814 
564 871 923 
831 924 576 

378 692 451 
645 718 392 
912 345 768 
===========
123 457 689 
456 189 237 
789 263 145 

297 536 814 
564 821 973 
831 974 526 

378 692 451 
645 718 392 
912 345 768 
===========
123 457 689 
456 189 237 
789 263 145 

297 536 814 
564 821 973 
831 974 562 

378 695 421 
645 712 398 
912 348 756 
===========
123 457 689 
456 189 237 
789 263 145 

297 536 814 
564 812 973 
831 974 526 

378 691 452 
645 728 391 
912 345 768 
===========
123 457 689 
456 189 237 
789 263 145 

297 536 814 
564 812 973 
831 974 562 

378 695 421 
645 721 398 
912 348 756 
===========
123 457 689 
456 189 237 
789 263 145 

297 536 814 
564 812 973 
831 974 562 

378 625 491 
645 791 328 
912 348 756 
===========
123 457 689 
456 189 237 
789 263 145 

297 631 458 
564 872 391 
831 594 762 

378 926 514 
645 718 923 
912 345 876 
===========
123 457 689 
456 189 237 
789 263 145 

297 631 458 
564 892 713 
831 574 962 

378 916 524 
645 728 391 
912 345 876 
===========
123 457 689 
456 189 237 
789 263 145 

297 631 458 
564 872 391 
831 594 762 

378 916 524 
645 728 913 
912 345 876 
===========
123 457 689 
456 189 237 
789 263 145 

297 631 458 
564 872 913 
831 594 762 

378 916 524 
645 728 391 
912 345 876 
===========
123 457 689 
456 189 237 
789 263 145 

297 631 854 
564 892 713 
831 574 926 

378 925 461 
645 718 392 
912 346 578 
===========
123 457 689 
456 189 237 
789 263 145 

297 631 854 
564 872 391 
831 594 762 

378 925 416 
645 718 923 
912 346 578 
===========
123 457 689 
456 189 237 
789 263 145 

297 631 854 
564 872 913 
831 594 726 

378 925 461 
645 718 392 
912 346 578 
===========
123 457 689 
456 189 237 
789 263 145 

297 631 854 
564 892 713 
831 574 926 

378 915 462 
645 728 391 
912 346 578 
===========
123 457 689 
456 189 237 
789 263 145 

297 631 854 
564 892 713 
831 574 962 

378 915 426 
645 728 391 
912 346 578 
===========
123 457 689 
456 189 237 
789 263 145 

297 631 854 
564 872 391 
831 594 726 

378 915 462 
645 728 913 
912 346 578 
===========
123 457 689 
456 189 237 
789 263 145 

297 631 854 
564 872 391 
831 594 762 

378 915 426 
645 728 913 
912 346 578 
===========
123 457 689 
456 189 237 
789 263 145 

297 631 854 
564 872 913 
831 594 726 

378 915 462 
645 728 391 
912 346 578 
===========
123 457 689 
456 189 237 
789 263 145 

297 631 854 
564 872 913 
831 594 762 

378 915 426 
645 728 391 
912 346 578 
===========
123 457 689 
456 189 237 
789 263 145 

297 634 518 
564 891 723 
831 572 964 

378 926 451 
645 718 392 
912 345 876 
===========
123 457 689 
456 189 237 
789 263 145 

297 634 518 
564 871 392 
831 592 764 

378 926 451 
645 718 923 
912 345 876 
===========
123 457 689 
456 189 237 
789 263 145 

297 634 518 
564 871 923 
831 592 764 

378 926 451 
645 718 392 
912 345 876 
===========
123 457 689 
456 189 237 
789 263 145 

297 634 518 
564 891 723 
831 572 964 

378 916 452 
645 728 391 
912 345 876 
===========
123 457 689 
456 189 237 
789 263 145 

297 634 518 
564 871 923 
831 592 764 

378 916 452 
645 728 391 
912 345 876 
===========
123 457 689 
456 189 237 
789 263 145 

297 634 851 
564 891 372 
831 572 496 

378 926 514 
645 718 923 
912 345 768 
===========
123 457 689 
456 189 237 
789 263 145 

297 634 851 
564 891 723 
831 572 964 

378 925 416 
645 718 392 
912 346 578 
===========
123 457 689 
456 189 237 
789 263 145 

297 634 851 
564 871 392 
831 592 476 

378 926 514 
645 718 923 
912 345 768 
===========
123 457 689 
456 189 237 
789 263 145 

297 634 851 
564 871 392 
831 592 764 

378 925 416 
645 718 923 
912 346 578 
===========
123 457 689 
456 189 237 
789 263 145 

297 634 851 
564 871 923 
831 592 476 

378 926 514 
645 718 392 
912 345 768 
===========
123 457 689 
456 189 237 
789 263 145 

297 634 851 
564 871 923 
831 592 764 

378 925 416 
645 718 392 
912 346 578 
===========
123 457 689 
456 189 237 
789 263 145 

297 634 851 
564 891 372 
831 572 496 

378 916 524 
645 728 913 
912 345 768 
===========
123 457 689 
456 189 237 
789 263 145 

297 634 851 
564 871 392 
831 592 476 

378 916 524 
645 728 913 
912 345 768 
===========
123 457 689 
456 189 237 
789 263 145 

297 634 851 
564 871 392 
831 592 764 

378 915 426 
645 728 913 
912 346 578 
===========
123 457 689 
456 189 237 
789 263 145 

297 531 468 
564 872 391 
831 694 752 

378 926 514 
645 718 923 
912 345 876 
===========
123 457 689 
456 189 237 
789 263 145 

297 531 468 
564 892 713 
831 674 952 

378 916 524 
645 728 391 
912 345 876 
===========
123 457 689 
456 189 237 
789 263 145 

297 531 468 
564 872 391 
831 694 752 

378 916 524 
645 728 913 
912 345 876 
===========
123 457 689 
456 189 237 
789 263 145 

297 531 468 
564 872 913 
831 694 752 

378 916 524 
645 728 391 
912 345 876 
===========
123 457 689 
456 189 237 
789 263 145 

297 531 864 
564 892 371 
831 674 592 

378 925 416 
645 718 923 
912 346 758 
===========
123 457 689 
456 189 237 
789 263 145 

297 531 864 
564 872 391 
831 694 572 

378 925 416 
645 718 923 
912 346 758 
===========
123 457 689 
456 189 237 
789 263 145 

297 531 864 
564 872 391 
831 694 752 

378 925 416 
645 718 923 
912 346 578 
===========
123 457 689 
456 189 237 
789 263 145 

297 531 864 
564 892 371 
831 674 592 

378 915 426 
645 728 913 
912 346 758 
===========
123 457 689 
456 189 237 
789 263 145 

297 531 864 
564 892 713 
831 674 952 

378 915 426 
645 728 391 
912 346 578 
===========
123 457 689 
456 189 237 
789 263 145 

297 531 864 
564 872 391 
831 694 572 

378 915 426 
645 728 913 
912 346 758 
===========
123 457 689 
456 189 237 
789 263 145 

297 531 864 
564 872 391 
831 694 752 

378 915 426 
645 728 913 
912 346 578 
===========
123 457 689 
456 189 237 
789 263 145 

297 531 864 
564 872 913 
831 694 572 

378 915 426 
645 728 391 
912 346 758 
===========
123 457 689 
456 189 237 
789 263 145 

297 531 864 
564 872 913 
831 694 752 

378 915 426 
645 728 391 
912 346 578 
===========
123 457 689 
456 189 237 
789 263 145 

297 534 816 
564 891 372 
831 672 594 

378 926 451 
645 718 923 
912 345 768 
===========
123 457 689 
456 189 237 
789 263 145 

297 534 816 
564 891 372 
831 672 594 

378 925 461 
645 718 923 
912 346 758 
===========
123 457 689 
456 189 237 
789 263 145 

297 534 816 
564 891 723 
831 672 954 

378 925 461 
645 718 392 
912 346 578 
===========
123 457 689 
456 189 237 
789 263 145 

297 534 816 
564 871 392 
831 692 574 

378 926 451 
645 718 923 
912 345 768 
===========
123 457 689 
456 189 237 
789 263 145 

297 534 816 
564 871 392 
831 692 574 

378 925 461 
645 718 923 
912 346 758 
===========
123 457 689 
456 189 237 
789 263 145 

297 534 816 
564 871 392 
831 692 754 

378 925 461 
645 718 923 
912 346 578 
===========
123 457 689 
456 189 237 
789 263 145 

297 534 816 
564 871 923 
831 692 574 

378 926 451 
645 718 392 
912 345 768 
===========
123 457 689 
456 189 237 
789 263 145 

297 534 816 
564 871 923 
831 692 574 

378 925 461 
645 718 392 
912 346 758 
===========
123 457 689 
456 189 237 
789 263 145 

297 534 816 
564 871 923 
831 692 754 

378 925 461 
645 718 392 
912 346 578 
===========
123 457 689 
456 189 237 
789 263 145 

297 534 816 
564 891 723 
831 672 954 

378 915 462 
645 728 391 
912 346 578 
===========
123 457 689 
456 189 237 
789 263 145 

297 534 816 
564 871 923 
831 692 574 

378 916 452 
645 728 391 
912 345 768 
===========
123 457 689 
456 189 237 
789 263 145 

297 534 816 
564 871 923 
831 692 574 

378 915 462 
645 728 391 
912 346 758 
===========
123 457 689 
456 189 237 
789 263 145 

297 534 816 
564 871 923 
831 692 754 

378 915 462 
645 728 391 
912 346 578 
===========
123 457 689 
456 189 237 
789 263 145 

297 534 861 
564 891 372 
831 672 594 

378 925 416 
645 718 923 
912 346 758 
===========
123 457 689 
456 189 237 
789 263 145 

297 534 861 
564 891 723 
831 672 954 

378 925 416 
645 718 392 
912 346 578 
===========
123 457 689 
456 189 237 
789 263 145 

297 534 861 
564 871 392 
831 692 574 

378 925 416 
645 718 923 
912 346 758 
===========
123 457 689 
456 189 237 
789 263 145 

297 534 861 
564 871 392 
831 692 754 

378 925 416 
645 718 923 
912 346 578 
===========
123 457 689 
456 189 237 
789 263 145 

297 534 861 
564 871 923 
831 692 574 

378 925 416 
645 718 392 
912 346 758 
===========
123 457 689 
456 189 237 
789 263 145 

297 534 861 
564 871 923 
831 692 754 

378 925 416 
645 718 392 
912 346 578 
===========
123 457 689 
456 189 237 
789 263 145 

297 534 861 
564 891 372 
831 672 594 

378 915 426 
645 728 913 
912 346 758 
===========
123 457 689 
456 189 237 
789 263 145 

297 534 861 
564 871 392 
831 692 574 

378 915 426 
645 728 913 
912 346 758 
===========
123 457 689 
456 189 237 
789 263 145 

297 534 861 
564 871 392 
831 692 754 

378 915 426 
645 728 913 
912 346 578 
===========
123 457 689 
456 189 237 
789 263 145 

297 614 853 
564 938 712 
831 725 964 

378 591 426 
645 872 391 
912 346 578 
===========
123 457 689 
456 189 237 
789 263 145 

297 614 853 
564 938 721 
831 725 964 

378 592 416 
645 871 392 
912 346 578 
===========
123 457 689 
456 189 237 
789 263 145 

297 618 354 
564 932 871 
831 745 926 

378 596 412 
645 821 793 
912 374 568 
===========
123 457 689 
456 189 237 
789 263 145 

297 631 854 
564 928 371 
831 745 926 

378 596 412 
645 812 793 
912 374 568 
===========
