123 457 689 
456 189 237 
789 263 154 

297 814 365 
564 932 718 
831 675 942 

378 596 421 
645 721 893 
912 348 576 
===========
123 457 689 
456 189 237 
789 263 154 

297 814 365 
564 932 718 
831 675 492 

378 526 941 
645 791 823 
912 348 576 
===========
123 457 689 
456 189 237 
789 263 154 

297 814 365 
564 932 718 
831 675 942 

378 526 491 
645 791 823 
912 348 576 
===========
123 457 689 
456 189 237 
789 263 154 

297 814 563 
564 932 718 
831 675 942 

378 591 426 
645 728 391 
912 346 875 
===========
123 457 689 
456 189 237 
789 263 154 

297 814 563 
564 932 718 
831 675 492 

378 521 946 
645 798 321 
912 346 875 
===========
123 457 689 
456 189 237 
789 263 154 

297 814 563 
564 932 718 
831 675 942 

378 521 496 
645 798 321 
912 346 875 
===========
123 457 689 
456 189 237 
789 263 154 

297 815 463 
564 932 718 
831 674 592 

378 521 946 
645 798 321 
912 346 875 
===========
123 457 689 
456 189 237 
789 263 154 

297 834 516 
564 921 378 
831 675 942 

378 596 421 
645 712 893 
912 348 765 
===========
123 457 689 
456 189 237 
789 263 154 

297 834 516 
564 921 873 
831 675 942 

378 596 421 
645 712 398 
912 348 765 
===========
123 457 689 
456 189 237 
789 263 154 

297 834 516 
564 912 378 
831 675 942 

378 596 421 
645 721 893 
912 348 765 
===========
123 457 689 
456 189 237 
789 263 154 

297 834 516 
564 912 873 
831 675 942 

378 596 421 
645 721 398 
912 348 765 
===========
123 457 689 
456 189 237 
789 263 154 

297 834 516 
564 912 378 
831 675 492 

378 526 941 
645 791 823 
912 348 765 
===========
123 457 689 
456 189 237 
789 263 154 

297 834 516 
564 912 378 
831 675 942 

378 526 491 
645 791 823 
912 348 765 
===========
123 457 689 
456 189 237 
789 263 154 

297 834 516 
564 912 873 
831 675 492 

378 526 941 
645 791 328 
912 348 765 
===========
123 457 689 
456 189 237 
789 263 154 

297 834 516 
564 912 873 
831 675 942 

378 526 491 
645 791 328 
912 348 765 
===========
123 457 689 
456 189 237 
789 263 154 

297 835 416 
564 912 378 
831 674 592 

378 526 941 
645 791 823 
912 348 765 
===========
123 457 689 
456 189 237 
789 263 154 

297 835 416 
564 912 873 
831 674 592 

378 526 941 
645 791 328 
912 348 765 
===========
123 457 689 
456 189 237 
789 263 154 

297 835 461 
564 971 328 
831 624 795 

378 516 942 
645 792 813 
912 348 576 
===========
123 457 689 
456 189 237 
789 263 154 

297 835 461 
564 971 823 
831 624 795 

378 512 946 
645 798 312 
912 346 578 
===========
123 457 689 
456 189 237 
789 263 154 

297 835 461 
564 971 823 
831 624 795 

378 516 942 
645 792 318 
912 348 576 
===========
123 457 689 
456 189 237 
789 263 154 

297 615 348 
564 832 791 
831 974 526 

378 591 462 
645 728 913 
912 346 875 
===========
123 457 689 
456 189 237 
789 263 154 

297 615 348 
564 832 791 
831 974 562 

378 591 426 
645 728 913 
912 346 875 
===========
123 457 689 
456 189 237 
789 263 154 

297 615 348 
564 832 971 
831 974 526 

378 596 412 
645 721 893 
912 348 765 
===========
123 457 689 
456 189 237 
789 263 154 

297 615 843 
564 832 971 
831 974 526 

378 596 412 
645 721 398 
912 348 765 
===========
123 457 689 
456 189 237 
789 263 154 

297 634 518 
564 871 392 
831 925 746 

378 592 461 
645 718 923 
912 346 875 
===========
123 457 689 
456 189 237 
789 263 154 

297 634 518 
564 871 923 
831 925 746 

378 592 461 
645 718 392 
912 346 875 
===========
123 457 689 
456 189 237 
789 263 154 

297 634 518 
564 821 793 
831 975 462 

378 512 946 
645 798 321 
912 346 875 
===========
123 457 689 
456 189 237 
789 263 154 

297 634 518 
564 812 793 
831 975 462 

378 521 946 
645 798 321 
912 346 875 
===========
123 457 689 
456 189 237 
789 263 154 

297 634 815 
564 871 392 
831 925 746 

378 592 461 
645 718 923 
912 346 578 
===========
123 457 689 
456 189 237 
789 263 154 

297 634 815 
564 871 923 
831 925 746 

378 592 461 
645 718 392 
912 346 578 
===========
123 457 689 
456 189 237 
789 263 154 

297 634 815 
564 821 793 
831 975 462 

378 512 946 
645 798 321 
912 346 578 
===========
123 457 689 
456 189 237 
789 263 154 

297 634 815 
564 812 793 
831 975 462 

378 521 946 
645 798 321 
912 346 578 
===========
123 457 689 
456 189 237 
789 263 154 

297 634 815 
564 812 793 
831 975 462 

378 526 941 
645 791 328 
912 348 576 
===========
123 457 689 
456 189 237 
789 263 154 

297 635 418 
564 821 793 
831 974 562 

378 512 946 
645 798 321 
912 346 875 
===========
123 457 689 
456 189 237 
789 263 154 

297 635 418 
564 812 793 
831 974 562 

378 521 946 
645 798 321 
912 346 875 
===========
123 457 689 
456 189 237 
789 263 154 

297 635 841 
564 871 392 
831 924 765 

378 592 416 
645 718 923 
912 346 578 
===========
123 457 689 
456 189 237 
789 263 154 

297 635 841 
564 871 923 
831 924 765 

378 592 416 
645 718 392 
912 346 578 
===========
123 457 689 
456 189 237 
789 263 154 

297 635 841 
564 871 923 
831 924 576 

378 596 412 
645 712 398 
912 348 765 
===========
123 457 689 
456 189 237 
789 263 154 

297 635 841 
564 871 923 
831 924 765 

378 596 412 
645 712 398 
912 348 576 
===========
123 457 689 
456 189 237 
789 263 154 

297 635 841 
564 821 973 
831 974 526 

378 596 412 
645 712 398 
912 348 765 
===========
123 457 689 
456 189 237 
789 263 154 

297 635 841 
564 812 973 
831 974 526 

378 596 412 
645 721 398 
912 348 765 
===========
123 457 689 
456 189 237 
789 263 154 

297 635 841 
564 871 923 
831 924 765 

378 512 496 
645 798 312 
912 346 578 
===========
123 457 689 
456 189 237 
789 263 154 

297 635 841 
564 871 923 
831 924 576 

378 516 492 
645 792 318 
912 348 765 
===========
123 457 689 
456 189 237 
789 263 154 

297 635 841 
564 871 923 
831 924 765 

378 516 492 
645 792 318 
912 348 576 
===========
123 457 689 
456 189 237 
789 263 154 

297 635 841 
564 821 973 
831 974 526 

378 516 492 
645 792 318 
912 348 765 
===========
123 457 689 
456 189 237 
789 263 154 

297 814 365 
564 932 718 
831 576 942 

378 695 421 
645 721 893 
912 348 576 
===========
123 457 689 
456 189 237 
789 263 154 

297 814 365 
564 932 718 
831 576 492 

378 625 941 
645 791 823 
912 348 576 
===========
123 457 689 
456 189 237 
789 263 154 

297 814 365 
564 932 718 
831 576 942 

378 625 491 
645 791 823 
912 348 576 
===========
123 457 689 
456 189 237 
789 263 154 

297 814 563 
564 932 718 
831 576 942 

378 691 425 
645 728 391 
912 345 876 
===========
123 457 689 
456 189 237 
789 263 154 

297 814 563 
564 932 718 
831 576 492 

378 621 945 
645 798 321 
912 345 876 
===========
123 457 689 
456 189 237 
789 263 154 

297 814 563 
564 932 718 
831 576 942 

378 621 495 
645 798 321 
912 345 876 
===========
123 457 689 
456 189 237 
789 263 154 

297 816 345 
564 932 718 
831 574 962 

378 695 421 
645 721 893 
912 348 576 
===========
123 457 689 
456 189 237 
789 263 154 

297 816 345 
564 932 718 
831 574 962 

378 625 491 
645 791 823 
912 348 576 
===========
123 457 689 
456 189 237 
789 263 154 

297 816 543 
564 932 718 
831 574 962 

378 691 425 
645 728 391 
912 345 876 
===========
123 457 689 
456 189 237 
789 263 154 

297 816 543 
564 932 871 
831 574 926 

378 695 412 
645 721 398 
912 348 765 
===========
123 457 689 
456 189 237 
789 263 154 

297 816 543 
564 932 718 
831 574 962 

378 621 495 
645 798 321 
912 345 876 
===========
123 457 689 
456 189 237 
789 263 154 

297 816 543 
564 932 871 
831 574 926 

378 621 495 
645 798 312 
912 345 768 
===========
123 457 689 
456 189 237 
789 263 154 

297 834 516 
564 921 378 
831 576 942 

378 695 421 
645 712 893 
912 348 765 
===========
123 457 689 
456 189 237 
789 263 154 

297 834 516 
564 921 873 
831 576 942 

378 695 421 
645 712 398 
912 348 765 
===========
123 457 689 
456 189 237 
789 263 154 

297 834 516 
564 912 378 
831 576 942 

378 695 421 
645 721 893 
912 348 765 
===========
123 457 689 
456 189 237 
789 263 154 

297 834 516 
564 912 873 
831 576 942 

378 691 425 
645 728 391 
912 345 768 
===========
123 457 689 
456 189 237 
789 263 154 

297 834 516 
564 912 873 
831 576 942 

378 695 421 
645 721 398 
912 348 765 
===========
123 457 689 
456 189 237 
789 263 154 

297 834 516 
564 921 873 
831 576 492 

378 612 945 
645 798 321 
912 345 768 
===========
123 457 689 
456 189 237 
789 263 154 

297 834 516 
564 921 873 
831 576 942 

378 612 495 
645 798 321 
912 345 768 
===========
123 457 689 
456 189 237 
789 263 154 

297 834 516 
564 912 378 
831 576 492 

378 625 941 
645 791 823 
912 348 765 
===========
123 457 689 
456 189 237 
789 263 154 

297 834 516 
564 912 378 
831 576 942 

378 625 491 
645 791 823 
912 348 765 
===========
123 457 689 
456 189 237 
789 263 154 

297 834 516 
564 912 873 
831 576 492 

378 621 945 
645 798 321 
912 345 768 
===========
123 457 689 
456 189 237 
789 263 154 

297 834 516 
564 912 873 
831 576 942 

378 621 495 
645 798 321 
912 345 768 
===========
123 457 689 
456 189 237 
789 263 154 

297 834 516 
564 912 873 
831 576 492 

378 625 941 
645 791 328 
912 348 765 
===========
123 457 689 
456 189 237 
789 263 154 

297 834 516 
564 912 873 
831 576 942 

378 625 491 
645 791 328 
912 348 765 
===========
123 457 689 
456 189 237 
789 263 154 

297 836 415 
564 971 823 
831 524 976 

378 692 541 
645 718 392 
912 345 768 
===========
123 457 689 
456 189 237 
789 263 154 

297 836 415 
564 921 873 
831 574 926 

378 692 541 
645 718 392 
912 345 768 
===========
123 457 689 
456 189 237 
789 263 154 

297 836 415 
564 912 873 
831 574 926 

378 691 542 
645 728 391 
912 345 768 
===========
123 457 689 
456 189 237 
789 263 154 

297 836 541 
564 971 328 
831 524 976 

378 695 412 
645 712 893 
912 348 765 
===========
123 457 689 
456 189 237 
789 263 154 

297 836 541 
564 971 823 
831 524 976 

378 692 415 
645 718 392 
912 345 768 
===========
123 457 689 
456 189 237 
789 263 154 

297 836 541 
564 971 823 
831 524 976 

378 695 412 
645 712 398 
912 348 765 
===========
123 457 689 
456 189 237 
789 263 154 

297 836 541 
564 921 378 
831 574 926 

378 695 412 
645 712 893 
912 348 765 
===========
123 457 689 
456 189 237 
789 263 154 

297 836 541 
564 921 873 
831 574 926 

378 692 415 
645 718 392 
912 345 768 
===========
123 457 689 
456 189 237 
789 263 154 

297 836 541 
564 921 873 
831 574 926 

378 695 412 
645 712 398 
912 348 765 
===========
123 457 689 
456 189 237 
789 263 154 

297 836 541 
564 912 378 
831 574 926 

378 695 412 
645 721 893 
912 348 765 
===========
123 457 689 
456 189 237 
789 263 154 

297 836 541 
564 912 873 
831 574 926 

378 695 412 
645 721 398 
912 348 765 
===========
123 457 689 
456 189 237 
789 263 154 

297 836 541 
564 971 328 
831 524 976 

378 615 492 
645 792 813 
912 348 765 
===========
123 457 689 
456 189 237 
789 263 154 

297 836 541 
564 971 823 
831 524 976 

378 612 495 
645 798 312 
912 345 768 
===========
123 457 689 
456 189 237 
789 263 154 

297 836 541 
564 971 823 
831 524 976 

378 615 492 
645 792 318 
912 348 765 
===========
123 457 689 
456 189 237 
789 263 154 

297 836 541 
564 921 378 
831 574 926 

378 615 492 
645 792 813 
912 348 765 
===========
123 457 689 
456 189 237 
789 263 154 

297 836 541 
564 921 873 
831 574 926 

378 612 495 
645 798 312 
912 345 768 
===========
123 457 689 
456 189 237 
789 263 154 

297 836 541 
564 921 873 
831 574 926 

378 615 492 
645 792 318 
912 348 765 
===========
123 457 689 
456 189 237 
789 263 154 

297 836 541 
564 912 873 
831 574 926 

378 621 495 
645 798 312 
912 345 768 
===========
123 457 689 
456 189 237 
789 263 154 

297 514 368 
564 832 791 
831 976 425 

378 691 542 
645 728 913 
912 345 876 
===========
123 457 689 
456 189 237 
789 263 154 

297 514 368 
564 832 791 
831 976 542 

378 691 425 
645 728 913 
912 345 876 
===========
123 457 689 
456 189 237 
789 263 154 

297 516 348 
564 832 791 
831 974 562 

378 691 425 
645 728 913 
912 345 876 
===========
123 457 689 
456 189 237 
789 263 154 

297 516 348 
564 832 971 
831 974 526 

378 695 412 
645 721 893 
912 348 765 
===========
123 457 689 
456 189 237 
789 263 154 

297 516 843 
564 832 971 
831 974 526 

378 695 412 
645 721 398 
912 348 765 
===========
123 457 689 
456 189 237 
789 263 154 

297 516 843 
564 832 971 
831 974 526 

378 621 495 
645 798 312 
912 345 768 
===========
123 457 689 
456 189 237 
789 263 154 

297 534 816 
564 871 392 
831 926 475 

378 692 541 
645 718 923 
912 345 768 
===========
123 457 689 
456 189 237 
789 263 154 

297 534 816 
564 871 923 
831 926 475 

378 692 541 
645 718 392 
912 345 768 
===========
123 457 689 
456 189 237 
789 263 154 

297 534 816 
564 821 973 
831 976 425 

378 692 541 
645 718 392 
912 345 768 
===========
123 457 689 
456 189 237 
789 263 154 

297 534 816 
564 821 973 
831 976 542 

378 695 421 
645 712 398 
912 348 765 
===========
123 457 689 
456 189 237 
789 263 154 

297 534 816 
564 812 973 
831 976 425 

378 691 542 
645 728 391 
912 345 768 
===========
123 457 689 
456 189 237 
789 263 154 

297 534 816 
564 812 973 
831 976 542 

378 691 425 
645 728 391 
912 345 768 
===========
123 457 689 
456 189 237 
789 263 154 

297 534 816 
564 812 973 
831 976 542 

378 695 421 
645 721 398 
912 348 765 
===========
123 457 689 
456 189 237 
789 263 154 

297 534 816 
564 821 973 
831 976 542 

378 612 495 
645 798 321 
912 345 768 
===========
123 457 689 
456 189 237 
789 263 154 

297 534 816 
564 812 973 
831 976 542 

378 621 495 
645 798 321 
912 345 768 
===========
123 457 689 
456 189 237 
789 263 154 

297 534 816 
564 812 973 
831 976 542 

378 625 491 
645 791 328 
912 348 765 
===========
123 457 689 
456 189 237 
789 263 154 

297 534 861 
564 871 923 
831 926 745 

378 695 412 
645 712 398 
912 348 576 
===========
123 457 689 
456 189 237 
789 263 154 

297 534 861 
564 871 923 
831 926 745 

378 615 492 
645 792 318 
912 348 576 
===========
123 457 689 
456 189 237 
789 263 154 

297 534 861 
564 821 793 
831 976 425 

378 615 942 
645 792 318 
912 348 576 
===========
123 457 689 
456 189 237 
789 263 154 

297 536 418 
564 871 392 
831 924 765 

378 692 541 
645 718 923 
912 345 876 
===========
123 457 689 
456 189 237 
789 263 154 

297 536 418 
564 871 923 
831 924 765 

378 692 541 
645 718 392 
912 345 876 
===========
123 457 689 
456 189 237 
789 263 154 

297 536 418 
564 821 793 
831 974 562 

378 612 945 
645 798 321 
912 345 876 
===========
123 457 689 
456 189 237 
789 263 154 

297 536 418 
564 812 793 
831 974 562 

378 621 945 
645 798 321 
912 345 876 
===========
123 457 689 
456 189 237 
789 263 154 

297 536 841 
564 871 392 
831 924 576 

378 692 415 
645 718 923 
912 345 768 
===========
123 457 689 
456 189 237 
789 263 154 

297 536 841 
564 871 923 
831 924 576 

378 692 415 
645 718 392 
912 345 768 
===========
123 457 689 
456 189 237 
789 263 154 

297 536 841 
564 871 923 
831 924 576 

378 695 412 
645 712 398 
912 348 765 
===========
123 457 689 
456 189 237 
789 263 154 

297 536 841 
564 871 923 
831 924 765 

378 695 412 
645 712 398 
912 348 576 
===========
123 457 689 
456 189 237 
789 263 154 

297 536 841 
564 821 973 
831 974 526 

378 692 415 
645 718 392 
912 345 768 
===========
123 457 689 
456 189 237 
789 263 154 

297 536 841 
564 821 973 
831 974 526 

378 695 412 
645 712 398 
912 348 765 
===========
123 457 689 
456 189 237 
789 263 154 

297 536 841 
564 812 973 
831 974 526 

378 695 412 
645 721 398 
912 348 765 
===========
123 457 689 
456 189 237 
789 263 154 

297 536 841 
564 871 923 
831 924 576 

378 612 495 
645 798 312 
912 345 768 
===========
123 457 689 
456 189 237 
789 263 154 

297 536 841 
564 871 923 
831 924 576 

378 615 492 
645 792 318 
912 348 765 
===========
123 457 689 
456 189 237 
789 263 154 

297 536 841 
564 871 923 
831 924 765 

378 615 492 
645 792 318 
912 348 576 
===========
123 457 689 
456 189 237 
789 263 154 

297 536 841 
564 821 973 
831 974 526 

378 612 495 
645 798 312 
912 345 768 
===========
123 457 689 
456 189 237 
789 263 154 

297 536 841 
564 821 973 
831 974 526 

378 615 492 
645 792 318 
912 348 765 
===========
123 457 689 
456 189 237 
789 263 154 

297 536 841 
564 812 973 
831 974 526 

378 621 495 
645 798 312 
912 345 768 
===========
123 457 689 
456 189 237 
789 263 154 

297 631 548 
564 892 713 
831 574 926 

378 925 461 
645 718 392 
912 346 875 
===========
123 457 689 
456 189 237 
789 263 154 

297 631 548 
564 872 391 
831 594 762 

378 926 415 
645 718 923 
912 345 876 
===========
123 457 689 
456 189 237 
789 263 154 

297 631 548 
564 872 391 
831 594 762 

378 925 416 
645 718 923 
912 346 875 
===========
123 457 689 
456 189 237 
789 263 154 

297 631 548 
564 872 913 
831 594 726 

378 925 461 
645 718 392 
912 346 875 
===========
123 457 689 
456 189 237 
789 263 154 

297 631 548 
564 892 713 
831 574 962 

378 916 425 
645 728 391 
912 345 876 
===========
123 457 689 
456 189 237 
789 263 154 

297 631 548 
564 892 713 
831 574 926 

378 915 462 
645 728 391 
912 346 875 
===========
123 457 689 
456 189 237 
789 263 154 

297 631 548 
564 892 713 
831 574 962 

378 915 426 
645 728 391 
912 346 875 
===========
123 457 689 
456 189 237 
789 263 154 

297 631 548 
564 872 391 
831 594 762 

378 916 425 
645 728 913 
912 345 876 
===========
123 457 689 
456 189 237 
789 263 154 

297 631 548 
564 872 391 
831 594 726 

378 915 462 
645 728 913 
912 346 875 
===========
123 457 689 
456 189 237 
789 263 154 

297 631 548 
564 872 391 
831 594 762 

378 915 426 
645 728 913 
912 346 875 
===========
123 457 689 
456 189 237 
789 263 154 

297 631 548 
564 872 913 
831 594 762 

378 916 425 
645 728 391 
912 345 876 
===========
123 457 689 
456 189 237 
789 263 154 

297 631 548 
564 872 913 
831 594 726 

378 915 462 
645 728 391 
912 346 875 
===========
123 457 689 
456 189 237 
789 263 154 

297 631 548 
564 872 913 
831 594 762 

378 915 426 
645 728 391 
912 346 875 
===========
123 457 689 
456 189 237 
789 263 154 

297 631 845 
564 892 713 
831 574 926 

378 925 461 
645 718 392 
912 346 578 
===========
123 457 689 
456 189 237 
789 263 154 

297 631 845 
564 872 391 
831 594 762 

378 925 416 
645 718 923 
912 346 578 
===========
123 457 689 
456 189 237 
789 263 154 

297 631 845 
564 872 913 
831 594 726 

378 925 461 
645 718 392 
912 346 578 
===========
123 457 689 
456 189 237 
789 263 154 

297 631 845 
564 892 713 
831 574 926 

378 915 462 
645 728 391 
912 346 578 
===========
123 457 689 
456 189 237 
789 263 154 

297 631 845 
564 892 713 
831 574 962 

378 915 426 
645 728 391 
912 346 578 
===========
123 457 689 
456 189 237 
789 263 154 

297 631 845 
564 872 391 
831 594 726 

378 915 462 
645 728 913 
912 346 578 
===========
123 457 689 
456 189 237 
789 263 154 

297 631 845 
564 872 391 
831 594 762 

378 915 426 
645 728 913 
912 346 578 
===========
123 457 689 
456 189 237 
789 263 154 

297 631 845 
564 872 913 
831 594 726 

378 915 462 
645 728 391 
912 346 578 
===========
123 457 689 
456 189 237 
789 263 154 

297 631 845 
564 872 913 
831 594 762 

378 915 426 
645 728 391 
912 346 578 
===========
123 457 689 
456 189 237 
789 263 154 

297 634 518 
564 891 723 
831 572 946 

378 925 461 
645 718 392 
912 346 875 
===========
123 457 689 
456 189 237 
789 263 154 

297 634 518 
564 871 392 
831 592 746 

378 925 461 
645 718 923 
912 346 875 
===========
123 457 689 
456 189 237 
789 263 154 

297 634 518 
564 871 923 
831 592 746 

378 925 461 
645 718 392 
912 346 875 
===========
123 457 689 
456 189 237 
789 263 154 

297 634 518 
564 891 723 
831 572 946 

378 915 462 
645 728 391 
912 346 875 
===========
123 457 689 
456 189 237 
789 263 154 

297 634 518 
564 871 923 
831 592 746 

378 915 462 
645 728 391 
912 346 875 
===========
123 457 689 
456 189 237 
789 263 154 

297 634 815 
564 891 372 
831 572 496 

378 926 541 
645 718 923 
912 345 768 
===========
123 457 689 
456 189 237 
789 263 154 

297 634 815 
564 891 723 
831 572 946 

378 925 461 
645 718 392 
912 346 578 
===========
123 457 689 
456 189 237 
789 263 154 

297 634 815 
564 871 392 
831 592 476 

378 926 541 
645 718 923 
912 345 768 
===========
123 457 689 
456 189 237 
789 263 154 

297 634 815 
564 871 392 
831 592 746 

378 925 461 
645 718 923 
912 346 578 
===========
123 457 689 
456 189 237 
789 263 154 

297 634 815 
564 871 923 
831 592 476 

378 926 541 
645 718 392 
912 345 768 
===========
123 457 689 
456 189 237 
789 263 154 

297 634 815 
564 871 923 
831 592 746 

378 925 461 
645 718 392 
912 346 578 
===========
123 457 689 
456 189 237 
789 263 154 

297 634 815 
564 891 723 
831 572 946 

378 915 462 
645 728 391 
912 346 578 
===========
123 457 689 
456 189 237 
789 263 154 

297 634 815 
564 871 923 
831 592 476 

378 916 542 
645 728 391 
912 345 768 
===========
123 457 689 
456 189 237 
789 263 154 

297 634 815 
564 871 923 
831 592 746 

378 915 462 
645 728 391 
912 346 578 
===========
123 457 689 
456 189 237 
789 263 154 

297 531 468 
564 892 713 
831 674 925 

378 926 541 
645 718 392 
912 345 876 
===========
123 457 689 
456 189 237 
789 263 154 

297 531 468 
564 872 913 
831 694 725 

378 926 541 
645 718 392 
912 345 876 
===========
123 457 689 
456 189 237 
789 263 154 

297 531 468 
564 892 713 
831 674 925 

378 916 542 
645 728 391 
912 345 876 
===========
123 457 689 
456 189 237 
789 263 154 

297 531 468 
564 872 391 
831 694 725 

378 916 542 
645 728 913 
912 345 876 
===========
123 457 689 
456 189 237 
789 263 154 

297 531 468 
564 872 913 
831 694 725 

378 916 542 
645 728 391 
912 345 876 
===========
123 457 689 
456 189 237 
789 263 154 

297 531 846 
564 892 371 
831 674 592 

378 926 415 
645 718 923 
912 345 768 
===========
123 457 689 
456 189 237 
789 263 154 

297 531 846 
564 892 713 
831 674 925 

378 925 461 
645 718 392 
912 346 578 
===========
123 457 689 
456 189 237 
789 263 154 

297 531 846 
564 872 391 
831 694 572 

378 926 415 
645 718 923 
912 345 768 
===========
123 457 689 
456 189 237 
789 263 154 

297 531 846 
564 872 913 
831 694 725 

378 925 461 
645 718 392 
912 346 578 
===========
123 457 689 
456 189 237 
789 263 154 

297 531 846 
564 892 371 
831 674 592 

378 916 425 
645 728 913 
912 345 768 
===========
123 457 689 
456 189 237 
789 263 154 

297 531 846 
564 892 713 
831 674 925 

378 915 462 
645 728 391 
912 346 578 
===========
123 457 689 
456 189 237 
789 263 154 

297 531 846 
564 872 391 
831 694 572 

378 916 425 
645 728 913 
912 345 768 
===========
123 457 689 
456 189 237 
789 263 154 

297 531 846 
564 872 391 
831 694 725 

378 915 462 
645 728 913 
912 346 578 
===========
123 457 689 
456 189 237 
789 263 154 

297 531 846 
564 872 913 
831 694 572 

378 916 425 
645 728 391 
912 345 768 
===========
123 457 689 
456 189 237 
789 263 154 

297 531 846 
564 872 913 
831 694 725 

378 915 462 
645 728 391 
912 346 578 
===========
123 457 689 
456 189 237 
789 263 154 

297 534 816 
564 891 372 
831 672 495 

378 926 541 
645 718 923 
912 345 768 
===========
123 457 689 
456 189 237 
789 263 154 

297 534 816 
564 891 723 
831 672 945 

378 925 461 
645 718 392 
912 346 578 
===========
123 457 689 
456 189 237 
789 263 154 

297 534 816 
564 871 392 
831 692 475 

378 926 541 
645 718 923 
912 345 768 
===========
123 457 689 
456 189 237 
789 263 154 

297 534 816 
564 871 392 
831 692 745 

378 925 461 
645 718 923 
912 346 578 
===========
123 457 689 
456 189 237 
789 263 154 

297 534 816 
564 871 923 
831 692 475 

378 926 541 
645 718 392 
912 345 768 
===========
123 457 689 
456 189 237 
789 263 154 

297 534 816 
564 871 923 
831 692 745 

378 925 461 
645 718 392 
912 346 578 
===========
123 457 689 
456 189 237 
789 263 154 

297 534 816 
564 891 723 
831 672 945 

378 915 462 
645 728 391 
912 346 578 
===========
123 457 689 
456 189 237 
789 263 154 

297 534 816 
564 871 923 
831 692 475 

378 916 542 
645 728 391 
912 345 768 
===========
123 457 689 
456 189 237 
789 263 154 

297 534 816 
564 871 923 
831 692 745 

378 915 462 
645 728 391 
912 346 578 
===========
123 457 689 
456 189 237 
789 263 154 

297 534 861 
564 891 723 
831 672 945 

378 925 416 
645 718 392 
912 346 578 
===========
123 457 689 
456 189 237 
789 263 154 

297 534 861 
564 871 392 
831 692 745 

378 925 416 
645 718 923 
912 346 578 
===========
123 457 689 
456 189 237 
789 263 154 

297 534 861 
564 871 923 
831 692 745 

378 925 416 
645 718 392 
912 346 578 
===========
123 457 689 
456 189 237 
789 263 154 

297 534 861 
564 871 392 
831 692 745 

378 915 426 
645 728 913 
912 346 578 
===========
123 457 689 
456 189 237 
789 263 154 

297 615 348 
564 938 712 
831 724 596 

378 592 461 
645 871 923 
912 346 875 
===========
123 457 689 
456 189 237 
789 263 154 

297 615 348 
564 938 721 
831 724 596 

378 591 462 
645 872 913 
912 346 875 
===========
123 457 689 
456 189 237 
789 263 154 

297 615 348 
564 938 712 
831 742 596 

378 596 421 
645 821 973 
912 374 865 
===========
123 457 689 
456 189 237 
789 263 154 

297 615 348 
564 938 721 
831 742 596 

378 596 412 
645 821 973 
912 374 865 
===========
123 457 689 
456 189 237 
789 263 154 

297 615 843 
564 938 712 
831 724 965 

378 591 426 
645 872 391 
912 346 578 
===========
123 457 689 
456 189 237 
789 263 154 

297 615 843 
564 938 721 
831 724 965 

378 592 416 
645 871 392 
912 346 578 
===========
123 457 689 
456 189 237 
789 263 154 

297 618 345 
564 932 871 
831 745 926 

378 596 412 
645 821 793 
912 374 568 
===========
123 457 689 
456 189 237 
789 263 154 

297 618 543 
564 932 718 
831 745 926 

378 526 491 
645 891 372 
912 374 865 
===========
123 457 689 
456 189 237 
789 263 154 

297 631 548 
564 928 371 
831 745 926 

378 596 412 
645 812 793 
912 374 865 
===========
123 457 689 
456 189 237 
789 263 154 

297 631 548 
564 928 371 
831 745 926 

378 516 492 
645 892 713 
912 374 865 
===========
123 457 689 
456 189 237 
789 263 154 

297 631 548 
564 928 713 
831 745 926 

378 516 492 
645 892 371 
912 374 865 
===========
123 457 689 
456 189 237 
789 263 154 

297 631 845 
564 928 371 
831 745 926 

378 596 412 
645 812 793 
912 374 568 
===========
123 457 689 
456 189 237 
789 263 154 

297 631 845 
564 928 371 
831 745 926 

378 516 492 
645 892 713 
912 374 568 
===========
