123 456 789 
456 789 123 
789 132 465 

297 813 546 
564 927 318 
831 645 972 

378 564 291 
645 291 837 
912 378 654 
===========
123 456 789 
456 789 123 
789 132 465 

297 813 546 
564 927 831 
831 645 972 

378 561 294 
645 298 317 
912 374 658 
===========
123 456 789 
456 789 123 
789 132 465 

297 813 546 
564 927 831 
831 645 297 

378 564 912 
645 291 378 
912 378 654 
===========
123 456 789 
456 789 123 
789 132 465 

297 813 654 
564 927 831 
831 645 972 

378 594 216 
645 271 398 
912 368 547 
===========
123 456 789 
456 789 123 
789 132 465 

297 813 654 
564 927 318 
831 645 972 

378 564 291 
645 291 837 
912 378 546 
===========
123 456 789 
456 789 123 
789 132 465 

297 813 654 
564 927 831 
831 645 297 

378 564 912 
645 291 378 
912 378 546 
===========
123 456 789 
456 789 123 
789 132 465 

297 814 356 
564 973 218 
831 625 947 

378 541 692 
645 297 831 
912 368 574 
===========
123 456 789 
456 789 123 
789 132 465 

297 814 356 
564 973 218 
831 625 974 

378 541 692 
645 297 831 
912 368 547 
===========
123 456 789 
456 789 123 
789 132 465 

297 814 536 
564 973 812 
831 625 947 

378 561 294 
645 298 371 
912 347 658 
===========
123 456 789 
456 789 123 
789 132 465 

297 814 536 
564 923 817 
831 675 294 

378 561 942 
645 298 371 
912 347 658 
===========
123 456 789 
456 789 123 
789 132 465 

297 814 536 
564 923 817 
831 675 942 

378 561 294 
645 298 371 
912 347 658 
===========
123 456 789 
456 789 123 
789 132 465 

297 814 536 
564 923 871 
831 675 294 

378 561 942 
645 298 317 
912 347 658 
===========
123 456 789 
456 789 123 
789 132 465 

297 814 536 
564 923 871 
831 675 942 

378 561 294 
645 298 317 
912 347 658 
===========
123 456 789 
456 789 123 
789 132 465 

297 814 536 
564 923 871 
831 675 294 

378 561 942 
645 297 318 
912 348 657 
===========
123 456 789 
456 789 123 
789 132 465 

297 814 536 
564 923 871 
831 675 942 

378 561 294 
645 297 318 
912 348 657 
===========
123 456 789 
456 789 123 
789 132 465 

297 814 536 
564 973 218 
831 625 947 

378 541 692 
645 298 371 
912 367 854 
===========
123 456 789 
456 789 123 
789 132 465 

297 815 346 
564 973 218 
831 624 957 

378 541 692 
645 297 831 
912 368 574 
===========
123 456 789 
456 789 123 
789 132 465 

297 815 634 
564 973 218 
831 624 597 

378 561 942 
645 298 371 
912 347 856 
===========
123 456 789 
456 789 123 
789 132 465 

297 815 634 
564 923 817 
831 647 952 

378 591 246 
645 278 391 
912 364 578 
===========
123 456 789 
456 789 123 
789 132 465 

297 815 634 
564 923 871 
831 647 952 

378 594 216 
645 271 398 
912 368 547 
===========
123 456 789 
456 789 123 
789 132 465 

297 815 634 
564 973 812 
831 624 957 

378 541 296 
645 298 371 
912 367 548 
===========
123 456 789 
456 789 123 
789 132 465 

297 815 634 
564 923 817 
831 674 952 

378 541 296 
645 298 371 
912 367 548 
===========
123 456 789 
456 789 123 
789 132 465 

297 815 634 
564 923 871 
831 674 952 

378 541 296 
645 298 317 
912 367 548 
===========
123 456 789 
456 789 123 
789 132 465 

297 815 634 
564 923 871 
831 674 952 

378 541 296 
645 297 318 
912 368 547 
===========
123 456 789 
456 789 123 
789 132 465 

297 815 634 
564 923 817 
831 647 952 

378 564 291 
645 291 378 
912 378 546 
===========
123 456 789 
456 789 123 
789 132 465 

297 841 356 
564 923 871 
831 675 294 

378 594 612 
645 218 937 
912 367 548 
===========
123 456 789 
456 789 123 
789 132 465 

297 841 356 
564 923 871 
831 675 294 

378 594 612 
645 217 938 
912 368 547 
===========
123 456 789 
456 789 123 
789 132 465 

297 841 356 
564 973 218 
831 625 947 

378 514 692 
645 297 831 
912 368 574 
===========
123 456 789 
456 789 123 
789 132 465 

297 841 356 
564 973 218 
831 625 974 

378 514 692 
645 297 831 
912 368 547 
===========
123 456 789 
456 789 123 
789 132 465 

297 841 536 
564 973 218 
831 625 947 

378 514 692 
645 298 371 
912 367 854 
===========
123 456 789 
456 789 123 
789 132 465 

297 843 516 
564 917 238 
831 625 974 

378 591 642 
645 278 391 
912 364 857 
===========
123 456 789 
456 789 123 
789 132 465 

297 843 516 
564 971 238 
831 625 947 

378 514 692 
645 298 371 
912 367 854 
===========
123 456 789 
456 789 123 
789 132 465 

297 843 516 
564 917 832 
831 625 947 

378 561 294 
645 298 371 
912 374 658 
===========
123 456 789 
456 789 123 
789 132 465 

297 843 516 
564 917 832 
831 625 947 

378 564 291 
645 291 378 
912 378 654 
===========
123 456 789 
456 789 123 
789 132 465 

297 843 651 
564 971 832 
831 625 974 

378 594 216 
645 218 397 
912 367 548 
===========
123 456 789 
456 789 123 
789 132 465 

297 843 651 
564 971 832 
831 625 947 

378 594 216 
645 217 398 
912 368 574 
===========
123 456 789 
456 789 123 
789 132 465 

297 843 651 
564 971 832 
831 625 974 

378 594 216 
645 217 398 
912 368 547 
===========
123 456 789 
456 789 123 
789 132 465 

297 843 651 
564 921 837 
831 675 942 

378 594 216 
645 217 398 
912 368 574 
===========
123 456 789 
456 789 123 
789 132 465 

297 843 651 
564 917 832 
831 625 947 

378 594 216 
645 271 398 
912 368 574 
===========
123 456 789 
456 789 123 
789 132 465 

297 843 651 
564 917 832 
831 625 974 

378 594 216 
645 271 398 
912 368 547 
===========
123 456 789 
456 789 123 
789 132 465 

297 843 651 
564 971 832 
831 625 974 

378 514 296 
645 298 317 
912 367 548 
===========
123 456 789 
456 789 123 
789 132 465 

297 843 651 
564 971 832 
831 625 947 

378 514 296 
645 297 318 
912 368 574 
===========
123 456 789 
456 789 123 
789 132 465 

297 843 651 
564 971 832 
831 625 974 

378 514 296 
645 297 318 
912 368 547 
===========
123 456 789 
456 789 123 
789 132 465 

297 843 651 
564 921 837 
831 675 942 

378 514 296 
645 297 318 
912 368 574 
===========
123 456 789 
456 789 123 
789 132 465 

297 845 316 
564 913 278 
831 627 594 

378 591 642 
645 278 931 
912 364 857 
===========
123 456 789 
456 789 123 
789 132 465 

297 845 631 
564 913 872 
831 627 954 

378 594 216 
645 271 398 
912 368 547 
===========
123 456 789 
456 789 123 
789 132 465 

297 845 631 
564 913 278 
831 627 594 

378 561 942 
645 298 317 
912 374 856 
===========
123 456 789 
456 789 123 
789 132 465 

297 613 548 
564 827 391 
831 945 276 

378 564 912 
645 291 837 
912 378 654 
===========
123 456 789 
456 789 123 
789 132 465 

297 613 548 
564 827 931 
831 945 672 

378 561 294 
645 298 317 
912 374 856 
===========
123 456 789 
456 789 123 
789 132 465 

297 613 854 
564 827 391 
831 945 276 

378 594 612 
645 271 938 
912 368 547 
===========
123 456 789 
456 789 123 
789 132 465 

297 613 854 
564 827 391 
831 945 672 

378 594 216 
645 271 938 
912 368 547 
===========
123 456 789 
456 789 123 
789 132 465 

297 613 854 
564 827 931 
831 945 276 

378 594 612 
645 271 398 
912 368 547 
===========
123 456 789 
456 789 123 
789 132 465 

297 613 854 
564 827 931 
831 945 672 

378 594 216 
645 271 398 
912 368 547 
===========
123 456 789 
456 789 123 
789 132 465 

297 614 358 
564 873 912 
831 925 647 

378 561 294 
645 297 831 
912 348 576 
===========
123 456 789 
456 789 123 
789 132 465 

297 614 358 
564 823 917 
831 975 642 

378 561 294 
645 297 831 
912 348 576 
===========
123 456 789 
456 789 123 
789 132 465 

297 614 358 
564 873 912 
831 925 647 

378 541 296 
645 297 831 
912 368 574 
===========
123 456 789 
456 789 123 
789 132 465 

297 614 358 
564 873 912 
831 925 674 

378 541 296 
645 297 831 
912 368 547 
===========
123 456 789 
456 789 123 
789 132 465 

297 614 358 
564 823 917 
831 975 246 

378 541 692 
645 297 831 
912 368 574 
===========
123 456 789 
456 789 123 
789 132 465 

297 614 358 
564 823 917 
831 975 642 

378 541 296 
645 297 831 
912 368 574 
===========
123 456 789 
456 789 123 
789 132 465 

297 614 538 
564 873 291 
831 925 674 

378 561 942 
645 298 317 
912 347 856 
===========
123 456 789 
456 789 123 
789 132 465 

297 614 538 
564 873 912 
831 925 647 

378 561 294 
645 298 371 
912 347 856 
===========
123 456 789 
456 789 123 
789 132 465 

297 614 538 
564 823 917 
831 975 642 

378 561 294 
645 298 371 
912 347 856 
===========
123 456 789 
456 789 123 
789 132 465 

297 614 538 
564 823 971 
831 975 642 

378 561 294 
645 298 317 
912 347 856 
===========
123 456 789 
456 789 123 
789 132 465 

297 614 538 
564 873 912 
831 925 647 

378 541 296 
645 298 371 
912 367 854 
===========
123 456 789 
456 789 123 
789 132 465 

297 614 538 
564 823 917 
831 975 246 

378 541 692 
645 298 371 
912 367 854 
===========
123 456 789 
456 789 123 
789 132 465 

297 614 538 
564 823 917 
831 975 642 

378 541 296 
645 298 371 
912 367 854 
===========
123 456 789 
456 789 123 
789 132 465 

297 614 538 
564 823 971 
831 975 246 

378 541 692 
645 298 317 
912 367 854 
===========
123 456 789 
456 789 123 
789 132 465 

297 614 538 
564 823 971 
831 975 642 

378 541 296 
645 298 317 
912 367 854 
===========
123 456 789 
456 789 123 
789 132 465 

297 615 348 
564 873 912 
831 924 576 

378 561 294 
645 297 831 
912 348 657 
===========
123 456 789 
456 789 123 
789 132 465 

297 615 348 
564 873 912 
831 924 657 

378 561 294 
645 297 831 
912 348 576 
===========
123 456 789 
456 789 123 
789 132 465 

297 615 348 
564 823 917 
831 974 652 

378 561 294 
645 297 831 
912 348 576 
===========
123 456 789 
456 789 123 
789 132 465 

297 615 348 
564 873 912 
831 924 657 

378 541 296 
645 297 831 
912 368 574 
===========
123 456 789 
456 789 123 
789 132 465 

297 615 348 
564 823 917 
831 974 256 

378 541 692 
645 297 831 
912 368 574 
===========
123 456 789 
456 789 123 
789 132 465 

297 615 348 
564 823 917 
831 974 652 

378 541 296 
645 297 831 
912 368 574 
===========
123 456 789 
456 789 123 
789 132 465 

297 615 834 
564 873 291 
831 924 576 

378 561 942 
645 298 317 
912 347 658 
===========
123 456 789 
456 789 123 
789 132 465 

297 615 834 
564 873 291 
831 924 576 

378 561 942 
645 297 318 
912 348 657 
===========
123 456 789 
456 789 123 
789 132 465 

297 615 834 
564 873 291 
831 924 657 

378 561 942 
645 297 318 
912 348 576 
===========
123 456 789 
456 789 123 
789 132 465 

297 615 834 
564 823 917 
831 947 256 

378 591 642 
645 278 391 
912 364 578 
===========
123 456 789 
456 789 123 
789 132 465 

297 615 834 
564 823 917 
831 947 652 

378 591 246 
645 278 391 
912 364 578 
===========
123 456 789 
456 789 123 
789 132 465 

297 615 834 
564 823 971 
831 947 256 

378 594 612 
645 271 398 
912 368 547 
===========
123 456 789 
456 789 123 
789 132 465 

297 615 834 
564 823 971 
831 947 652 

378 594 216 
645 271 398 
912 368 547 
===========
123 456 789 
456 789 123 
789 132 465 

297 615 834 
564 873 912 
831 924 657 

378 541 296 
645 298 371 
912 367 548 
===========
123 456 789 
456 789 123 
789 132 465 

297 615 834 
564 823 917 
831 974 256 

378 541 692 
645 298 371 
912 367 548 
===========
123 456 789 
456 789 123 
789 132 465 

297 615 834 
564 823 917 
831 974 652 

378 541 296 
645 298 371 
912 367 548 
===========
123 456 789 
456 789 123 
789 132 465 

297 615 834 
564 823 971 
831 974 256 

378 541 692 
645 298 317 
912 367 548 
===========
123 456 789 
456 789 123 
789 132 465 

297 615 834 
564 823 971 
831 974 652 

378 541 296 
645 298 317 
912 367 548 
===========
123 456 789 
456 789 123 
789 132 465 

297 615 834 
564 823 971 
831 974 256 

378 541 692 
645 297 318 
912 368 547 
===========
123 456 789 
456 789 123 
789 132 465 

297 615 834 
564 823 971 
831 974 652 

378 541 296 
645 297 318 
912 368 547 
===========
123 456 789 
456 789 123 
789 132 465 

297 615 834 
564 823 917 
831 947 652 

378 564 291 
645 291 378 
912 378 546 
===========
123 456 789 
456 789 123 
789 132 465 

297 641 358 
564 873 912 
831 925 647 

378 514 296 
645 297 831 
912 368 574 
===========
123 456 789 
456 789 123 
789 132 465 

297 641 358 
564 873 912 
831 925 674 

378 514 296 
645 297 831 
912 368 547 
===========
123 456 789 
456 789 123 
789 132 465 

297 641 358 
564 823 917 
831 975 246 

378 514 692 
645 297 831 
912 368 574 
===========
123 456 789 
456 789 123 
789 132 465 

297 641 358 
564 823 917 
831 975 642 

378 514 296 
645 297 831 
912 368 574 
===========
123 456 789 
456 789 123 
789 132 465 

297 641 538 
564 823 971 
831 975 246 

378 594 612 
645 218 397 
912 367 854 
===========
123 456 789 
456 789 123 
789 132 465 

297 641 538 
564 823 971 
831 975 642 

378 594 216 
645 218 397 
912 367 854 
===========
123 456 789 
456 789 123 
789 132 465 

297 641 538 
564 873 912 
831 925 647 

378 514 296 
645 298 371 
912 367 854 
===========
123 456 789 
456 789 123 
789 132 465 

297 641 538 
564 823 917 
831 975 246 

378 514 692 
645 298 371 
912 367 854 
===========
123 456 789 
456 789 123 
789 132 465 

297 641 538 
564 823 917 
831 975 642 

378 514 296 
645 298 371 
912 367 854 
===========
123 456 789 
456 789 123 
789 132 465 

297 641 538 
564 823 971 
831 975 246 

378 514 692 
645 298 317 
912 367 854 
===========
123 456 789 
456 789 123 
789 132 465 

297 641 538 
564 823 971 
831 975 642 

378 514 296 
645 298 317 
912 367 854 
===========
123 456 789 
456 789 123 
789 132 465 

297 643 518 
564 817 392 
831 925 674 

378 591 246 
645 278 931 
912 364 857 
===========
123 456 789 
456 789 123 
789 132 465 

297 643 518 
564 817 932 
831 925 674 

378 591 246 
645 278 391 
912 364 857 
===========
123 456 789 
456 789 123 
789 132 465 

297 643 518 
564 871 932 
831 925 647 

378 514 296 
645 298 371 
912 367 854 
===========
123 456 789 
456 789 123 
789 132 465 

297 643 518 
564 821 937 
831 975 246 

378 514 692 
645 298 371 
912 367 854 
===========
123 456 789 
456 789 123 
789 132 465 

297 643 518 
564 821 937 
831 975 642 

378 514 296 
645 298 371 
912 367 854 
===========
123 456 789 
456 789 123 
789 132 465 

297 643 518 
564 817 932 
831 925 647 

378 561 294 
645 298 371 
912 374 856 
===========
123 456 789 
456 789 123 
789 132 465 

297 643 851 
564 871 392 
831 925 674 

378 594 216 
645 218 937 
912 367 548 
===========
123 456 789 
456 789 123 
789 132 465 

297 643 851 
564 871 392 
831 925 647 

378 594 216 
645 217 938 
912 368 574 
===========
123 456 789 
456 789 123 
789 132 465 

297 643 851 
564 871 392 
831 925 674 

378 594 216 
645 217 938 
912 368 547 
===========
123 456 789 
456 789 123 
789 132 465 

297 643 851 
564 871 932 
831 925 674 

378 594 216 
645 218 397 
912 367 548 
===========
123 456 789 
456 789 123 
789 132 465 

297 643 851 
564 871 932 
831 925 647 

378 594 216 
645 217 398 
912 368 574 
===========
123 456 789 
456 789 123 
789 132 465 

297 643 851 
564 871 932 
831 925 674 

378 594 216 
645 217 398 
912 368 547 
===========
123 456 789 
456 789 123 
789 132 465 

297 643 851 
564 821 397 
831 975 246 

378 594 612 
645 217 938 
912 368 574 
===========
123 456 789 
456 789 123 
789 132 465 

297 643 851 
564 821 397 
831 975 642 

378 594 216 
645 217 938 
912 368 574 
===========
123 456 789 
456 789 123 
789 132 465 

297 643 851 
564 821 937 
831 975 246 

378 594 612 
645 217 398 
912 368 574 
===========
123 456 789 
456 789 123 
789 132 465 

297 643 851 
564 821 937 
831 975 642 

378 594 216 
645 217 398 
912 368 574 
===========
123 456 789 
456 789 123 
789 132 465 

297 643 851 
564 817 392 
831 925 647 

378 594 216 
645 271 938 
912 368 574 
===========
123 456 789 
456 789 123 
789 132 465 

297 643 851 
564 817 392 
831 925 674 

378 594 216 
645 271 938 
912 368 547 
===========
123 456 789 
456 789 123 
789 132 465 

297 643 851 
564 817 932 
831 925 647 

378 594 216 
645 271 398 
912 368 574 
===========
123 456 789 
456 789 123 
789 132 465 

297 643 851 
564 817 932 
831 925 674 

378 594 216 
645 271 398 
912 368 547 
===========
123 456 789 
456 789 123 
789 132 465 

297 643 851 
564 871 932 
831 925 674 

378 514 296 
645 298 317 
912 367 548 
===========
123 456 789 
456 789 123 
789 132 465 

297 643 851 
564 871 932 
831 925 647 

378 514 296 
645 297 318 
912 368 574 
===========
123 456 789 
456 789 123 
789 132 465 

297 643 851 
564 871 932 
831 925 674 

378 514 296 
645 297 318 
912 368 547 
===========
123 456 789 
456 789 123 
789 132 465 

297 643 851 
564 821 937 
831 975 246 

378 514 692 
645 297 318 
912 368 574 
===========
123 456 789 
456 789 123 
789 132 465 

297 643 851 
564 821 937 
831 975 642 

378 514 296 
645 297 318 
912 368 574 
===========
123 456 789 
456 789 123 
789 132 465 

297 645 318 
564 813 972 
831 927 546 

378 564 291 
645 291 837 
912 378 654 
===========
123 456 789 
456 789 123 
789 132 465 

297 645 318 
564 813 972 
831 927 654 

378 564 291 
645 291 837 
912 378 546 
===========
123 456 789 
456 789 123 
789 132 465 

297 645 831 
564 813 972 
831 927 654 

378 594 216 
645 271 398 
912 368 547 
===========
123 456 789 
456 789 123 
789 132 465 

297 645 831 
564 813 297 
831 927 546 

378 564 912 
645 291 378 
912 378 654 
===========
123 456 789 
456 789 123 
789 132 465 

297 645 831 
564 813 297 
831 927 654 

378 564 912 
645 291 378 
912 378 546 
===========
123 456 789 
456 789 123 
789 132 465 

297 645 831 
564 813 972 
831 927 546 

378 561 294 
645 298 317 
912 374 658 
===========
123 456 789 
456 789 123 
789 132 465 

297 813 546 
564 927 831 
831 564 972 

378 695 214 
645 271 398 
912 348 657 
===========
123 456 789 
456 789 123 
789 132 465 

297 813 546 
564 927 318 
831 564 972 

378 645 291 
645 291 837 
912 378 654 
===========
123 456 789 
456 789 123 
789 132 465 

297 813 546 
564 927 831 
831 564 297 

378 645 912 
645 291 378 
912 378 654 
===========
123 456 789 
456 789 123 
789 132 465 

297 813 654 
564 927 318 
831 564 297 

378 691 542 
645 278 931 
912 345 876 
===========
123 456 789 
456 789 123 
789 132 465 

297 813 654 
564 927 318 
831 564 972 

378 645 291 
645 291 837 
912 378 546 
===========
123 456 789 
456 789 123 
789 132 465 

297 813 654 
564 927 831 
831 564 297 

378 645 912 
645 291 378 
912 378 546 
===========
123 456 789 
456 789 123 
789 132 465 

297 814 356 
564 923 817 
831 567 294 

378 691 542 
645 278 931 
912 345 678 
===========
123 456 789 
456 789 123 
789 132 465 

297 814 536 
564 923 817 
831 567 942 

378 691 254 
645 278 391 
912 345 678 
===========
123 456 789 
456 789 123 
789 132 465 

297 814 536 
564 923 871 
831 567 942 

378 695 214 
645 271 398 
912 348 657 
===========
123 456 789 
456 789 123 
789 132 465 

297 814 536 
564 923 817 
831 567 294 

378 641 952 
645 298 371 
912 375 648 
===========
123 456 789 
456 789 123 
789 132 465 

297 814 536 
564 923 817 
831 567 942 

378 645 291 
645 291 378 
912 378 654 
===========
123 456 789 
456 789 123 
789 132 465 

297 814 536 
564 923 871 
831 567 294 

378 641 952 
645 298 317 
912 375 648 
===========
123 456 789 
456 789 123 
789 132 465 

297 841 356 
564 923 871 
831 567 294 

378 694 512 
645 218 937 
912 375 648 
===========
123 456 789 
456 789 123 
789 132 465 

297 841 536 
564 923 871 
831 567 942 

378 695 214 
645 218 397 
912 374 658 
===========
123 456 789 
456 789 123 
789 132 465 

297 841 536 
564 923 817 
831 567 294 

378 615 942 
645 298 371 
912 374 658 
===========
123 456 789 
456 789 123 
789 132 465 

297 841 536 
564 923 817 
831 567 942 

378 615 294 
645 298 371 
912 374 658 
===========
123 456 789 
456 789 123 
789 132 465 

297 841 536 
564 923 817 
831 567 294 

378 614 952 
645 298 371 
912 375 648 
===========
123 456 789 
456 789 123 
789 132 465 

297 841 536 
564 923 871 
831 567 294 

378 615 942 
645 298 317 
912 374 658 
===========
123 456 789 
456 789 123 
789 132 465 

297 841 536 
564 923 871 
831 567 942 

378 615 294 
645 298 317 
912 374 658 
===========
123 456 789 
456 789 123 
789 132 465 

297 841 536 
564 923 871 
831 567 294 

378 614 952 
645 298 317 
912 375 648 
===========
123 456 789 
456 789 123 
789 132 465 

297 843 516 
564 921 837 
831 567 294 

378 615 942 
645 298 371 
912 374 658 
===========
123 456 789 
456 789 123 
789 132 465 

297 843 516 
564 921 837 
831 567 942 

378 615 294 
645 298 371 
912 374 658 
===========
123 456 789 
456 789 123 
789 132 465 

297 843 516 
564 921 837 
831 567 294 

378 614 952 
645 298 371 
912 375 648 
===========
123 456 789 
456 789 123 
789 132 465 

297 843 651 
564 921 378 
831 567 294 

378 694 512 
645 218 937 
912 375 846 
===========
123 456 789 
456 789 123 
789 132 465 

297 861 354 
564 973 812 
831 524 697 

378 695 241 
645 217 938 
912 348 576 
===========
123 456 789 
456 789 123 
789 132 465 

297 861 354 
564 923 817 
831 574 692 

378 695 241 
645 217 938 
912 348 576 
===========
123 456 789 
456 789 123 
789 132 465 

297 861 354 
564 973 218 
831 524 697 

378 615 942 
645 297 831 
912 348 576 
===========
123 456 789 
456 789 123 
789 132 465 

297 861 354 
564 923 871 
831 547 296 

378 694 512 
645 218 937 
912 375 648 
===========
123 456 789 
456 789 123 
789 132 465 

297 861 534 
564 973 812 
831 524 976 

378 695 241 
645 218 397 
912 347 658 
===========
123 456 789 
456 789 123 
789 132 465 

297 861 534 
564 973 812 
831 524 976 

378 695 241 
645 217 398 
912 348 657 
===========
123 456 789 
456 789 123 
789 132 465 

297 861 534 
564 973 218 
831 524 697 

378 615 942 
645 298 371 
912 347 856 
===========
123 456 789 
456 789 123 
789 132 465 

297 861 534 
564 923 817 
831 574 296 

378 615 942 
645 298 371 
912 347 658 
===========
123 456 789 
456 789 123 
789 132 465 

297 861 534 
564 923 871 
831 574 296 

378 615 942 
645 298 317 
912 347 658 
===========
123 456 789 
456 789 123 
789 132 465 

297 861 534 
564 923 871 
831 574 296 

378 615 942 
645 297 318 
912 348 657 
===========
123 456 789 
456 789 123 
789 132 465 

297 861 534 
564 923 817 
831 547 296 

378 615 942 
645 298 371 
912 374 658 
===========
123 456 789 
456 789 123 
789 132 465 

297 861 534 
564 923 817 
831 547 296 

378 614 952 
645 298 371 
912 375 648 
===========
123 456 789 
456 789 123 
789 132 465 

297 861 534 
564 923 871 
831 547 296 

378 615 942 
645 298 317 
912 374 658 
===========
123 456 789 
456 789 123 
789 132 465 

297 861 534 
564 923 871 
831 547 296 

378 614 952 
645 298 317 
912 375 648 
===========
123 456 789 
456 789 123 
789 132 465 

297 863 514 
564 971 832 
831 524 976 

378 695 241 
645 218 397 
912 347 658 
===========
123 456 789 
456 789 123 
789 132 465 

297 863 514 
564 971 832 
831 524 976 

378 695 241 
645 217 398 
912 348 657 
===========
123 456 789 
456 789 123 
789 132 465 

297 863 514 
564 921 378 
831 574 692 

378 695 241 
645 218 937 
912 347 856 
===========
123 456 789 
456 789 123 
789 132 465 

297 863 514 
564 917 832 
831 524 976 

378 695 241 
645 271 398 
912 348 657 
===========
123 456 789 
456 789 123 
789 132 465 

297 863 514 
564 971 238 
831 524 697 

378 615 942 
645 298 371 
912 347 856 
===========
123 456 789 
456 789 123 
789 132 465 

297 863 514 
564 921 378 
831 574 296 

378 615 942 
645 297 831 
912 348 657 
===========
123 456 789 
456 789 123 
789 132 465 

297 863 514 
564 921 837 
831 574 296 

378 615 942 
645 298 371 
912 347 658 
===========
123 456 789 
456 789 123 
789 132 465 

297 863 514 
564 921 378 
831 547 692 

378 695 241 
645 218 937 
912 374 856 
===========
123 456 789 
456 789 123 
789 132 465 

297 863 514 
564 921 378 
831 547 692 

378 694 251 
645 218 937 
912 375 846 
===========
123 456 789 
456 789 123 
789 132 465 

297 863 514 
564 921 837 
831 547 296 

378 615 942 
645 298 371 
912 374 658 
===========
123 456 789 
456 789 123 
789 132 465 

297 863 514 
564 921 837 
831 547 296 

378 614 952 
645 298 371 
912 375 648 
===========
123 456 789 
456 789 123 
789 132 465 

297 863 514 
564 917 238 
831 524 697 

378 641 952 
645 298 371 
912 375 846 
===========
123 456 789 
456 789 123 
789 132 465 

297 863 541 
564 971 832 
831 524 976 

378 695 214 
645 218 397 
912 347 658 
===========
123 456 789 
456 789 123 
789 132 465 

297 863 541 
564 971 832 
831 524 976 

378 695 214 
645 217 398 
912 348 657 
===========
123 456 789 
456 789 123 
789 132 465 

297 863 541 
564 921 378 
831 574 692 

378 695 214 
645 218 937 
912 347 856 
===========
123 456 789 
456 789 123 
789 132 465 

297 863 541 
564 917 832 
831 524 976 

378 695 214 
645 271 398 
912 348 657 
===========
123 456 789 
456 789 123 
789 132 465 

297 863 541 
564 971 832 
831 524 976 

378 615 294 
645 298 317 
912 347 658 
===========
123 456 789 
456 789 123 
789 132 465 

297 863 541 
564 971 832 
831 524 976 

378 615 294 
645 297 318 
912 348 657 
===========
123 456 789 
456 789 123 
789 132 465 

297 863 541 
564 921 378 
831 547 692 

378 695 214 
645 218 937 
912 374 856 
===========
123 456 789 
456 789 123 
789 132 465 

297 864 351 
564 913 278 
831 527 694 

378 645 912 
645 291 837 
912 378 546 
===========
123 456 789 
456 789 123 
789 132 465 

297 864 531 
564 913 872 
831 527 946 

378 695 214 
645 271 398 
912 348 657 
===========
123 456 789 
456 789 123 
789 132 465 

297 864 531 
564 913 278 
831 527 694 

378 641 952 
645 298 317 
912 375 846 
===========
123 456 789 
456 789 123 
789 132 465 

297 513 846 
564 827 391 
831 964 572 

378 695 214 
645 271 938 
912 348 657 
===========
123 456 789 
456 789 123 
789 132 465 

297 513 846 
564 827 931 
831 964 572 

378 695 214 
645 271 398 
912 348 657 
===========
123 456 789 
456 789 123 
789 132 465 

297 514 638 
564 823 917 
831 967 254 

378 691 542 
645 278 391 
912 345 876 
===========
123 456 789 
456 789 123 
789 132 465 

297 514 638 
564 823 917 
831 967 542 

378 691 254 
645 278 391 
912 345 876 
===========
123 456 789 
456 789 123 
789 132 465 

297 514 638 
564 823 917 
831 967 254 

378 641 592 
645 298 371 
912 375 846 
===========
123 456 789 
456 789 123 
789 132 465 

297 514 638 
564 823 971 
831 967 254 

378 641 592 
645 298 317 
912 375 846 
===========
123 456 789 
456 789 123 
789 132 465 

297 514 836 
564 823 917 
831 967 254 

378 691 542 
645 278 391 
912 345 678 
===========
123 456 789 
456 789 123 
789 132 465 

297 514 836 
564 823 917 
831 967 542 

378 691 254 
645 278 391 
912 345 678 
===========
123 456 789 
456 789 123 
789 132 465 

297 514 836 
564 823 971 
831 967 542 

378 695 214 
645 271 398 
912 348 657 
===========
123 456 789 
456 789 123 
789 132 465 

297 514 836 
564 823 917 
831 967 254 

378 641 592 
645 298 371 
912 375 648 
===========
