123 457 689 
456 189 237 
789 263 514 

297 814 356 
564 932 178 
831 675 942 

378 596 421 
645 721 893 
912 348 765 
===========
123 457 689 
456 189 237 
789 263 514 

297 814 356 
564 932 178 
831 675 492 

378 526 941 
645 791 823 
912 348 765 
===========
123 457 689 
456 189 237 
789 263 514 

297 814 356 
564 932 178 
831 675 942 

378 526 491 
645 791 823 
912 348 765 
===========
123 457 689 
456 189 237 
789 263 514 

297 814 365 
564 932 178 
831 675 942 

378 596 421 
645 721 893 
912 348 756 
===========
123 457 689 
456 189 237 
789 263 514 

297 814 365 
564 932 871 
831 675 942 

378 591 426 
645 728 193 
912 346 758 
===========
123 457 689 
456 189 237 
789 263 514 

297 814 365 
564 932 178 
831 675 492 

378 526 941 
645 791 823 
912 348 756 
===========
123 457 689 
456 189 237 
789 263 514 

297 814 365 
564 932 178 
831 675 942 

378 526 491 
645 791 823 
912 348 756 
===========
123 457 689 
456 189 237 
789 263 514 

297 814 365 
564 932 871 
831 675 492 

378 521 946 
645 798 123 
912 346 758 
===========
123 457 689 
456 189 237 
789 263 514 

297 814 365 
564 932 871 
831 675 942 

378 521 496 
645 798 123 
912 346 758 
===========
123 457 689 
456 189 237 
789 263 514 

297 815 346 
564 932 178 
831 674 952 

378 596 421 
645 721 893 
912 348 765 
===========
123 457 689 
456 189 237 
789 263 514 

297 815 346 
564 932 871 
831 674 925 

378 591 462 
645 728 193 
912 346 758 
===========
123 457 689 
456 189 237 
789 263 514 

297 815 346 
564 932 178 
831 674 952 

378 526 491 
645 791 823 
912 348 765 
===========
123 457 689 
456 189 237 
789 263 514 

297 815 463 
564 932 871 
831 674 925 

378 596 142 
645 721 398 
912 348 756 
===========
123 457 689 
456 189 237 
789 263 514 

297 834 156 
564 921 378 
831 675 942 

378 596 421 
645 712 893 
912 348 765 
===========
123 457 689 
456 189 237 
789 263 514 

297 834 156 
564 921 873 
831 675 942 

378 596 421 
645 712 398 
912 348 765 
===========
123 457 689 
456 189 237 
789 263 514 

297 834 156 
564 912 378 
831 675 942 

378 596 421 
645 721 893 
912 348 765 
===========
123 457 689 
456 189 237 
789 263 514 

297 834 156 
564 912 873 
831 675 942 

378 596 421 
645 721 398 
912 348 765 
===========
123 457 689 
456 189 237 
789 263 514 

297 834 156 
564 912 378 
831 675 492 

378 526 941 
645 791 823 
912 348 765 
===========
123 457 689 
456 189 237 
789 263 514 

297 834 156 
564 912 378 
831 675 942 

378 526 491 
645 791 823 
912 348 765 
===========
123 457 689 
456 189 237 
789 263 514 

297 834 156 
564 912 873 
831 675 492 

378 526 941 
645 791 328 
912 348 765 
===========
123 457 689 
456 189 237 
789 263 514 

297 834 156 
564 912 873 
831 675 942 

378 526 491 
645 791 328 
912 348 765 
===========
123 457 689 
456 189 237 
789 263 514 

297 834 165 
564 921 378 
831 675 942 

378 596 421 
645 712 893 
912 348 756 
===========
123 457 689 
456 189 237 
789 263 514 

297 834 165 
564 921 873 
831 675 942 

378 596 421 
645 712 398 
912 348 756 
===========
123 457 689 
456 189 237 
789 263 514 

297 834 165 
564 912 378 
831 675 942 

378 596 421 
645 721 893 
912 348 756 
===========
123 457 689 
456 189 237 
789 263 514 

297 834 165 
564 912 873 
831 675 942 

378 591 426 
645 728 391 
912 346 758 
===========
123 457 689 
456 189 237 
789 263 514 

297 834 165 
564 912 873 
831 675 942 

378 596 421 
645 721 398 
912 348 756 
===========
123 457 689 
456 189 237 
789 263 514 

297 834 165 
564 921 873 
831 675 492 

378 512 946 
645 798 321 
912 346 758 
===========
123 457 689 
456 189 237 
789 263 514 

297 834 165 
564 921 873 
831 675 942 

378 512 496 
645 798 321 
912 346 758 
===========
123 457 689 
456 189 237 
789 263 514 

297 834 165 
564 912 378 
831 675 492 

378 526 941 
645 791 823 
912 348 756 
===========
123 457 689 
456 189 237 
789 263 514 

297 834 165 
564 912 378 
831 675 942 

378 526 491 
645 791 823 
912 348 756 
===========
123 457 689 
456 189 237 
789 263 514 

297 834 165 
564 912 873 
831 675 492 

378 521 946 
645 798 321 
912 346 758 
===========
123 457 689 
456 189 237 
789 263 514 

297 834 165 
564 912 873 
831 675 942 

378 521 496 
645 798 321 
912 346 758 
===========
123 457 689 
456 189 237 
789 263 514 

297 834 165 
564 912 873 
831 675 492 

378 526 941 
645 791 328 
912 348 756 
===========
123 457 689 
456 189 237 
789 263 514 

297 834 165 
564 912 873 
831 675 942 

378 526 491 
645 791 328 
912 348 756 
===========
123 457 689 
456 189 237 
789 263 514 

297 835 146 
564 971 823 
831 624 975 

378 592 461 
645 718 392 
912 346 758 
===========
123 457 689 
456 189 237 
789 263 514 

297 835 146 
564 921 378 
831 674 952 

378 596 421 
645 712 893 
912 348 765 
===========
123 457 689 
456 189 237 
789 263 514 

297 835 146 
564 921 873 
831 674 925 

378 592 461 
645 718 392 
912 346 758 
===========
123 457 689 
456 189 237 
789 263 514 

297 835 146 
564 921 873 
831 674 952 

378 596 421 
645 712 398 
912 348 765 
===========
123 457 689 
456 189 237 
789 263 514 

297 835 146 
564 912 378 
831 674 952 

378 596 421 
645 721 893 
912 348 765 
===========
123 457 689 
456 189 237 
789 263 514 

297 835 146 
564 912 873 
831 674 925 

378 591 462 
645 728 391 
912 346 758 
===========
123 457 689 
456 189 237 
789 263 514 

297 835 146 
564 912 873 
831 674 952 

378 596 421 
645 721 398 
912 348 765 
===========
123 457 689 
456 189 237 
789 263 514 

297 835 146 
564 912 378 
831 674 952 

378 526 491 
645 791 823 
912 348 765 
===========
123 457 689 
456 189 237 
789 263 514 

297 835 146 
564 912 873 
831 674 952 

378 526 491 
645 791 328 
912 348 765 
===========
123 457 689 
456 189 237 
789 263 514 

297 835 461 
564 971 328 
831 624 975 

378 596 142 
645 712 893 
912 348 756 
===========
123 457 689 
456 189 237 
789 263 514 

297 835 461 
564 971 823 
831 624 975 

378 592 146 
645 718 392 
912 346 758 
===========
123 457 689 
456 189 237 
789 263 514 

297 835 461 
564 971 823 
831 624 975 

378 596 142 
645 712 398 
912 348 756 
===========
123 457 689 
456 189 237 
789 263 514 

297 835 461 
564 921 378 
831 674 925 

378 596 142 
645 712 893 
912 348 756 
===========
123 457 689 
456 189 237 
789 263 514 

297 835 461 
564 921 873 
831 674 925 

378 592 146 
645 718 392 
912 346 758 
===========
123 457 689 
456 189 237 
789 263 514 

297 835 461 
564 921 873 
831 674 925 

378 596 142 
645 712 398 
912 348 756 
===========
123 457 689 
456 189 237 
789 263 514 

297 835 461 
564 912 378 
831 674 925 

378 596 142 
645 721 893 
912 348 756 
===========
123 457 689 
456 189 237 
789 263 514 

297 835 461 
564 912 873 
831 674 925 

378 596 142 
645 721 398 
912 348 756 
===========
123 457 689 
456 189 237 
789 263 514 

297 614 358 
564 832 971 
831 975 426 

378 596 142 
645 721 893 
912 348 765 
===========
123 457 689 
456 189 237 
789 263 514 

297 614 358 
564 832 791 
831 975 462 

378 521 946 
645 798 123 
912 346 875 
===========
123 457 689 
456 189 237 
789 263 514 

297 614 853 
564 832 971 
831 975 426 

378 596 142 
645 721 398 
912 348 765 
===========
123 457 689 
456 189 237 
789 263 514 

297 634 158 
564 871 392 
831 925 746 

378 592 461 
645 718 923 
912 346 875 
===========
123 457 689 
456 189 237 
789 263 514 

297 634 158 
564 871 923 
831 925 746 

378 592 461 
645 718 392 
912 346 875 
===========
123 457 689 
456 189 237 
789 263 514 

297 634 158 
564 821 793 
831 975 462 

378 512 946 
645 798 321 
912 346 875 
===========
123 457 689 
456 189 237 
789 263 514 

297 634 158 
564 812 793 
831 975 462 

378 521 946 
645 798 321 
912 346 875 
===========
123 457 689 
456 189 237 
789 263 514 

297 634 851 
564 871 923 
831 925 476 

378 596 142 
645 712 398 
912 348 765 
===========
123 457 689 
456 189 237 
789 263 514 

297 634 851 
564 821 973 
831 975 426 

378 596 142 
645 712 398 
912 348 765 
===========
123 457 689 
456 189 237 
789 263 514 

297 634 851 
564 812 973 
831 975 426 

378 596 142 
645 721 398 
912 348 765 
===========
123 457 689 
456 189 237 
789 263 514 

297 635 148 
564 871 392 
831 924 756 

378 592 461 
645 718 923 
912 346 875 
===========
123 457 689 
456 189 237 
789 263 514 

297 635 148 
564 871 923 
831 924 756 

378 592 461 
645 718 392 
912 346 875 
===========
123 457 689 
456 189 237 
789 263 514 

297 814 356 
564 932 178 
831 576 942 

378 695 421 
645 721 893 
912 348 765 
===========
123 457 689 
456 189 237 
789 263 514 

297 814 356 
564 932 871 
831 576 942 

378 691 425 
645 728 193 
912 345 768 
===========
123 457 689 
456 189 237 
789 263 514 

297 814 356 
564 932 178 
831 576 492 

378 625 941 
645 791 823 
912 348 765 
===========
123 457 689 
456 189 237 
789 263 514 

297 814 356 
564 932 178 
831 576 942 

378 625 491 
645 791 823 
912 348 765 
===========
123 457 689 
456 189 237 
789 263 514 

297 814 356 
564 932 871 
831 576 492 

378 621 945 
645 798 123 
912 345 768 
===========
123 457 689 
456 189 237 
789 263 514 

297 814 356 
564 932 871 
831 576 942 

378 621 495 
645 798 123 
912 345 768 
===========
123 457 689 
456 189 237 
789 263 514 

297 814 365 
564 932 178 
831 576 942 

378 695 421 
645 721 893 
912 348 756 
===========
123 457 689 
456 189 237 
789 263 514 

297 814 365 
564 932 178 
831 576 492 

378 625 941 
645 791 823 
912 348 756 
===========
123 457 689 
456 189 237 
789 263 514 

297 814 365 
564 932 178 
831 576 942 

378 625 491 
645 791 823 
912 348 756 
===========
123 457 689 
456 189 237 
789 263 514 

297 816 345 
564 932 178 
831 574 962 

378 695 421 
645 721 893 
912 348 756 
===========
123 457 689 
456 189 237 
789 263 514 

297 816 345 
564 932 871 
831 574 926 

378 691 452 
645 728 193 
912 345 768 
===========
123 457 689 
456 189 237 
789 263 514 

297 816 345 
564 932 178 
831 574 962 

378 625 491 
645 791 823 
912 348 756 
===========
123 457 689 
456 189 237 
789 263 514 

297 816 453 
564 932 871 
831 574 926 

378 695 142 
645 721 398 
912 348 765 
===========
123 457 689 
456 189 237 
789 263 514 

297 834 156 
564 921 378 
831 576 942 

378 695 421 
645 712 893 
912 348 765 
===========
123 457 689 
456 189 237 
789 263 514 

297 834 156 
564 921 873 
831 576 942 

378 695 421 
645 712 398 
912 348 765 
===========
123 457 689 
456 189 237 
789 263 514 

297 834 156 
564 912 378 
831 576 942 

378 695 421 
645 721 893 
912 348 765 
===========
123 457 689 
456 189 237 
789 263 514 

297 834 156 
564 912 873 
831 576 942 

378 691 425 
645 728 391 
912 345 768 
===========
123 457 689 
456 189 237 
789 263 514 

297 834 156 
564 912 873 
831 576 942 

378 695 421 
645 721 398 
912 348 765 
===========
123 457 689 
456 189 237 
789 263 514 

297 834 156 
564 921 873 
831 576 492 

378 612 945 
645 798 321 
912 345 768 
===========
123 457 689 
456 189 237 
789 263 514 

297 834 156 
564 921 873 
831 576 942 

378 612 495 
645 798 321 
912 345 768 
===========
123 457 689 
456 189 237 
789 263 514 

297 834 156 
564 912 378 
831 576 492 

378 625 941 
645 791 823 
912 348 765 
===========
123 457 689 
456 189 237 
789 263 514 

297 834 156 
564 912 378 
831 576 942 

378 625 491 
645 791 823 
912 348 765 
===========
123 457 689 
456 189 237 
789 263 514 

297 834 156 
564 912 873 
831 576 492 

378 621 945 
645 798 321 
912 345 768 
===========
123 457 689 
456 189 237 
789 263 514 

297 834 156 
564 912 873 
831 576 942 

378 621 495 
645 798 321 
912 345 768 
===========
123 457 689 
456 189 237 
789 263 514 

297 834 156 
564 912 873 
831 576 492 

378 625 941 
645 791 328 
912 348 765 
===========
123 457 689 
456 189 237 
789 263 514 

297 834 156 
564 912 873 
831 576 942 

378 625 491 
645 791 328 
912 348 765 
===========
123 457 689 
456 189 237 
789 263 514 

297 834 165 
564 921 378 
831 576 942 

378 695 421 
645 712 893 
912 348 756 
===========
123 457 689 
456 189 237 
789 263 514 

297 834 165 
564 921 873 
831 576 942 

378 695 421 
645 712 398 
912 348 756 
===========
123 457 689 
456 189 237 
789 263 514 

297 834 165 
564 912 378 
831 576 942 

378 695 421 
645 721 893 
912 348 756 
===========
123 457 689 
456 189 237 
789 263 514 

297 834 165 
564 912 873 
831 576 942 

378 695 421 
645 721 398 
912 348 756 
===========
123 457 689 
456 189 237 
789 263 514 

297 834 165 
564 912 378 
831 576 492 

378 625 941 
645 791 823 
912 348 756 
===========
123 457 689 
456 189 237 
789 263 514 

297 834 165 
564 912 378 
831 576 942 

378 625 491 
645 791 823 
912 348 756 
===========
123 457 689 
456 189 237 
789 263 514 

297 834 165 
564 912 873 
831 576 492 

378 625 941 
645 791 328 
912 348 756 
===========
123 457 689 
456 189 237 
789 263 514 

297 834 165 
564 912 873 
831 576 942 

378 625 491 
645 791 328 
912 348 756 
===========
123 457 689 
456 189 237 
789 263 514 

297 836 145 
564 971 823 
831 524 976 

378 692 451 
645 718 392 
912 345 768 
===========
123 457 689 
456 189 237 
789 263 514 

297 836 145 
564 921 378 
831 574 962 

378 695 421 
645 712 893 
912 348 756 
===========
123 457 689 
456 189 237 
789 263 514 

297 836 145 
564 921 873 
831 574 926 

378 692 451 
645 718 392 
912 345 768 
===========
123 457 689 
456 189 237 
789 263 514 

297 836 145 
564 921 873 
831 574 962 

378 695 421 
645 712 398 
912 348 756 
===========
123 457 689 
456 189 237 
789 263 514 

297 836 145 
564 912 378 
831 574 962 

378 695 421 
645 721 893 
912 348 756 
===========
123 457 689 
456 189 237 
789 263 514 

297 836 145 
564 912 873 
831 574 926 

378 691 452 
645 728 391 
912 345 768 
===========
123 457 689 
456 189 237 
789 263 514 

297 836 145 
564 912 873 
831 574 962 

378 695 421 
645 721 398 
912 348 756 
===========
123 457 689 
456 189 237 
789 263 514 

297 836 145 
564 912 378 
831 574 962 

378 625 491 
645 791 823 
912 348 756 
===========
123 457 689 
456 189 237 
789 263 514 

297 836 145 
564 912 873 
831 574 962 

378 625 491 
645 791 328 
912 348 756 
===========
123 457 689 
456 189 237 
789 263 514 

297 836 451 
564 971 328 
831 524 976 

378 695 142 
645 712 893 
912 348 765 
===========
123 457 689 
456 189 237 
789 263 514 

297 836 451 
564 971 823 
831 524 976 

378 692 145 
645 718 392 
912 345 768 
===========
123 457 689 
456 189 237 
789 263 514 

297 836 451 
564 971 823 
831 524 976 

378 695 142 
645 712 398 
912 348 765 
===========
123 457 689 
456 189 237 
789 263 514 

297 836 451 
564 921 378 
831 574 926 

378 695 142 
645 712 893 
912 348 765 
===========
123 457 689 
456 189 237 
789 263 514 

297 836 451 
564 921 873 
831 574 926 

378 692 145 
645 718 392 
912 345 768 
===========
123 457 689 
456 189 237 
789 263 514 

297 836 451 
564 921 873 
831 574 926 

378 695 142 
645 712 398 
912 348 765 
===========
123 457 689 
456 189 237 
789 263 514 

297 836 451 
564 912 378 
831 574 926 

378 695 142 
645 721 893 
912 348 765 
===========
123 457 689 
456 189 237 
789 263 514 

297 836 451 
564 912 873 
831 574 926 

378 695 142 
645 721 398 
912 348 765 
===========
123 457 689 
456 189 237 
789 263 514 

297 514 368 
564 832 971 
831 976 425 

378 695 142 
645 721 893 
912 348 756 
===========
123 457 689 
456 189 237 
789 263 514 

297 514 368 
564 832 791 
831 976 452 

378 621 945 
645 798 123 
912 345 876 
===========
123 457 689 
456 189 237 
789 263 514 

297 514 863 
564 832 971 
831 976 425 

378 695 142 
645 721 398 
912 348 756 
===========
123 457 689 
456 189 237 
789 263 514 

297 534 168 
564 871 392 
831 926 745 

378 692 451 
645 718 923 
912 345 876 
===========
123 457 689 
456 189 237 
789 263 514 

297 534 168 
564 871 923 
831 926 745 

378 692 451 
645 718 392 
912 345 876 
===========
123 457 689 
456 189 237 
789 263 514 

297 534 168 
564 821 793 
831 976 452 

378 612 945 
645 798 321 
912 345 876 
===========
123 457 689 
456 189 237 
789 263 514 

297 534 168 
564 812 793 
831 976 452 

378 621 945 
645 798 321 
912 345 876 
===========
123 457 689 
456 189 237 
789 263 514 

297 534 861 
564 871 923 
831 926 475 

378 695 142 
645 712 398 
912 348 756 
===========
123 457 689 
456 189 237 
789 263 514 

297 534 861 
564 821 973 
831 976 425 

378 695 142 
645 712 398 
912 348 756 
===========
123 457 689 
456 189 237 
789 263 514 

297 534 861 
564 812 973 
831 976 425 

378 695 142 
645 721 398 
912 348 756 
===========
123 457 689 
456 189 237 
789 263 514 

297 536 148 
564 871 392 
831 924 765 

378 692 451 
645 718 923 
912 345 876 
===========
123 457 689 
456 189 237 
789 263 514 

297 536 148 
564 871 923 
831 924 765 

378 692 451 
645 718 392 
912 345 876 
===========
123 457 689 
456 189 237 
789 263 514 

297 631 458 
564 872 391 
831 594 762 

378 926 145 
645 718 923 
912 345 876 
===========
123 457 689 
456 189 237 
789 263 514 

297 631 458 
564 872 391 
831 594 762 

378 925 146 
645 718 923 
912 346 875 
===========
123 457 689 
456 189 237 
789 263 514 

297 631 845 
564 892 173 
831 574 926 

378 926 451 
645 718 392 
912 345 768 
===========
123 457 689 
456 189 237 
789 263 514 

297 631 845 
564 892 173 
831 574 926 

378 925 461 
645 718 392 
912 346 758 
===========
123 457 689 
456 189 237 
789 263 514 

297 631 845 
564 892 173 
831 574 926 

378 916 452 
645 728 391 
912 345 768 
===========
123 457 689 
456 189 237 
789 263 514 

297 631 845 
564 892 173 
831 574 926 

378 915 462 
645 728 391 
912 346 758 
===========
123 457 689 
456 189 237 
789 263 514 

297 631 845 
564 892 173 
831 574 962 

378 915 426 
645 728 391 
912 346 758 
===========
123 457 689 
456 189 237 
789 263 514 

297 631 845 
564 892 371 
831 574 926 

378 916 452 
645 728 193 
912 345 768 
===========
123 457 689 
456 189 237 
789 263 514 

297 631 845 
564 892 371 
831 574 926 

378 915 462 
645 728 193 
912 346 758 
===========
123 457 689 
456 189 237 
789 263 514 

297 631 845 
564 892 371 
831 574 962 

378 915 426 
645 728 193 
912 346 758 
===========
123 457 689 
456 189 237 
789 263 514 

297 634 158 
564 891 723 
831 572 946 

378 925 461 
645 718 392 
912 346 875 
===========
123 457 689 
456 189 237 
789 263 514 

297 634 158 
564 871 392 
831 592 746 

378 925 461 
645 718 923 
912 346 875 
===========
123 457 689 
456 189 237 
789 263 514 

297 634 158 
564 871 923 
831 592 746 

378 925 461 
645 718 392 
912 346 875 
===========
123 457 689 
456 189 237 
789 263 514 

297 634 158 
564 891 723 
831 572 946 

378 915 462 
645 728 391 
912 346 875 
===========
123 457 689 
456 189 237 
789 263 514 

297 634 158 
564 871 923 
831 592 746 

378 915 462 
645 728 391 
912 346 875 
===========
123 457 689 
456 189 237 
789 263 514 

297 634 851 
564 891 372 
831 572 496 

378 926 145 
645 718 923 
912 345 768 
===========
123 457 689 
456 189 237 
789 263 514 

297 634 851 
564 871 392 
831 592 476 

378 926 145 
645 718 923 
912 345 768 
===========
123 457 689 
456 189 237 
789 263 514 

297 634 851 
564 871 923 
831 592 476 

378 926 145 
645 718 392 
912 345 768 
===========
123 457 689 
456 189 237 
789 263 514 

297 634 851 
564 891 372 
831 572 946 

378 916 425 
645 728 193 
912 345 768 
===========
123 457 689 
456 189 237 
789 263 514 

297 531 468 
564 872 391 
831 694 752 

378 926 145 
645 718 923 
912 345 876 
===========
123 457 689 
456 189 237 
789 263 514 

297 531 468 
564 872 391 
831 694 752 

378 925 146 
645 718 923 
912 346 875 
===========
123 457 689 
456 189 237 
789 263 514 

297 531 846 
564 892 173 
831 674 925 

378 926 451 
645 718 392 
912 345 768 
===========
123 457 689 
456 189 237 
789 263 514 

297 531 846 
564 892 173 
831 674 925 

378 925 461 
645 718 392 
912 346 758 
===========
123 457 689 
456 189 237 
789 263 514 

297 531 846 
564 892 173 
831 674 925 

378 916 452 
645 728 391 
912 345 768 
===========
123 457 689 
456 189 237 
789 263 514 

297 531 846 
564 892 173 
831 674 952 

378 916 425 
645 728 391 
912 345 768 
===========
123 457 689 
456 189 237 
789 263 514 

297 531 846 
564 892 173 
831 674 925 

378 915 462 
645 728 391 
912 346 758 
===========
123 457 689 
456 189 237 
789 263 514 

297 531 846 
564 892 371 
831 674 925 

378 916 452 
645 728 193 
912 345 768 
===========
123 457 689 
456 189 237 
789 263 514 

297 531 846 
564 892 371 
831 674 952 

378 916 425 
645 728 193 
912 345 768 
===========
123 457 689 
456 189 237 
789 263 514 

297 531 846 
564 892 371 
831 674 925 

378 915 462 
645 728 193 
912 346 758 
===========
123 457 689 
456 189 237 
789 263 514 

297 534 168 
564 891 723 
831 672 945 

378 926 451 
645 718 392 
912 345 876 
===========
123 457 689 
456 189 237 
789 263 514 

297 534 168 
564 871 392 
831 692 745 

378 926 451 
645 718 923 
912 345 876 
===========
123 457 689 
456 189 237 
789 263 514 

297 534 168 
564 871 923 
831 692 745 

378 926 451 
645 718 392 
912 345 876 
===========
123 457 689 
456 189 237 
789 263 514 

297 534 168 
564 891 723 
831 672 945 

378 916 452 
645 728 391 
912 345 876 
===========
123 457 689 
456 189 237 
789 263 514 

297 534 168 
564 871 923 
831 692 745 

378 916 452 
645 728 391 
912 345 876 
===========
123 457 689 
456 189 237 
789 263 514 

297 534 861 
564 891 372 
831 672 495 

378 925 146 
645 718 923 
912 346 758 
===========
123 457 689 
456 189 237 
789 263 514 

297 534 861 
564 871 392 
831 692 475 

378 925 146 
645 718 923 
912 346 758 
===========
123 457 689 
456 189 237 
789 263 514 

297 534 861 
564 871 923 
831 692 475 

378 925 146 
645 718 392 
912 346 758 
===========
123 457 689 
456 189 237 
789 263 514 

297 534 861 
564 891 372 
831 672 945 

378 915 426 
645 728 193 
912 346 758 
===========
123 457 689 
456 189 237 
789 263 514 

297 614 358 
564 938 721 
831 725 946 

378 591 462 
645 872 193 
912 346 875 
===========
123 457 689 
456 189 237 
789 263 514 

297 614 358 
564 938 172 
831 725 496 

378 542 961 
645 891 723 
912 376 845 
===========
123 457 689 
456 189 237 
789 263 514 

297 614 358 
564 938 721 
831 725 496 

378 541 962 
645 892 173 
912 376 845 
===========
123 457 689 
456 189 237 
789 263 514 

297 615 348 
564 938 721 
831 724 956 

378 591 462 
645 872 193 
912 346 875 
===========
123 457 689 
456 189 237 
789 263 514 

297 615 348 
564 938 172 
831 742 956 

378 596 421 
645 821 793 
912 374 865 
===========
123 457 689 
456 189 237 
789 263 514 

297 615 348 
564 938 172 
831 742 965 

378 596 421 
645 821 793 
912 374 856 
===========
123 457 689 
456 189 237 
789 263 514 

297 615 348 
564 938 172 
831 742 956 

378 526 491 
645 891 723 
912 374 865 
===========
123 457 689 
456 189 237 
789 263 514 

297 615 348 
564 938 172 
831 742 965 

378 526 491 
645 891 723 
912 374 856 
===========
123 457 689 
456 189 237 
789 263 514 

297 615 843 
564 938 172 
831 724 965 

378 591 426 
645 872 391 
912 346 758 
===========
123 457 689 
456 189 237 
789 263 514 

297 615 843 
564 938 721 
831 742 965 

378 524 196 
645 891 372 
912 376 458 
===========
123 457 689 
456 189 237 
789 263 514 

297 615 843 
564 938 721 
831 724 965 

378 542 196 
645 891 372 
912 376 458 
===========
123 457 689 
456 189 237 
789 263 514 

297 618 345 
564 932 178 
831 745 962 

378 596 421 
645 821 793 
912 374 856 
===========
123 457 689 
456 189 237 
789 263 514 

297 618 345 
564 932 871 
831 745 926 

378 594 162 
645 821 793 
912 376 458 
===========
123 457 689 
456 189 237 
789 263 514 

297 618 345 
564 932 871 
831 745 962 

378 594 126 
645 821 793 
912 376 458 
===========
123 457 689 
456 189 237 
789 263 514 

297 618 345 
564 932 178 
831 745 962 

378 526 491 
645 891 723 
912 374 856 
===========
123 457 689 
456 189 237 
789 263 514 

297 618 345 
564 932 871 
831 745 962 

378 524 196 
645 891 723 
912 376 458 
===========
123 457 689 
456 189 237 
789 263 514 

297 631 458 
564 928 371 
831 745 926 

378 596 142 
645 812 793 
912 374 865 
===========
123 457 689 
456 189 237 
789 263 514 

297 631 458 
564 928 371 
831 745 926 

378 594 162 
645 812 793 
912 376 845 
===========
123 457 689 
456 189 237 
789 263 514 

297 631 458 
564 928 371 
831 745 962 

378 594 126 
645 812 793 
912 376 845 
===========
123 457 689 
456 189 237 
789 263 514 

297 631 845 
564 928 371 
831 745 926 

378 594 162 
645 812 793 
912 376 458 
===========
123 457 689 
456 189 237 
789 263 514 

297 631 845 
564 928 371 
831 745 962 

378 594 126 
645 812 793 
912 376 458 
===========
123 457 689 
456 189 237 
789 263 514 

297 634 158 
564 918 723 
831 725 946 

378 592 461 
645 871 392 
912 346 875 
===========
123 457 689 
456 189 237 
789 263 514 

297 634 158 
564 918 723 
831 725 946 

378 591 462 
645 872 391 
912 346 875 
===========
123 457 689 
456 189 237 
789 263 514 

297 634 158 
564 918 372 
831 725 496 

378 542 961 
645 891 723 
912 376 845 
===========
123 457 689 
456 189 237 
789 263 514 

297 634 158 
564 918 723 
831 725 496 

378 542 961 
645 891 372 
912 376 845 
===========
123 457 689 
456 189 237 
789 263 514 

297 634 158 
564 918 723 
831 725 496 

378 541 962 
645 892 371 
912 376 845 
===========
123 457 689 
456 189 237 
789 263 514 

297 635 148 
564 918 723 
831 724 956 

378 592 461 
645 871 392 
912 346 875 
===========
123 457 689 
456 189 237 
789 263 514 

297 635 148 
564 918 723 
831 724 956 

378 591 462 
645 872 391 
912 346 875 
===========
123 457 689 
456 189 237 
789 263 514 

297 635 148 
564 918 372 
831 742 956 

378 596 421 
645 821 793 
912 374 865 
===========
123 457 689 
456 189 237 
789 263 514 

297 635 148 
564 918 372 
831 742 965 

378 596 421 
645 821 793 
912 374 856 
===========
123 457 689 
456 189 237 
789 263 514 

297 635 148 
564 918 372 
831 742 956 

378 526 491 
645 891 723 
912 374 865 
===========
123 457 689 
456 189 237 
789 263 514 

297 635 148 
564 918 372 
831 742 965 

378 526 491 
645 891 723 
912 374 856 
===========
123 457 689 
456 189 237 
789 263 514 

297 635 148 
564 918 723 
831 742 956 

378 526 491 
645 891 372 
912 374 865 
===========
123 457 689 
456 189 237 
789 263 514 

297 635 148 
564 918 723 
831 742 965 

378 526 491 
645 891 372 
912 374 856 
===========
123 457 689 
456 189 237 
789 263 514 

297 635 841 
564 918 372 
831 724 965 

378 591 426 
645 872 193 
912 346 758 
===========
123 457 689 
456 189 237 
789 263 514 

297 635 841 
564 918 372 
831 742 965 

378 594 126 
645 821 793 
912 376 458 
===========
123 457 689 
456 189 237 
789 263 514 

297 635 841 
564 918 372 
831 742 965 

378 524 196 
645 891 723 
912 376 458 
===========
