123 457 689 
456 189 237 
789 362 145 

297 815 364 
564 923 718 
831 746 952 

378 694 521 
645 271 893 
912 538 476 
===========
123 457 689 
456 189 237 
789 362 145 

297 815 463 
564 923 718 
831 746 952 

378 691 524 
645 278 391 
912 534 876 
===========
123 457 689 
456 189 237 
789 362 145 

297 816 354 
564 923 718 
831 745 962 

378 694 521 
645 271 893 
912 538 476 
===========
123 457 689 
456 189 237 
789 362 145 

297 816 354 
564 923 871 
831 745 926 

378 694 512 
645 231 798 
912 578 463 
===========
123 457 689 
456 189 237 
789 362 145 

297 816 453 
564 923 718 
831 745 962 

378 691 524 
645 278 391 
912 534 876 
===========
123 457 689 
456 189 237 
789 362 145 

297 816 453 
564 923 871 
831 745 926 

378 694 512 
645 271 398 
912 538 764 
===========
123 457 689 
456 189 237 
789 362 145 

297 816 453 
564 923 871 
831 745 926 

378 694 512 
645 231 798 
912 578 364 
===========
123 457 689 
456 189 237 
789 362 145 

297 835 416 
564 921 378 
831 746 952 

378 694 521 
645 218 793 
912 573 864 
===========
123 457 689 
456 189 237 
789 362 145 

297 835 416 
564 921 873 
831 746 952 

378 694 521 
645 213 798 
912 578 364 
===========
123 457 689 
456 189 237 
789 362 145 

297 836 451 
564 921 378 
831 745 926 

378 694 512 
645 218 793 
912 573 864 
===========
123 457 689 
456 189 237 
789 362 145 

297 836 451 
564 921 873 
831 745 926 

378 694 512 
645 213 798 
912 578 364 
===========
123 457 689 
456 189 237 
789 362 145 

297 836 451 
564 921 378 
831 745 926 

378 614 592 
645 298 713 
912 573 864 
===========
123 457 689 
456 189 237 
789 362 145 

297 836 451 
564 921 873 
831 745 926 

378 614 592 
645 293 718 
912 578 364 
===========
123 457 689 
456 189 237 
789 362 145 

297 845 316 
564 931 872 
831 726 954 

378 694 521 
645 218 793 
912 573 468 
===========
123 457 689 
456 189 237 
789 362 145 

297 845 316 
564 931 872 
831 726 954 

378 694 521 
645 213 798 
912 578 463 
===========
123 457 689 
456 189 237 
789 362 145 

297 845 316 
564 913 728 
831 726 594 

378 691 452 
645 238 971 
912 574 863 
===========
123 457 689 
456 189 237 
789 362 145 

297 845 316 
564 913 872 
831 726 954 

378 694 521 
645 231 798 
912 578 463 
===========
123 457 689 
456 189 237 
789 362 145 

297 845 316 
564 931 728 
831 726 594 

378 614 952 
645 293 871 
912 578 463 
===========
123 457 689 
456 189 237 
789 362 145 

297 845 316 
564 931 728 
831 726 954 

378 614 592 
645 293 871 
912 578 463 
===========
123 457 689 
456 189 237 
789 362 145 

297 845 361 
564 913 728 
831 726 594 

378 691 452 
645 278 913 
912 534 876 
===========
123 457 689 
456 189 237 
789 362 145 

297 845 361 
564 913 728 
831 726 954 

378 694 512 
645 271 893 
912 538 476 
===========
123 457 689 
456 189 237 
789 362 145 

297 846 351 
564 913 728 
831 725 964 

378 694 512 
645 271 893 
912 538 476 
===========
123 457 689 
456 189 237 
789 362 145 

297 846 351 
564 913 872 
831 725 496 

378 691 524 
645 278 913 
912 534 768 
===========
123 457 689 
456 189 237 
789 362 145 

297 846 351 
564 931 728 
831 725 496 

378 694 512 
645 218 973 
912 573 864 
===========
123 457 689 
456 189 237 
789 362 145 

297 846 513 
564 913 728 
831 725 964 

378 691 452 
645 278 391 
912 534 876 
===========
123 457 689 
456 189 237 
789 362 145 

297 846 513 
564 931 728 
831 725 496 

378 614 952 
645 298 371 
912 573 864 
===========
123 457 689 
456 189 237 
789 362 145 

297 846 513 
564 931 728 
831 725 496 

378 614 952 
645 293 871 
912 578 364 
===========
123 457 689 
456 189 237 
789 362 145 

297 815 364 
564 723 918 
831 946 752 

378 694 521 
645 271 893 
912 538 476 
===========
123 457 689 
456 189 237 
789 362 145 

297 815 463 
564 723 918 
831 946 752 

378 691 524 
645 278 391 
912 534 876 
===========
123 457 689 
456 189 237 
789 362 145 

297 816 354 
564 723 918 
831 945 762 

378 694 521 
645 271 893 
912 538 476 
===========
123 457 689 
456 189 237 
789 362 145 

297 816 354 
564 723 891 
831 945 726 

378 694 512 
645 231 978 
912 578 463 
===========
123 457 689 
456 189 237 
789 362 145 

297 816 453 
564 723 918 
831 945 762 

378 691 524 
645 278 391 
912 534 876 
===========
123 457 689 
456 189 237 
789 362 145 

297 816 453 
564 723 891 
831 945 726 

378 694 512 
645 231 978 
912 578 364 
===========
123 457 689 
456 189 237 
789 362 145 

297 835 416 
564 721 398 
831 946 752 

378 694 521 
645 218 973 
912 573 864 
===========
123 457 689 
456 189 237 
789 362 145 

297 835 416 
564 721 893 
831 946 752 

378 694 521 
645 213 978 
912 578 364 
===========
123 457 689 
456 189 237 
789 362 145 

297 836 451 
564 721 398 
831 945 726 

378 694 512 
645 218 973 
912 573 864 
===========
123 457 689 
456 189 237 
789 362 145 

297 836 451 
564 721 893 
831 945 726 

378 694 512 
645 213 978 
912 578 364 
===========
123 457 689 
456 189 237 
789 362 145 

297 836 514 
564 721 398 
831 945 726 

378 614 952 
645 293 871 
912 578 463 
===========
123 457 689 
456 189 237 
789 362 145 

297 836 514 
564 721 893 
831 945 726 

378 614 952 
645 298 371 
912 573 468 
===========
123 457 689 
456 189 237 
789 362 145 

297 845 316 
564 731 892 
831 926 754 

378 694 521 
645 218 973 
912 573 468 
===========
123 457 689 
456 189 237 
789 362 145 

297 845 316 
564 731 892 
831 926 754 

378 694 521 
645 213 978 
912 578 463 
===========
123 457 689 
456 189 237 
789 362 145 

297 845 316 
564 713 892 
831 926 754 

378 694 521 
645 231 978 
912 578 463 
===========
123 457 689 
456 189 237 
789 362 145 

297 845 316 
564 713 928 
831 926 574 

378 691 452 
645 238 791 
912 574 863 
===========
123 457 689 
456 189 237 
789 362 145 

297 845 316 
564 731 928 
831 926 754 

378 614 592 
645 293 871 
912 578 463 
===========
123 457 689 
456 189 237 
789 362 145 

297 845 361 
564 713 928 
831 926 754 

378 694 512 
645 271 893 
912 538 476 
===========
123 457 689 
456 189 237 
789 362 145 

297 846 351 
564 713 892 
831 925 476 

378 691 524 
645 278 913 
912 534 768 
===========
123 457 689 
456 189 237 
789 362 145 

297 846 351 
564 713 928 
831 925 476 

378 694 512 
645 271 893 
912 538 764 
===========
123 457 689 
456 189 237 
789 362 145 

297 846 351 
564 713 928 
831 925 764 

378 694 512 
645 271 893 
912 538 476 
===========
123 457 689 
456 189 237 
789 362 145 

297 846 351 
564 731 928 
831 925 476 

378 694 512 
645 218 793 
912 573 864 
===========
123 457 689 
456 189 237 
789 362 145 

297 846 351 
564 731 928 
831 925 476 

378 614 592 
645 298 713 
912 573 864 
===========
123 457 689 
456 189 237 
789 362 145 

297 846 513 
564 713 928 
831 925 764 

378 691 452 
645 278 391 
912 534 876 
===========
123 457 689 
456 189 237 
789 362 145 

297 814 356 
564 793 821 
831 625 794 

378 941 562 
645 278 913 
912 536 478 
===========
123 457 689 
456 189 237 
789 362 145 

297 814 356 
564 723 891 
831 695 724 

378 941 562 
645 278 913 
912 536 478 
===========
123 457 689 
456 189 237 
789 362 145 

297 814 356 
564 723 918 
831 695 472 

378 946 521 
645 271 893 
912 538 764 
===========
123 457 689 
456 189 237 
789 362 145 

297 814 356 
564 793 812 
831 625 794 

378 946 521 
645 231 978 
912 578 463 
===========
123 457 689 
456 189 237 
789 362 145 

297 814 356 
564 793 812 
831 625 974 

378 946 521 
645 231 798 
912 578 463 
===========
123 457 689 
456 189 237 
789 362 145 

297 814 356 
564 793 821 
831 625 794 

378 946 512 
645 231 978 
912 578 463 
===========
123 457 689 
456 189 237 
789 362 145 

297 814 356 
564 793 821 
831 625 974 

378 946 512 
645 231 798 
912 578 463 
===========
123 457 689 
456 189 237 
789 362 145 

297 814 356 
564 723 891 
831 695 724 

378 946 512 
645 231 978 
912 578 463 
===========
123 457 689 
456 189 237 
789 362 145 

297 815 364 
564 723 891 
831 694 752 

378 941 526 
645 278 913 
912 536 478 
===========
123 457 689 
456 189 237 
789 362 145 

297 815 364 
564 723 918 
831 694 752 

378 946 521 
645 271 893 
912 538 476 
===========
123 457 689 
456 189 237 
789 362 145 

297 815 463 
564 723 918 
831 694 752 

378 941 526 
645 278 391 
912 536 874 
===========
123 457 689 
456 189 237 
789 362 145 

297 834 516 
564 791 328 
831 625 974 

378 916 452 
645 273 891 
912 548 763 
===========
123 457 689 
456 189 237 
789 362 145 

297 834 516 
564 791 823 
831 625 974 

378 916 452 
645 278 391 
912 543 768 
===========
123 457 689 
456 189 237 
789 362 145 

297 834 561 
564 791 328 
831 625 794 

378 916 452 
645 278 913 
912 543 876 
===========
123 457 689 
456 189 237 
789 362 145 

297 834 561 
564 791 823 
831 625 794 

378 916 452 
645 273 918 
912 548 376 
===========
123 457 689 
456 189 237 
789 362 145 

297 834 561 
564 721 398 
831 695 724 

378 916 452 
645 278 913 
912 543 876 
===========
123 457 689 
456 189 237 
789 362 145 

297 834 561 
564 721 893 
831 695 724 

378 916 452 
645 273 918 
912 548 376 
===========
123 457 689 
456 189 237 
789 362 145 

297 835 416 
564 721 398 
831 694 752 

378 946 521 
645 218 973 
912 573 864 
===========
123 457 689 
456 189 237 
789 362 145 

297 835 416 
564 721 893 
831 694 752 

378 946 521 
645 213 978 
912 578 364 
===========
123 457 689 
456 189 237 
789 362 145 

297 835 461 
564 721 398 
831 694 752 

378 916 524 
645 278 913 
912 543 876 
===========
123 457 689 
456 189 237 
789 362 145 

297 835 461 
564 721 893 
831 694 752 

378 916 524 
645 273 918 
912 548 376 
===========
123 457 689 
456 189 237 
789 362 145 

297 841 356 
564 793 821 
831 625 794 

378 914 562 
645 278 913 
912 536 478 
===========
123 457 689 
456 189 237 
789 362 145 

297 841 356 
564 723 891 
831 695 472 

378 916 524 
645 278 913 
912 534 768 
===========
123 457 689 
456 189 237 
789 362 145 

297 841 356 
564 723 891 
831 695 724 

378 914 562 
645 278 913 
912 536 478 
===========
123 457 689 
456 189 237 
789 362 145 

297 841 356 
564 723 918 
831 695 472 

378 916 524 
645 238 791 
912 574 863 
===========
123 457 689 
456 189 237 
789 362 145 

297 841 563 
564 723 918 
831 695 724 

378 916 452 
645 278 391 
912 534 876 
===========
123 457 689 
456 189 237 
789 362 145 

297 843 516 
564 791 823 
831 625 974 

378 916 452 
645 278 391 
912 534 768 
===========
123 457 689 
456 189 237 
789 362 145 

297 843 516 
564 791 328 
831 625 794 

378 916 452 
645 238 971 
912 574 863 
===========
123 457 689 
456 189 237 
789 362 145 

297 843 516 
564 791 328 
831 625 974 

378 916 452 
645 238 791 
912 574 863 
===========
123 457 689 
456 189 237 
789 362 145 

297 843 516 
564 791 823 
831 625 794 

378 916 452 
645 238 971 
912 574 368 
===========
123 457 689 
456 189 237 
789 362 145 

297 843 516 
564 791 823 
831 625 974 

378 916 452 
645 238 791 
912 574 368 
===========
123 457 689 
456 189 237 
789 362 145 

297 843 516 
564 721 398 
831 695 724 

378 916 452 
645 238 971 
912 574 863 
===========
123 457 689 
456 189 237 
789 362 145 

297 843 516 
564 721 893 
831 695 724 

378 916 452 
645 238 971 
912 574 368 
===========
123 457 689 
456 189 237 
789 362 145 

297 843 561 
564 791 328 
831 625 794 

378 916 452 
645 278 913 
912 534 876 
===========
123 457 689 
456 189 237 
789 362 145 

297 843 561 
564 721 398 
831 695 724 

378 916 452 
645 278 913 
912 534 876 
===========
123 457 689 
456 189 237 
789 362 145 

297 614 358 
564 893 712 
831 725 964 

378 946 521 
645 271 893 
912 538 476 
===========
123 457 689 
456 189 237 
789 362 145 

297 614 358 
564 893 721 
831 725 496 

378 941 562 
645 278 913 
912 536 874 
===========
123 457 689 
456 189 237 
789 362 145 

297 614 358 
564 893 721 
831 725 964 

378 946 512 
645 271 893 
912 538 476 
===========
123 457 689 
456 189 237 
789 362 145 

297 614 358 
564 823 791 
831 795 426 

378 941 562 
645 278 913 
912 536 874 
===========
123 457 689 
456 189 237 
789 362 145 

297 614 358 
564 823 791 
831 795 462 

378 941 526 
645 278 913 
912 536 874 
===========
123 457 689 
456 189 237 
789 362 145 

297 614 358 
564 823 971 
831 795 426 

378 946 512 
645 271 893 
912 538 764 
===========
123 457 689 
456 189 237 
789 362 145 

297 614 853 
564 893 712 
831 725 964 

378 941 526 
645 278 391 
912 536 478 
===========
123 457 689 
456 189 237 
789 362 145 

297 614 853 
564 893 712 
831 725 964 

378 946 521 
645 271 398 
912 538 476 
===========
123 457 689 
456 189 237 
789 362 145 

297 614 853 
564 893 721 
831 725 964 

378 946 512 
645 271 398 
912 538 476 
===========
123 457 689 
456 189 237 
789 362 145 

297 614 853 
564 823 971 
831 795 426 

378 946 512 
645 271 398 
912 538 764 
===========
123 457 689 
456 189 237 
789 362 145 

297 614 853 
564 893 712 
831 725 496 

378 946 521 
645 231 978 
912 578 364 
===========
123 457 689 
456 189 237 
789 362 145 

297 614 853 
564 893 721 
831 725 496 

378 946 512 
645 231 978 
912 578 364 
===========
123 457 689 
456 189 237 
789 362 145 

297 614 853 
564 823 791 
831 795 426 

378 946 512 
645 231 978 
912 578 364 
===========
123 457 689 
456 189 237 
789 362 145 

297 614 853 
564 823 971 
831 795 426 

378 946 512 
645 231 798 
912 578 364 
===========
123 457 689 
456 189 237 
789 362 145 

297 634 518 
564 891 723 
831 725 964 

378 916 452 
645 278 391 
912 543 876 
===========
123 457 689 
456 189 237 
789 362 145 

297 634 518 
564 891 723 
831 725 964 

378 916 452 
645 273 891 
912 548 376 
===========
123 457 689 
456 189 237 
789 362 145 

297 634 851 
564 891 372 
831 725 496 

378 916 524 
645 278 913 
912 543 768 
===========
123 457 689 
456 189 237 
789 362 145 

297 634 851 
564 891 372 
831 725 496 

378 916 524 
645 273 918 
912 548 763 
===========
123 457 689 
456 189 237 
789 362 145 

297 634 851 
564 821 793 
831 795 462 

378 916 524 
645 273 918 
912 548 376 
===========
123 457 689 
456 189 237 
789 362 145 

297 634 851 
564 891 723 
831 725 496 

378 946 512 
645 213 978 
912 578 364 
===========
123 457 689 
456 189 237 
789 362 145 

297 634 851 
564 821 793 
831 795 426 

378 946 512 
645 213 978 
912 578 364 
===========
123 457 689 
456 189 237 
789 362 145 

297 634 851 
564 821 973 
831 795 426 

378 946 512 
645 213 798 
912 578 364 
===========
123 457 689 
456 189 237 
789 362 145 

297 635 418 
564 891 372 
831 724 956 

378 916 524 
645 273 891 
912 548 763 
===========
123 457 689 
456 189 237 
789 362 145 

297 635 418 
564 891 372 
831 724 956 

378 946 521 
645 218 793 
912 573 864 
===========
123 457 689 
456 189 237 
789 362 145 

297 635 814 
564 821 973 
831 794 526 

378 916 452 
645 278 391 
912 543 768 
===========
123 457 689 
456 189 237 
789 362 145 

297 635 814 
564 891 372 
831 724 956 

378 946 521 
645 218 793 
912 573 468 
===========
123 457 689 
456 189 237 
789 362 145 

297 635 814 
564 891 372 
831 724 956 

378 946 521 
645 213 798 
912 578 463 
===========
123 457 689 
456 189 237 
789 362 145 

297 641 358 
564 893 721 
831 725 496 

378 914 562 
645 278 913 
912 536 874 
===========
123 457 689 
456 189 237 
789 362 145 

297 641 358 
564 823 791 
831 795 462 

378 916 524 
645 278 913 
912 534 876 
===========
123 457 689 
456 189 237 
789 362 145 

297 641 358 
564 823 791 
831 795 426 

378 914 562 
645 278 913 
912 536 874 
===========
123 457 689 
456 189 237 
789 362 145 

297 641 358 
564 823 791 
831 795 462 

378 914 526 
645 278 913 
912 536 874 
===========
123 457 689 
456 189 237 
789 362 145 

297 641 358 
564 893 712 
831 725 496 

378 916 524 
645 238 971 
912 574 863 
===========
123 457 689 
456 189 237 
789 362 145 

297 641 853 
564 893 712 
831 725 964 

378 914 526 
645 278 391 
912 536 478 
===========
123 457 689 
456 189 237 
789 362 145 

297 641 853 
564 893 712 
831 725 496 

378 916 524 
645 238 971 
912 574 368 
===========
123 457 689 
456 189 237 
789 362 145 

297 643 518 
564 891 723 
831 725 964 

378 916 452 
645 278 391 
912 534 876 
===========
123 457 689 
456 189 237 
789 362 145 

297 643 851 
564 891 372 
831 725 496 

378 916 524 
645 278 913 
912 534 768 
===========
123 457 689 
456 189 237 
789 362 145 

297 814 356 
564 923 718 
831 675 492 

378 291 564 
645 738 921 
912 546 873 
===========
123 457 689 
456 189 237 
789 362 145 

297 814 356 
564 923 871 
831 675 492 

378 296 514 
645 731 928 
912 548 763 
===========
123 457 689 
456 189 237 
789 362 145 

297 814 563 
564 973 812 
831 625 794 

378 241 956 
645 798 321 
912 536 478 
===========
123 457 689 
456 189 237 
789 362 145 

297 814 563 
564 973 812 
831 625 794 

378 246 951 
645 791 328 
912 538 476 
===========
123 457 689 
456 189 237 
789 362 145 

297 814 563 
564 973 821 
831 625 794 

378 241 956 
645 798 312 
912 536 478 
===========
123 457 689 
456 189 237 
789 362 145 

297 814 563 
564 923 718 
831 675 492 

378 241 956 
645 798 321 
912 536 874 
===========
123 457 689 
456 189 237 
789 362 145 

297 814 563 
564 973 812 
831 625 794 

378 291 456 
645 738 921 
912 546 378 
===========
123 457 689 
456 189 237 
789 362 145 

297 814 563 
564 973 812 
831 625 794 

378 296 451 
645 731 928 
912 548 376 
===========
123 457 689 
456 189 237 
789 362 145 

297 814 563 
564 973 821 
831 625 794 

378 291 456 
645 738 912 
912 546 378 
===========
123 457 689 
456 189 237 
789 362 145 

297 814 563 
564 923 718 
831 675 924 

378 296 451 
645 731 892 
912 548 376 
===========
123 457 689 
456 189 237 
789 362 145 

297 815 364 
564 923 718 
831 674 592 

378 246 951 
645 791 823 
912 538 476 
===========
123 457 689 
456 189 237 
789 362 145 

297 815 364 
564 923 718 
831 674 952 

378 246 591 
645 791 823 
912 538 476 
===========
123 457 689 
456 189 237 
789 362 145 

297 815 364 
564 923 718 
831 674 592 

378 291 456 
645 738 921 
912 546 873 
===========
123 457 689 
456 189 237 
789 362 145 

297 815 463 
564 923 718 
831 674 592 

378 241 956 
645 798 321 
912 536 874 
===========
123 457 689 
456 189 237 
789 362 145 

297 815 463 
564 923 718 
831 674 952 

378 241 596 
645 798 321 
912 536 874 
===========
123 457 689 
456 189 237 
789 362 145 

297 834 516 
564 971 328 
831 625 974 

378 296 451 
645 713 892 
912 548 763 
===========
123 457 689 
456 189 237 
789 362 145 

297 834 516 
564 971 823 
831 625 974 

378 296 451 
645 718 392 
912 543 768 
===========
123 457 689 
456 189 237 
789 362 145 

297 834 516 
564 921 378 
831 675 924 

378 296 451 
645 713 892 
912 548 763 
===========
123 457 689 
456 189 237 
789 362 145 

297 834 516 
564 921 873 
831 675 924 

378 296 451 
645 718 392 
912 543 768 
===========
123 457 689 
456 189 237 
789 362 145 

297 834 516 
564 921 378 
831 675 492 

378 216 954 
645 793 821 
912 548 763 
===========
123 457 689 
456 189 237 
789 362 145 

297 834 516 
564 921 873 
831 675 492 

378 216 954 
645 798 321 
912 543 768 
===========
123 457 689 
456 189 237 
789 362 145 

297 835 416 
564 921 378 
831 674 592 

378 216 954 
645 793 821 
912 548 763 
===========
123 457 689 
456 189 237 
789 362 145 

297 835 416 
564 921 378 
831 674 952 

378 216 594 
645 793 821 
912 548 763 
===========
123 457 689 
456 189 237 
789 362 145 

297 835 416 
564 921 873 
831 674 592 

378 216 954 
645 798 321 
912 543 768 
===========
123 457 689 
456 189 237 
789 362 145 

297 835 416 
564 921 873 
831 674 952 

378 216 594 
645 798 321 
912 543 768 
===========
123 457 689 
456 189 237 
789 362 145 

297 841 356 
564 973 812 
831 625 794 

378 294 561 
645 718 923 
912 536 478 
===========
123 457 689 
456 189 237 
789 362 145 

297 841 356 
564 923 718 
831 675 492 

378 294 561 
645 718 923 
912 536 874 
===========
123 457 689 
456 189 237 
789 362 145 

297 841 356 
564 923 871 
831 675 492 

378 296 514 
645 718 923 
912 534 768 
===========
123 457 689 
456 189 237 
789 362 145 

297 841 563 
564 923 718 
831 675 924 

378 296 451 
645 718 392 
912 534 876 
===========
123 457 689 
456 189 237 
789 362 145 

297 841 563 
564 973 812 
831 625 794 

378 214 956 
645 798 321 
912 536 478 
===========
123 457 689 
456 189 237 
789 362 145 

297 841 563 
564 973 821 
831 625 794 

378 214 956 
645 798 312 
912 536 478 
===========
123 457 689 
456 189 237 
789 362 145 

297 841 563 
564 923 718 
831 675 492 

378 216 954 
645 798 321 
912 534 876 
===========
123 457 689 
456 189 237 
789 362 145 

297 841 563 
564 923 718 
831 675 492 

378 214 956 
645 798 321 
912 536 874 
===========
123 457 689 
456 189 237 
789 362 145 

297 843 516 
564 971 823 
831 625 974 

378 296 451 
645 718 392 
912 534 768 
===========
123 457 689 
456 189 237 
789 362 145 

297 843 516 
564 921 873 
831 675 924 

378 296 451 
645 718 392 
912 534 768 
===========
123 457 689 
456 189 237 
789 362 145 

297 843 516 
564 921 873 
831 675 492 

378 216 954 
645 798 321 
912 534 768 
===========
123 457 689 
456 189 237 
789 362 145 

297 843 561 
564 971 823 
831 625 794 

378 214 956 
645 798 312 
912 536 478 
===========
123 457 689 
456 189 237 
789 362 145 

297 614 358 
564 873 912 
831 925 476 

378 246 591 
645 791 823 
912 538 764 
===========
123 457 689 
456 189 237 
789 362 145 

297 614 358 
564 873 912 
831 925 764 

378 246 591 
645 791 823 
912 538 476 
===========
123 457 689 
456 189 237 
789 362 145 

297 614 358 
564 873 921 
831 925 476 

378 296 514 
645 731 892 
912 548 763 
===========
123 457 689 
456 189 237 
789 362 145 

297 614 358 
564 823 791 
831 975 426 

378 291 564 
645 738 912 
912 546 873 
===========
123 457 689 
456 189 237 
789 362 145 

297 614 358 
564 823 971 
831 975 426 

378 296 514 
645 731 892 
912 548 763 
===========
123 457 689 
456 189 237 
789 362 145 

297 614 853 
564 873 912 
831 925 764 

378 241 596 
645 798 321 
912 536 478 
===========
123 457 689 
456 189 237 
789 362 145 

297 614 853 
564 873 912 
831 925 476 

378 246 591 
645 791 328 
912 538 764 
===========
123 457 689 
456 189 237 
789 362 145 

297 614 853 
564 873 912 
831 925 764 

378 246 591 
645 791 328 
912 538 476 
===========
123 457 689 
456 189 237 
789 362 145 

297 614 853 
564 873 921 
831 925 764 

378 241 596 
645 798 312 
912 536 478 
===========
123 457 689 
456 189 237 
789 362 145 

297 614 853 
564 823 791 
831 975 426 

378 291 564 
645 738 912 
912 546 378 
===========
123 457 689 
456 189 237 
789 362 145 

297 614 853 
564 823 791 
831 975 462 

378 296 514 
645 731 928 
912 548 376 
===========
123 457 689 
456 189 237 
789 362 145 

297 634 518 
564 871 392 
831 925 764 

378 296 451 
645 718 923 
912 543 876 
===========
123 457 689 
456 189 237 
789 362 145 

297 634 518 
564 871 923 
831 925 764 

378 296 451 
645 718 392 
912 543 876 
===========
123 457 689 
456 189 237 
789 362 145 

297 634 518 
564 871 923 
831 925 764 

378 296 451 
645 713 892 
912 548 376 
===========
123 457 689 
456 189 237 
789 362 145 

297 634 518 
564 871 392 
831 925 476 

378 216 954 
645 793 821 
912 548 763 
===========
123 457 689 
456 189 237 
789 362 145 

297 634 518 
564 821 793 
831 975 462 

378 216 954 
645 798 321 
912 543 876 
===========
123 457 689 
456 189 237 
789 362 145 

297 634 518 
564 821 793 
831 975 462 

378 216 954 
645 793 821 
912 548 376 
===========
123 457 689 
456 189 237 
789 362 145 

297 634 851 
564 871 392 
831 925 476 

378 296 514 
645 718 923 
912 543 768 
===========
123 457 689 
456 189 237 
789 362 145 

297 634 851 
564 871 392 
831 925 476 

378 296 514 
645 713 928 
912 548 763 
===========
123 457 689 
456 189 237 
789 362 145 

297 634 851 
564 871 923 
831 925 476 

378 296 514 
645 718 392 
912 543 768 
===========
123 457 689 
456 189 237 
789 362 145 

297 634 851 
564 821 793 
831 975 462 

378 296 514 
645 713 928 
912 548 376 
===========
123 457 689 
456 189 237 
789 362 145 

297 634 851 
564 821 973 
831 975 426 

378 296 514 
645 718 392 
912 543 768 
===========
123 457 689 
456 189 237 
789 362 145 

297 634 851 
564 871 923 
831 925 476 

378 216 594 
645 798 312 
912 543 768 
===========
123 457 689 
456 189 237 
789 362 145 

297 634 851 
564 821 973 
831 975 426 

378 216 594 
645 798 312 
912 543 768 
===========
123 457 689 
456 189 237 
789 362 145 

297 635 418 
564 871 392 
831 924 576 

378 216 954 
645 793 821 
912 548 763 
===========
123 457 689 
456 189 237 
789 362 145 

297 635 418 
564 821 793 
831 974 562 

378 216 954 
645 798 321 
912 543 876 
===========
123 457 689 
456 189 237 
789 362 145 

297 635 418 
564 821 793 
831 974 562 

378 216 954 
645 793 821 
912 548 376 
===========
123 457 689 
456 189 237 
789 362 145 

297 635 814 
564 871 392 
831 924 576 

378 296 451 
645 718 923 
912 543 768 
===========
123 457 689 
456 189 237 
789 362 145 

297 635 814 
564 871 392 
831 924 576 

378 296 451 
645 713 928 
912 548 763 
===========
123 457 689 
456 189 237 
789 362 145 

297 635 814 
564 871 923 
831 924 576 

378 296 451 
645 718 392 
912 543 768 
===========
123 457 689 
456 189 237 
789 362 145 

297 635 814 
564 821 793 
831 974 562 

378 296 451 
645 713 928 
912 548 376 
===========
123 457 689 
456 189 237 
789 362 145 

297 635 814 
564 821 973 
831 974 526 

378 296 451 
645 718 392 
912 543 768 
===========
123 457 689 
456 189 237 
789 362 145 

297 641 358 
564 823 791 
831 975 462 

378 296 514 
645 718 923 
912 534 876 
===========
123 457 689 
456 189 237 
789 362 145 

297 641 358 
564 823 791 
831 975 462 

378 294 516 
645 718 923 
912 536 874 
===========
123 457 689 
456 189 237 
789 362 145 

297 641 853 
564 873 921 
831 925 476 

378 296 514 
645 718 392 
912 534 768 
===========
123 457 689 
456 189 237 
789 362 145 

297 641 853 
564 873 921 
831 925 764 

378 294 516 
645 718 392 
912 536 478 
===========
123 457 689 
456 189 237 
789 362 145 

297 641 853 
564 823 971 
831 975 426 

378 296 514 
645 718 392 
912 534 768 
===========
123 457 689 
456 189 237 
789 362 145 

297 641 853 
564 873 912 
831 925 476 

378 216 594 
645 798 321 
912 534 768 
===========
123 457 689 
456 189 237 
789 362 145 

297 641 853 
564 873 912 
831 925 764 

378 214 596 
645 798 321 
912 536 478 
===========
123 457 689 
456 189 237 
789 362 145 

297 641 853 
564 873 921 
831 925 476 

378 216 594 
645 798 312 
912 534 768 
===========
123 457 689 
456 189 237 
789 362 145 

297 641 853 
564 873 921 
831 925 764 

378 214 596 
645 798 312 
912 536 478 
===========
123 457 689 
456 189 237 
789 362 145 

297 641 853 
564 823 971 
831 975 426 

378 216 594 
645 798 312 
912 534 768 
===========
