123 457 689 
456 189 237 
789 362 154 

297 815 346 
564 923 871 
831 746 592 

378 691 425 
645 278 913 
912 534 768 
===========
123 457 689 
456 189 237 
789 362 154 

297 815 346 
564 923 718 
831 746 592 

378 691 425 
645 238 971 
912 574 863 
===========
123 457 689 
456 189 237 
789 362 154 

297 815 346 
564 923 871 
831 746 925 

378 694 512 
645 231 798 
912 578 463 
===========
123 457 689 
456 189 237 
789 362 154 

297 815 463 
564 923 718 
831 746 925 

378 691 542 
645 278 391 
912 534 876 
===========
123 457 689 
456 189 237 
789 362 154 

297 815 463 
564 923 871 
831 746 925 

378 694 512 
645 271 398 
912 538 746 
===========
123 457 689 
456 189 237 
789 362 154 

297 815 463 
564 923 871 
831 746 925 

378 694 512 
645 231 798 
912 578 346 
===========
123 457 689 
456 189 237 
789 362 154 

297 816 345 
564 923 718 
831 745 962 

378 694 521 
645 271 893 
912 538 476 
===========
123 457 689 
456 189 237 
789 362 154 

297 816 345 
564 923 871 
831 745 926 

378 694 512 
645 231 798 
912 578 463 
===========
123 457 689 
456 189 237 
789 362 154 

297 816 543 
564 923 718 
831 745 962 

378 691 425 
645 278 391 
912 534 876 
===========
123 457 689 
456 189 237 
789 362 154 

297 835 461 
564 921 378 
831 746 925 

378 694 512 
645 218 793 
912 573 846 
===========
123 457 689 
456 189 237 
789 362 154 

297 835 461 
564 921 873 
831 746 925 

378 694 512 
645 213 798 
912 578 346 
===========
123 457 689 
456 189 237 
789 362 154 

297 835 461 
564 921 378 
831 746 592 

378 614 925 
645 298 713 
912 573 846 
===========
123 457 689 
456 189 237 
789 362 154 

297 835 461 
564 921 378 
831 746 925 

378 614 592 
645 298 713 
912 573 846 
===========
123 457 689 
456 189 237 
789 362 154 

297 835 461 
564 921 873 
831 746 592 

378 614 925 
645 293 718 
912 578 346 
===========
123 457 689 
456 189 237 
789 362 154 

297 835 461 
564 921 873 
831 746 925 

378 614 592 
645 293 718 
912 578 346 
===========
123 457 689 
456 189 237 
789 362 154 

297 836 415 
564 921 378 
831 745 962 

378 694 521 
645 218 793 
912 573 846 
===========
123 457 689 
456 189 237 
789 362 154 

297 836 415 
564 921 873 
831 745 962 

378 694 521 
645 213 798 
912 578 346 
===========
123 457 689 
456 189 237 
789 362 154 

297 845 316 
564 931 872 
831 726 945 

378 694 521 
645 218 793 
912 573 468 
===========
123 457 689 
456 189 237 
789 362 154 

297 845 316 
564 931 872 
831 726 945 

378 694 521 
645 213 798 
912 578 463 
===========
123 457 689 
456 189 237 
789 362 154 

297 845 316 
564 913 728 
831 726 495 

378 691 542 
645 238 971 
912 574 863 
===========
123 457 689 
456 189 237 
789 362 154 

297 845 316 
564 913 872 
831 726 945 

378 694 521 
645 231 798 
912 578 463 
===========
123 457 689 
456 189 237 
789 362 154 

297 845 316 
564 931 728 
831 726 945 

378 614 592 
645 293 871 
912 578 463 
===========
123 457 689 
456 189 237 
789 362 154 

297 845 361 
564 913 728 
831 726 495 

378 691 542 
645 278 913 
912 534 876 
===========
123 457 689 
456 189 237 
789 362 154 

297 845 361 
564 913 728 
831 726 945 

378 694 512 
645 271 893 
912 538 476 
===========
123 457 689 
456 189 237 
789 362 154 

297 845 361 
564 931 728 
831 726 495 

378 694 512 
645 218 973 
912 573 846 
===========
123 457 689 
456 189 237 
789 362 154 

297 846 315 
564 931 872 
831 725 946 

378 694 521 
645 218 793 
912 573 468 
===========
123 457 689 
456 189 237 
789 362 154 

297 846 315 
564 931 872 
831 725 946 

378 694 521 
645 213 798 
912 578 463 
===========
123 457 689 
456 189 237 
789 362 154 

297 846 315 
564 913 728 
831 725 496 

378 691 542 
645 238 971 
912 574 863 
===========
123 457 689 
456 189 237 
789 362 154 

297 846 315 
564 913 872 
831 725 946 

378 694 521 
645 231 798 
912 578 463 
===========
123 457 689 
456 189 237 
789 362 154 

297 846 315 
564 931 728 
831 725 946 

378 614 592 
645 293 871 
912 578 463 
===========
123 457 689 
456 189 237 
789 362 154 

297 846 513 
564 913 872 
831 725 946 

378 691 425 
645 278 391 
912 534 768 
===========
123 457 689 
456 189 237 
789 362 154 

297 846 513 
564 913 872 
831 725 946 

378 691 425 
645 238 791 
912 574 368 
===========
123 457 689 
456 189 237 
789 362 154 

297 815 346 
564 723 891 
831 946 572 

378 691 425 
645 278 913 
912 534 768 
===========
123 457 689 
456 189 237 
789 362 154 

297 815 346 
564 723 891 
831 946 725 

378 694 512 
645 231 978 
912 578 463 
===========
123 457 689 
456 189 237 
789 362 154 

297 815 346 
564 723 918 
831 946 572 

378 691 425 
645 238 791 
912 574 863 
===========
123 457 689 
456 189 237 
789 362 154 

297 815 463 
564 723 918 
831 946 725 

378 691 542 
645 278 391 
912 534 876 
===========
123 457 689 
456 189 237 
789 362 154 

297 815 463 
564 723 891 
831 946 725 

378 694 512 
645 231 978 
912 578 346 
===========
123 457 689 
456 189 237 
789 362 154 

297 816 345 
564 723 918 
831 945 762 

378 694 521 
645 271 893 
912 538 476 
===========
123 457 689 
456 189 237 
789 362 154 

297 816 345 
564 723 891 
831 945 726 

378 694 512 
645 231 978 
912 578 463 
===========
123 457 689 
456 189 237 
789 362 154 

297 816 543 
564 723 918 
831 945 762 

378 691 425 
645 278 391 
912 534 876 
===========
123 457 689 
456 189 237 
789 362 154 

297 835 461 
564 721 398 
831 946 725 

378 694 512 
645 218 973 
912 573 846 
===========
123 457 689 
456 189 237 
789 362 154 

297 835 461 
564 721 893 
831 946 725 

378 694 512 
645 213 978 
912 578 346 
===========
123 457 689 
456 189 237 
789 362 154 

297 835 461 
564 721 398 
831 946 572 

378 614 925 
645 298 713 
912 573 846 
===========
123 457 689 
456 189 237 
789 362 154 

297 835 461 
564 721 893 
831 946 572 

378 614 925 
645 293 718 
912 578 346 
===========
123 457 689 
456 189 237 
789 362 154 

297 836 415 
564 721 398 
831 945 762 

378 694 521 
645 218 973 
912 573 846 
===========
123 457 689 
456 189 237 
789 362 154 

297 836 415 
564 721 893 
831 945 762 

378 694 521 
645 213 978 
912 578 346 
===========
123 457 689 
456 189 237 
789 362 154 

297 845 316 
564 731 892 
831 926 745 

378 694 521 
645 218 973 
912 573 468 
===========
123 457 689 
456 189 237 
789 362 154 

297 845 316 
564 731 892 
831 926 745 

378 694 521 
645 213 978 
912 578 463 
===========
123 457 689 
456 189 237 
789 362 154 

297 845 316 
564 713 892 
831 926 745 

378 694 521 
645 231 978 
912 578 463 
===========
123 457 689 
456 189 237 
789 362 154 

297 845 316 
564 713 928 
831 926 475 

378 691 542 
645 238 791 
912 574 863 
===========
123 457 689 
456 189 237 
789 362 154 

297 845 316 
564 731 928 
831 926 745 

378 614 592 
645 293 871 
912 578 463 
===========
123 457 689 
456 189 237 
789 362 154 

297 845 361 
564 713 928 
831 926 475 

378 694 512 
645 271 893 
912 538 746 
===========
123 457 689 
456 189 237 
789 362 154 

297 845 361 
564 713 928 
831 926 745 

378 694 512 
645 271 893 
912 538 476 
===========
123 457 689 
456 189 237 
789 362 154 

297 845 361 
564 731 928 
831 926 475 

378 694 512 
645 218 793 
912 573 846 
===========
123 457 689 
456 189 237 
789 362 154 

297 845 361 
564 731 928 
831 926 475 

378 614 592 
645 298 713 
912 573 846 
===========
123 457 689 
456 189 237 
789 362 154 

297 846 315 
564 731 892 
831 925 746 

378 694 521 
645 218 973 
912 573 468 
===========
123 457 689 
456 189 237 
789 362 154 

297 846 315 
564 731 892 
831 925 746 

378 694 521 
645 213 978 
912 578 463 
===========
123 457 689 
456 189 237 
789 362 154 

297 846 315 
564 713 892 
831 925 746 

378 694 521 
645 231 978 
912 578 463 
===========
123 457 689 
456 189 237 
789 362 154 

297 846 315 
564 713 928 
831 925 476 

378 691 542 
645 238 791 
912 574 863 
===========
123 457 689 
456 189 237 
789 362 154 

297 846 315 
564 731 928 
831 925 746 

378 614 592 
645 293 871 
912 578 463 
===========
123 457 689 
456 189 237 
789 362 154 

297 846 513 
564 713 892 
831 925 746 

378 691 425 
645 238 971 
912 574 368 
===========
123 457 689 
456 189 237 
789 362 154 

297 846 513 
564 731 892 
831 925 746 

378 614 925 
645 298 371 
912 573 468 
===========
123 457 689 
456 189 237 
789 362 154 

297 814 365 
564 723 891 
831 695 472 

378 941 526 
645 278 913 
912 536 748 
===========
123 457 689 
456 189 237 
789 362 154 

297 814 365 
564 723 891 
831 695 742 

378 941 526 
645 278 913 
912 536 478 
===========
123 457 689 
456 189 237 
789 362 154 

297 814 365 
564 723 918 
831 695 472 

378 946 521 
645 271 893 
912 538 746 
===========
123 457 689 
456 189 237 
789 362 154 

297 814 365 
564 723 918 
831 695 742 

378 946 521 
645 271 893 
912 538 476 
===========
123 457 689 
456 189 237 
789 362 154 

297 814 365 
564 723 918 
831 695 472 

378 941 526 
645 238 791 
912 576 843 
===========
123 457 689 
456 189 237 
789 362 154 

297 815 346 
564 793 821 
831 624 795 

378 941 562 
645 278 913 
912 536 478 
===========
123 457 689 
456 189 237 
789 362 154 

297 815 346 
564 723 891 
831 694 725 

378 941 562 
645 278 913 
912 536 478 
===========
123 457 689 
456 189 237 
789 362 154 

297 815 346 
564 793 812 
831 624 795 

378 946 521 
645 231 978 
912 578 463 
===========
123 457 689 
456 189 237 
789 362 154 

297 815 346 
564 793 812 
831 624 975 

378 946 521 
645 231 798 
912 578 463 
===========
123 457 689 
456 189 237 
789 362 154 

297 815 346 
564 793 821 
831 624 795 

378 946 512 
645 231 978 
912 578 463 
===========
123 457 689 
456 189 237 
789 362 154 

297 815 346 
564 793 821 
831 624 975 

378 946 512 
645 231 798 
912 578 463 
===========
123 457 689 
456 189 237 
789 362 154 

297 815 346 
564 723 891 
831 694 725 

378 946 512 
645 231 978 
912 578 463 
===========
123 457 689 
456 189 237 
789 362 154 

297 815 463 
564 793 812 
831 624 975 

378 941 526 
645 278 391 
912 536 748 
===========
123 457 689 
456 189 237 
789 362 154 

297 815 463 
564 793 812 
831 624 975 

378 946 521 
645 271 398 
912 538 746 
===========
123 457 689 
456 189 237 
789 362 154 

297 815 463 
564 793 821 
831 624 975 

378 946 512 
645 271 398 
912 538 746 
===========
123 457 689 
456 189 237 
789 362 154 

297 815 463 
564 793 812 
831 624 795 

378 941 526 
645 238 971 
912 576 348 
===========
123 457 689 
456 189 237 
789 362 154 

297 815 463 
564 793 812 
831 624 975 

378 941 526 
645 238 791 
912 576 348 
===========
123 457 689 
456 189 237 
789 362 154 

297 815 463 
564 793 812 
831 624 795 

378 946 521 
645 231 978 
912 578 346 
===========
123 457 689 
456 189 237 
789 362 154 

297 815 463 
564 793 812 
831 624 975 

378 946 521 
645 231 798 
912 578 346 
===========
123 457 689 
456 189 237 
789 362 154 

297 815 463 
564 793 821 
831 624 795 

378 946 512 
645 231 978 
912 578 346 
===========
123 457 689 
456 189 237 
789 362 154 

297 815 463 
564 793 821 
831 624 975 

378 946 512 
645 231 798 
912 578 346 
===========
123 457 689 
456 189 237 
789 362 154 

297 815 463 
564 723 891 
831 694 725 

378 946 512 
645 231 978 
912 578 346 
===========
123 457 689 
456 189 237 
789 362 154 

297 834 561 
564 721 398 
831 695 742 

378 916 425 
645 278 913 
912 543 876 
===========
123 457 689 
456 189 237 
789 362 154 

297 834 561 
564 721 893 
831 695 742 

378 916 425 
645 273 918 
912 548 376 
===========
123 457 689 
456 189 237 
789 362 154 

297 835 416 
564 791 328 
831 624 975 

378 916 542 
645 273 891 
912 548 763 
===========
123 457 689 
456 189 237 
789 362 154 

297 835 416 
564 791 823 
831 624 975 

378 916 542 
645 278 391 
912 543 768 
===========
123 457 689 
456 189 237 
789 362 154 

297 835 461 
564 791 328 
831 624 795 

378 916 542 
645 278 913 
912 543 876 
===========
123 457 689 
456 189 237 
789 362 154 

297 835 461 
564 791 823 
831 624 795 

378 916 542 
645 273 918 
912 548 376 
===========
123 457 689 
456 189 237 
789 362 154 

297 835 461 
564 721 398 
831 694 725 

378 916 542 
645 278 913 
912 543 876 
===========
123 457 689 
456 189 237 
789 362 154 

297 835 461 
564 721 893 
831 694 725 

378 916 542 
645 273 918 
912 548 376 
===========
123 457 689 
456 189 237 
789 362 154 

297 835 461 
564 791 328 
831 624 795 

378 946 512 
645 218 973 
912 573 846 
===========
123 457 689 
456 189 237 
789 362 154 

297 835 461 
564 791 328 
831 624 975 

378 946 512 
645 218 793 
912 573 846 
===========
123 457 689 
456 189 237 
789 362 154 

297 835 461 
564 791 823 
831 624 795 

378 946 512 
645 213 978 
912 578 346 
===========
123 457 689 
456 189 237 
789 362 154 

297 835 461 
564 791 823 
831 624 975 

378 946 512 
645 213 798 
912 578 346 
===========
123 457 689 
456 189 237 
789 362 154 

297 835 461 
564 721 398 
831 694 725 

378 946 512 
645 218 973 
912 573 846 
===========
123 457 689 
456 189 237 
789 362 154 

297 835 461 
564 721 893 
831 694 725 

378 946 512 
645 213 978 
912 578 346 
===========
123 457 689 
456 189 237 
789 362 154 

297 841 365 
564 723 891 
831 695 472 

378 914 526 
645 278 913 
912 536 748 
===========
123 457 689 
456 189 237 
789 362 154 

297 841 365 
564 723 891 
831 695 742 

378 914 526 
645 278 913 
912 536 478 
===========
123 457 689 
456 189 237 
789 362 154 

297 841 365 
564 723 918 
831 695 472 

378 914 526 
645 238 791 
912 576 843 
===========
123 457 689 
456 189 237 
789 362 154 

297 841 563 
564 723 918 
831 695 742 

378 916 425 
645 278 391 
912 534 876 
===========
123 457 689 
456 189 237 
789 362 154 

297 843 516 
564 721 398 
831 695 742 

378 916 425 
645 238 971 
912 574 863 
===========
123 457 689 
456 189 237 
789 362 154 

297 843 516 
564 721 893 
831 695 742 

378 916 425 
645 238 971 
912 574 368 
===========
123 457 689 
456 189 237 
789 362 154 

297 843 561 
564 721 398 
831 695 742 

378 916 425 
645 278 913 
912 534 876 
===========
123 457 689 
456 189 237 
789 362 154 

297 615 348 
564 893 712 
831 724 965 

378 946 521 
645 271 893 
912 538 476 
===========
123 457 689 
456 189 237 
789 362 154 

297 615 348 
564 893 721 
831 724 965 

378 946 512 
645 271 893 
912 538 476 
===========
123 457 689 
456 189 237 
789 362 154 

297 615 843 
564 893 712 
831 724 965 

378 941 526 
645 278 391 
912 536 478 
===========
123 457 689 
456 189 237 
789 362 154 

297 615 843 
564 893 712 
831 724 965 

378 946 521 
645 271 398 
912 538 476 
===========
123 457 689 
456 189 237 
789 362 154 

297 615 843 
564 893 721 
831 724 965 

378 946 512 
645 271 398 
912 538 476 
===========
123 457 689 
456 189 237 
789 362 154 

297 634 518 
564 891 372 
831 725 946 

378 916 425 
645 273 891 
912 548 763 
===========
123 457 689 
456 189 237 
789 362 154 

297 634 815 
564 821 973 
831 795 426 

378 916 542 
645 278 391 
912 543 768 
===========
123 457 689 
456 189 237 
789 362 154 

297 634 815 
564 891 372 
831 725 946 

378 946 521 
645 218 793 
912 573 468 
===========
123 457 689 
456 189 237 
789 362 154 

297 634 815 
564 891 372 
831 725 946 

378 946 521 
645 213 798 
912 578 463 
===========
123 457 689 
456 189 237 
789 362 154 

297 634 815 
564 821 793 
831 795 462 

378 946 521 
645 213 978 
912 578 346 
===========
123 457 689 
456 189 237 
789 362 154 

297 634 815 
564 821 973 
831 795 462 

378 946 521 
645 213 798 
912 578 346 
===========
123 457 689 
456 189 237 
789 362 154 

297 635 418 
564 891 723 
831 724 965 

378 916 542 
645 278 391 
912 543 876 
===========
123 457 689 
456 189 237 
789 362 154 

297 635 418 
564 891 723 
831 724 965 

378 916 542 
645 273 891 
912 548 376 
===========
123 457 689 
456 189 237 
789 362 154 

297 635 418 
564 891 372 
831 724 965 

378 946 521 
645 218 793 
912 573 846 
===========
123 457 689 
456 189 237 
789 362 154 

297 635 841 
564 891 372 
831 724 596 

378 916 425 
645 278 913 
912 543 768 
===========
123 457 689 
456 189 237 
789 362 154 

297 635 841 
564 891 372 
831 724 596 

378 916 425 
645 273 918 
912 548 763 
===========
123 457 689 
456 189 237 
789 362 154 

297 635 841 
564 821 793 
831 794 562 

378 916 425 
645 273 918 
912 548 376 
===========
123 457 689 
456 189 237 
789 362 154 

297 643 518 
564 891 372 
831 725 946 

378 916 425 
645 238 791 
912 574 863 
===========
123 457 689 
456 189 237 
789 362 154 

297 643 815 
564 891 723 
831 725 946 

378 914 562 
645 278 391 
912 536 478 
===========
123 457 689 
456 189 237 
789 362 154 

297 643 815 
564 821 973 
831 795 426 

378 916 542 
645 278 391 
912 534 768 
===========
123 457 689 
456 189 237 
789 362 154 

297 643 815 
564 821 973 
831 795 426 

378 914 562 
645 278 391 
912 536 748 
===========
123 457 689 
456 189 237 
789 362 154 

297 643 815 
564 821 973 
831 795 462 

378 914 526 
645 278 391 
912 536 748 
===========
123 457 689 
456 189 237 
789 362 154 

297 643 815 
564 891 723 
831 725 496 

378 916 542 
645 238 971 
912 574 368 
===========
123 457 689 
456 189 237 
789 362 154 

297 643 815 
564 891 723 
831 725 496 

378 914 562 
645 238 971 
912 576 348 
===========
123 457 689 
456 189 237 
789 362 154 

297 643 815 
564 821 793 
831 795 426 

378 916 542 
645 238 971 
912 574 368 
===========
123 457 689 
456 189 237 
789 362 154 

297 643 815 
564 821 793 
831 795 426 

378 914 562 
645 238 971 
912 576 348 
===========
123 457 689 
456 189 237 
789 362 154 

297 643 815 
564 821 793 
831 795 462 

378 914 526 
645 238 971 
912 576 348 
===========
123 457 689 
456 189 237 
789 362 154 

297 643 815 
564 821 973 
831 795 426 

378 916 542 
645 238 791 
912 574 368 
===========
123 457 689 
456 189 237 
789 362 154 

297 643 815 
564 821 973 
831 795 426 

378 914 562 
645 238 791 
912 576 348 
===========
123 457 689 
456 189 237 
789 362 154 

297 643 815 
564 821 973 
831 795 462 

378 914 526 
645 238 791 
912 576 348 
===========
123 457 689 
456 189 237 
789 362 154 

297 814 365 
564 923 718 
831 675 942 

378 246 591 
645 791 823 
912 538 476 
===========
123 457 689 
456 189 237 
789 362 154 

297 814 365 
564 923 718 
831 675 492 

378 291 546 
645 738 921 
912 546 873 
===========
123 457 689 
456 189 237 
789 362 154 

297 814 563 
564 923 871 
831 675 492 

378 246 915 
645 791 328 
912 538 746 
===========
123 457 689 
456 189 237 
789 362 154 

297 815 346 
564 923 718 
831 674 592 

378 291 465 
645 738 921 
912 546 873 
===========
123 457 689 
456 189 237 
789 362 154 

297 815 346 
564 923 871 
831 674 592 

378 296 415 
645 731 928 
912 548 763 
===========
123 457 689 
456 189 237 
789 362 154 

297 815 463 
564 973 812 
831 624 975 

378 241 596 
645 798 321 
912 536 748 
===========
123 457 689 
456 189 237 
789 362 154 

297 815 463 
564 973 812 
831 624 975 

378 246 591 
645 791 328 
912 538 746 
===========
123 457 689 
456 189 237 
789 362 154 

297 815 463 
564 973 821 
831 624 975 

378 241 596 
645 798 312 
912 536 748 
===========
123 457 689 
456 189 237 
789 362 154 

297 815 463 
564 923 871 
831 674 925 

378 241 596 
645 798 312 
912 536 748 
===========
123 457 689 
456 189 237 
789 362 154 

297 815 463 
564 923 871 
831 674 592 

378 246 915 
645 791 328 
912 538 746 
===========
123 457 689 
456 189 237 
789 362 154 

297 815 463 
564 973 812 
831 624 795 

378 291 546 
645 738 921 
912 546 378 
===========
123 457 689 
456 189 237 
789 362 154 

297 815 463 
564 973 812 
831 624 795 

378 296 541 
645 731 928 
912 548 376 
===========
123 457 689 
456 189 237 
789 362 154 

297 815 463 
564 973 821 
831 624 795 

378 291 546 
645 738 912 
912 546 378 
===========
123 457 689 
456 189 237 
789 362 154 

297 815 463 
564 923 718 
831 674 925 

378 296 541 
645 731 892 
912 548 376 
===========
123 457 689 
456 189 237 
789 362 154 

297 834 516 
564 921 378 
831 675 492 

378 216 945 
645 793 821 
912 548 763 
===========
123 457 689 
456 189 237 
789 362 154 

297 834 516 
564 921 378 
831 675 942 

378 216 495 
645 793 821 
912 548 763 
===========
123 457 689 
456 189 237 
789 362 154 

297 834 516 
564 921 873 
831 675 492 

378 216 945 
645 798 321 
912 543 768 
===========
123 457 689 
456 189 237 
789 362 154 

297 834 516 
564 921 873 
831 675 942 

378 216 495 
645 798 321 
912 543 768 
===========
123 457 689 
456 189 237 
789 362 154 

297 835 416 
564 971 328 
831 624 975 

378 296 541 
645 713 892 
912 548 763 
===========
123 457 689 
456 189 237 
789 362 154 

297 835 416 
564 971 823 
831 624 975 

378 296 541 
645 718 392 
912 543 768 
===========
123 457 689 
456 189 237 
789 362 154 

297 835 416 
564 921 378 
831 674 925 

378 296 541 
645 713 892 
912 548 763 
===========
123 457 689 
456 189 237 
789 362 154 

297 835 416 
564 921 873 
831 674 925 

378 296 541 
645 718 392 
912 543 768 
===========
123 457 689 
456 189 237 
789 362 154 

297 835 416 
564 921 378 
831 674 592 

378 216 945 
645 793 821 
912 548 763 
===========
123 457 689 
456 189 237 
789 362 154 

297 835 416 
564 921 873 
831 674 592 

378 216 945 
645 798 321 
912 543 768 
===========
123 457 689 
456 189 237 
789 362 154 

297 841 365 
564 923 718 
831 675 492 

378 296 541 
645 718 923 
912 534 876 
===========
123 457 689 
456 189 237 
789 362 154 

297 841 365 
564 923 871 
831 675 492 

378 294 516 
645 718 923 
912 536 748 
===========
123 457 689 
456 189 237 
789 362 154 

297 841 563 
564 923 718 
831 675 492 

378 216 945 
645 798 321 
912 534 876 
===========
123 457 689 
456 189 237 
789 362 154 

297 841 563 
564 923 718 
831 675 942 

378 216 495 
645 798 321 
912 534 876 
===========
123 457 689 
456 189 237 
789 362 154 

297 843 516 
564 921 873 
831 675 492 

378 216 945 
645 798 321 
912 534 768 
===========
123 457 689 
456 189 237 
789 362 154 

297 843 516 
564 921 873 
831 675 942 

378 216 495 
645 798 321 
912 534 768 
===========
123 457 689 
456 189 237 
789 362 154 

297 843 516 
564 921 873 
831 675 492 

378 214 965 
645 798 321 
912 536 748 
===========
123 457 689 
456 189 237 
789 362 154 

297 615 348 
564 873 912 
831 924 765 

378 246 591 
645 791 823 
912 538 476 
===========
123 457 689 
456 189 237 
789 362 154 

297 615 348 
564 823 791 
831 974 562 

378 246 915 
645 791 823 
912 538 476 
===========
123 457 689 
456 189 237 
789 362 154 

297 615 348 
564 873 921 
831 924 576 

378 296 415 
645 731 892 
912 548 763 
===========
123 457 689 
456 189 237 
789 362 154 

297 615 348 
564 823 791 
831 974 526 

378 291 465 
645 738 912 
912 546 873 
===========
123 457 689 
456 189 237 
789 362 154 

297 615 348 
564 823 971 
831 974 526 

378 296 415 
645 731 892 
912 548 763 
===========
123 457 689 
456 189 237 
789 362 154 

297 615 843 
564 873 912 
831 924 765 

378 241 596 
645 798 321 
912 536 478 
===========
123 457 689 
456 189 237 
789 362 154 

297 615 843 
564 873 912 
831 924 765 

378 246 591 
645 791 328 
912 538 476 
===========
123 457 689 
456 189 237 
789 362 154 

297 615 843 
564 873 921 
831 924 765 

378 241 596 
645 798 312 
912 536 478 
===========
123 457 689 
456 189 237 
789 362 154 

297 615 843 
564 823 791 
831 974 526 

378 241 965 
645 798 312 
912 536 478 
===========
123 457 689 
456 189 237 
789 362 154 

297 615 843 
564 823 791 
831 974 562 

378 246 915 
645 791 328 
912 538 476 
===========
123 457 689 
456 189 237 
789 362 154 

297 615 843 
564 823 791 
831 974 526 

378 291 465 
645 738 912 
912 546 378 
===========
123 457 689 
456 189 237 
789 362 154 

297 615 843 
564 823 791 
831 974 562 

378 296 415 
645 731 928 
912 548 376 
===========
123 457 689 
456 189 237 
789 362 154 

297 634 518 
564 871 392 
831 925 476 

378 216 945 
645 793 821 
912 548 763 
===========
123 457 689 
456 189 237 
789 362 154 

297 634 518 
564 821 793 
831 975 462 

378 216 945 
645 798 321 
912 543 876 
===========
123 457 689 
456 189 237 
789 362 154 

297 634 518 
564 821 793 
831 975 462 

378 216 945 
645 793 821 
912 548 376 
===========
123 457 689 
456 189 237 
789 362 154 

297 634 815 
564 871 392 
831 925 476 

378 296 541 
645 718 923 
912 543 768 
===========
123 457 689 
456 189 237 
789 362 154 

297 634 815 
564 871 392 
831 925 476 

378 296 541 
645 713 928 
912 548 763 
===========
123 457 689 
456 189 237 
789 362 154 

297 634 815 
564 871 923 
831 925 476 

378 296 541 
645 718 392 
912 543 768 
===========
123 457 689 
456 189 237 
789 362 154 

297 634 815 
564 821 793 
831 975 462 

378 296 541 
645 713 928 
912 548 376 
===========
123 457 689 
456 189 237 
789 362 154 

297 634 815 
564 821 973 
831 975 426 

378 296 541 
645 718 392 
912 543 768 
===========
123 457 689 
456 189 237 
789 362 154 

297 635 418 
564 871 392 
831 924 765 

378 296 541 
645 718 923 
912 543 876 
===========
123 457 689 
456 189 237 
789 362 154 

297 635 418 
564 871 923 
831 924 765 

378 296 541 
645 718 392 
912 543 876 
===========
123 457 689 
456 189 237 
789 362 154 

297 635 418 
564 871 923 
831 924 765 

378 296 541 
645 713 892 
912 548 376 
===========
123 457 689 
456 189 237 
789 362 154 

297 635 418 
564 871 392 
831 924 576 

378 216 945 
645 793 821 
912 548 763 
===========
123 457 689 
456 189 237 
789 362 154 

297 635 418 
564 821 793 
831 974 562 

378 216 945 
645 798 321 
912 543 876 
===========
123 457 689 
456 189 237 
789 362 154 

297 635 418 
564 821 793 
831 974 562 

378 216 945 
645 793 821 
912 548 376 
===========
123 457 689 
456 189 237 
789 362 154 

297 635 841 
564 871 392 
831 924 576 

378 296 415 
645 718 923 
912 543 768 
===========
123 457 689 
456 189 237 
789 362 154 

297 635 841 
564 871 392 
831 924 576 

378 296 415 
645 713 928 
912 548 763 
===========
123 457 689 
456 189 237 
789 362 154 

297 635 841 
564 871 923 
831 924 576 

378 296 415 
645 718 392 
912 543 768 
===========
123 457 689 
456 189 237 
789 362 154 

297 635 841 
564 821 793 
831 974 562 

378 296 415 
645 713 928 
912 548 376 
===========
123 457 689 
456 189 237 
789 362 154 

297 635 841 
564 821 973 
831 974 526 

378 296 415 
645 718 392 
912 543 768 
===========
123 457 689 
456 189 237 
789 362 154 

297 635 841 
564 871 923 
831 924 576 

378 216 495 
645 798 312 
912 543 768 
===========
123 457 689 
456 189 237 
789 362 154 

297 635 841 
564 821 973 
831 974 526 

378 216 495 
645 798 312 
912 543 768 
===========
123 457 689 
456 189 237 
789 362 154 

297 643 518 
564 821 793 
831 975 462 

378 216 945 
645 798 321 
912 534 876 
===========
123 457 689 
456 189 237 
789 362 154 

297 643 815 
564 871 392 
831 925 476 

378 296 541 
645 718 923 
912 534 768 
===========
