123 457 689 
456 189 273 
789 263 145 

297 814 356 
564 932 718 
831 675 924 

378 526 491 
645 791 832 
912 348 567 
===========
123 457 689 
456 189 273 
789 263 145 

297 814 536 
564 932 718 
831 675 924 

378 591 462 
645 728 391 
912 346 857 
===========
123 457 689 
456 189 273 
789 263 145 

297 814 536 
564 932 817 
831 675 924 

378 591 462 
645 728 391 
912 346 758 
===========
123 457 689 
456 189 273 
789 263 145 

297 814 536 
564 932 718 
831 675 492 

378 521 964 
645 798 321 
912 346 857 
===========
123 457 689 
456 189 273 
789 263 145 

297 814 536 
564 932 817 
831 675 492 

378 521 964 
645 798 321 
912 346 758 
===========
123 457 689 
456 189 273 
789 263 145 

297 815 364 
564 932 718 
831 674 592 

378 591 426 
645 728 931 
912 346 857 
===========
123 457 689 
456 189 273 
789 263 145 

297 815 364 
564 932 817 
831 674 592 

378 591 426 
645 728 931 
912 346 758 
===========
123 457 689 
456 189 273 
789 263 145 

297 815 364 
564 932 817 
831 674 592 

378 596 421 
645 721 938 
912 348 756 
===========
123 457 689 
456 189 273 
789 263 145 

297 815 436 
564 932 718 
831 674 592 

378 521 964 
645 798 321 
912 346 857 
===========
123 457 689 
456 189 273 
789 263 145 

297 815 436 
564 932 817 
831 674 592 

378 521 964 
645 798 321 
912 346 758 
===========
123 457 689 
456 189 273 
789 263 145 

297 834 516 
564 971 328 
831 625 794 

378 592 461 
645 718 932 
912 346 857 
===========
123 457 689 
456 189 273 
789 263 145 

297 834 516 
564 921 738 
831 675 924 

378 592 461 
645 718 392 
912 346 857 
===========
123 457 689 
456 189 273 
789 263 145 

297 834 516 
564 921 837 
831 675 924 

378 592 461 
645 718 392 
912 346 758 
===========
123 457 689 
456 189 273 
789 263 145 

297 834 516 
564 912 738 
831 675 924 

378 591 462 
645 728 391 
912 346 857 
===========
123 457 689 
456 189 273 
789 263 145 

297 834 516 
564 912 837 
831 675 924 

378 591 462 
645 728 391 
912 346 758 
===========
123 457 689 
456 189 273 
789 263 145 

297 834 516 
564 971 832 
831 625 497 

378 512 964 
645 798 321 
912 346 758 
===========
123 457 689 
456 189 273 
789 263 145 

297 834 516 
564 921 738 
831 675 492 

378 512 964 
645 798 321 
912 346 857 
===========
123 457 689 
456 189 273 
789 263 145 

297 834 516 
564 921 837 
831 675 492 

378 512 964 
645 798 321 
912 346 758 
===========
123 457 689 
456 189 273 
789 263 145 

297 834 516 
564 912 738 
831 675 492 

378 521 964 
645 798 321 
912 346 857 
===========
123 457 689 
456 189 273 
789 263 145 

297 834 516 
564 912 837 
831 675 492 

378 521 964 
645 798 321 
912 346 758 
===========
123 457 689 
456 189 273 
789 263 145 

297 834 561 
564 971 328 
831 625 794 

378 592 416 
645 718 932 
912 346 857 
===========
123 457 689 
456 189 273 
789 263 145 

297 834 561 
564 921 738 
831 675 924 

378 592 416 
645 718 392 
912 346 857 
===========
123 457 689 
456 189 273 
789 263 145 

297 834 561 
564 921 837 
831 675 924 

378 592 416 
645 718 392 
912 346 758 
===========
123 457 689 
456 189 273 
789 263 145 

297 834 561 
564 921 837 
831 675 924 

378 596 412 
645 712 398 
912 348 756 
===========
123 457 689 
456 189 273 
789 263 145 

297 834 561 
564 912 837 
831 675 924 

378 596 412 
645 721 398 
912 348 756 
===========
123 457 689 
456 189 273 
789 263 145 

297 834 561 
564 971 832 
831 625 497 

378 516 924 
645 792 318 
912 348 756 
===========
123 457 689 
456 189 273 
789 263 145 

297 834 561 
564 921 738 
831 675 924 

378 512 496 
645 798 312 
912 346 857 
===========
123 457 689 
456 189 273 
789 263 145 

297 834 561 
564 921 837 
831 675 924 

378 512 496 
645 798 312 
912 346 758 
===========
123 457 689 
456 189 273 
789 263 145 

297 834 561 
564 921 837 
831 675 492 

378 516 924 
645 792 318 
912 348 756 
===========
123 457 689 
456 189 273 
789 263 145 

297 834 561 
564 921 837 
831 675 924 

378 516 492 
645 792 318 
912 348 756 
===========
123 457 689 
456 189 273 
789 263 145 

297 834 561 
564 912 738 
831 675 924 

378 521 496 
645 798 312 
912 346 857 
===========
123 457 689 
456 189 273 
789 263 145 

297 834 561 
564 912 837 
831 675 924 

378 521 496 
645 798 312 
912 346 758 
===========
123 457 689 
456 189 273 
789 263 145 

297 834 561 
564 912 837 
831 675 492 

378 526 914 
645 791 328 
912 348 756 
===========
123 457 689 
456 189 273 
789 263 145 

297 835 416 
564 971 832 
831 624 597 

378 512 964 
645 798 321 
912 346 758 
===========
123 457 689 
456 189 273 
789 263 145 

297 835 416 
564 921 738 
831 674 592 

378 512 964 
645 798 321 
912 346 857 
===========
123 457 689 
456 189 273 
789 263 145 

297 835 416 
564 921 837 
831 674 592 

378 512 964 
645 798 321 
912 346 758 
===========
123 457 689 
456 189 273 
789 263 145 

297 835 416 
564 912 738 
831 674 592 

378 521 964 
645 798 321 
912 346 857 
===========
123 457 689 
456 189 273 
789 263 145 

297 835 416 
564 912 837 
831 674 592 

378 521 964 
645 798 321 
912 346 758 
===========
123 457 689 
456 189 273 
789 263 145 

297 835 461 
564 971 832 
831 624 597 

378 516 924 
645 792 318 
912 348 756 
===========
123 457 689 
456 189 273 
789 263 145 

297 835 461 
564 921 837 
831 674 592 

378 516 924 
645 792 318 
912 348 756 
===========
123 457 689 
456 189 273 
789 263 145 

297 835 461 
564 912 837 
831 674 592 

378 526 914 
645 791 328 
912 348 756 
===========
123 457 689 
456 189 273 
789 263 145 

297 614 358 
564 832 791 
831 975 426 

378 526 914 
645 791 832 
912 348 567 
===========
123 457 689 
456 189 273 
789 263 145 

297 614 538 
564 832 791 
831 975 426 

378 521 964 
645 798 312 
912 346 857 
===========
123 457 689 
456 189 273 
789 263 145 

297 615 438 
564 832 791 
831 974 526 

378 521 964 
645 798 312 
912 346 857 
===========
123 457 689 
456 189 273 
789 263 145 

297 615 834 
564 832 917 
831 974 526 

378 591 462 
645 728 391 
912 346 758 
===========
123 457 689 
456 189 273 
789 263 145 

297 615 834 
564 832 917 
831 974 562 

378 591 426 
645 728 391 
912 346 758 
===========
123 457 689 
456 189 273 
789 263 145 

297 615 834 
564 832 917 
831 974 562 

378 596 421 
645 721 398 
912 348 756 
===========
123 457 689 
456 189 273 
789 263 145 

297 615 834 
564 832 917 
831 974 562 

378 521 496 
645 798 321 
912 346 758 
===========
123 457 689 
456 189 273 
789 263 145 

297 615 834 
564 832 917 
831 974 562 

378 526 491 
645 791 328 
912 348 756 
===========
123 457 689 
456 189 273 
789 263 145 

297 634 518 
564 871 392 
831 925 467 

378 516 924 
645 792 831 
912 348 756 
===========
123 457 689 
456 189 273 
789 263 145 

297 634 518 
564 871 932 
831 925 764 

378 512 496 
645 798 321 
912 346 857 
===========
123 457 689 
456 189 273 
789 263 145 

297 634 518 
564 821 397 
831 975 462 

378 516 924 
645 792 831 
912 348 756 
===========
123 457 689 
456 189 273 
789 263 145 

297 635 418 
564 871 392 
831 924 567 

378 516 924 
645 792 831 
912 348 756 
===========
123 457 689 
456 189 273 
789 263 145 

297 635 418 
564 871 392 
831 924 756 

378 516 924 
645 792 831 
912 348 567 
===========
123 457 689 
456 189 273 
789 263 145 

297 635 418 
564 821 397 
831 974 562 

378 516 924 
645 792 831 
912 348 756 
===========
123 457 689 
456 189 273 
789 263 145 

297 635 814 
564 871 392 
831 924 567 

378 596 421 
645 712 938 
912 348 756 
===========
123 457 689 
456 189 273 
789 263 145 

297 635 814 
564 871 392 
831 924 756 

378 596 421 
645 712 938 
912 348 567 
===========
123 457 689 
456 189 273 
789 263 145 

297 635 814 
564 871 932 
831 924 567 

378 596 421 
645 712 398 
912 348 756 
===========
123 457 689 
456 189 273 
789 263 145 

297 635 814 
564 871 932 
831 924 756 

378 596 421 
645 712 398 
912 348 567 
===========
123 457 689 
456 189 273 
789 263 145 

297 635 814 
564 821 397 
831 974 526 

378 592 461 
645 718 932 
912 346 758 
===========
123 457 689 
456 189 273 
789 263 145 

297 635 814 
564 821 397 
831 974 562 

378 596 421 
645 712 938 
912 348 756 
===========
123 457 689 
456 189 273 
789 263 145 

297 635 814 
564 821 937 
831 974 526 

378 592 461 
645 718 392 
912 346 758 
===========
123 457 689 
456 189 273 
789 263 145 

297 635 814 
564 821 937 
831 974 562 

378 596 421 
645 712 398 
912 348 756 
===========
123 457 689 
456 189 273 
789 263 145 

297 635 814 
564 812 397 
831 974 526 

378 591 462 
645 728 931 
912 346 758 
===========
123 457 689 
456 189 273 
789 263 145 

297 635 814 
564 812 397 
831 974 562 

378 591 426 
645 728 931 
912 346 758 
===========
123 457 689 
456 189 273 
789 263 145 

297 635 814 
564 812 397 
831 974 562 

378 596 421 
645 721 938 
912 348 756 
===========
123 457 689 
456 189 273 
789 263 145 

297 635 814 
564 812 937 
831 974 526 

378 591 462 
645 728 391 
912 346 758 
===========
123 457 689 
456 189 273 
789 263 145 

297 635 814 
564 812 937 
831 974 562 

378 591 426 
645 728 391 
912 346 758 
===========
123 457 689 
456 189 273 
789 263 145 

297 635 814 
564 812 937 
831 974 562 

378 596 421 
645 721 398 
912 348 756 
===========
123 457 689 
456 189 273 
789 263 145 

297 635 814 
564 871 932 
831 924 567 

378 512 496 
645 798 321 
912 346 758 
===========
123 457 689 
456 189 273 
789 263 145 

297 635 814 
564 821 937 
831 974 562 

378 512 496 
645 798 321 
912 346 758 
===========
123 457 689 
456 189 273 
789 263 145 

297 635 814 
564 812 937 
831 974 562 

378 521 496 
645 798 321 
912 346 758 
===========
123 457 689 
456 189 273 
789 263 145 

297 635 814 
564 812 937 
831 974 562 

378 526 491 
645 791 328 
912 348 756 
===========
123 457 689 
456 189 273 
789 263 145 

297 814 356 
564 932 718 
831 576 492 

378 691 524 
645 728 931 
912 345 867 
===========
123 457 689 
456 189 273 
789 263 145 

297 814 356 
564 932 817 
831 576 492 

378 691 524 
645 728 931 
912 345 768 
===========
123 457 689 
456 189 273 
789 263 145 

297 814 356 
564 932 718 
831 576 924 

378 625 491 
645 791 832 
912 348 567 
===========
123 457 689 
456 189 273 
789 263 145 

297 814 536 
564 932 718 
831 576 924 

378 691 452 
645 728 391 
912 345 867 
===========
123 457 689 
456 189 273 
789 263 145 

297 814 536 
564 932 817 
831 576 924 

378 691 452 
645 728 391 
912 345 768 
===========
123 457 689 
456 189 273 
789 263 145 

297 814 536 
564 932 718 
831 576 492 

378 621 954 
645 798 321 
912 345 867 
===========
123 457 689 
456 189 273 
789 263 145 

297 814 536 
564 932 817 
831 576 492 

378 621 954 
645 798 321 
912 345 768 
===========
123 457 689 
456 189 273 
789 263 145 

297 816 354 
564 932 718 
831 574 926 

378 625 491 
645 791 832 
912 348 567 
===========
123 457 689 
456 189 273 
789 263 145 

297 816 534 
564 932 718 
831 574 926 

378 691 452 
645 728 391 
912 345 867 
===========
123 457 689 
456 189 273 
789 263 145 

297 816 534 
564 932 817 
831 574 926 

378 691 452 
645 728 391 
912 345 768 
===========
123 457 689 
456 189 273 
789 263 145 

297 816 534 
564 932 817 
831 574 962 

378 695 421 
645 721 398 
912 348 756 
===========
123 457 689 
456 189 273 
789 263 145 

297 816 534 
564 932 817 
831 574 962 

378 625 491 
645 791 328 
912 348 756 
===========
123 457 689 
456 189 273 
789 263 145 

297 834 516 
564 971 328 
831 526 794 

378 692 451 
645 718 932 
912 345 867 
===========
123 457 689 
456 189 273 
789 263 145 

297 834 516 
564 921 738 
831 576 924 

378 692 451 
645 718 392 
912 345 867 
===========
123 457 689 
456 189 273 
789 263 145 

297 834 516 
564 921 837 
831 576 924 

378 692 451 
645 718 392 
912 345 768 
===========
123 457 689 
456 189 273 
789 263 145 

297 834 516 
564 912 738 
831 576 924 

378 691 452 
645 728 391 
912 345 867 
===========
123 457 689 
456 189 273 
789 263 145 

297 834 516 
564 912 837 
831 576 924 

378 691 452 
645 728 391 
912 345 768 
===========
123 457 689 
456 189 273 
789 263 145 

297 834 516 
564 971 832 
831 526 497 

378 612 954 
645 798 321 
912 345 768 
===========
123 457 689 
456 189 273 
789 263 145 

297 834 516 
564 921 738 
831 576 492 

378 612 954 
645 798 321 
912 345 867 
===========
123 457 689 
456 189 273 
789 263 145 

297 834 516 
564 921 837 
831 576 492 

378 612 954 
645 798 321 
912 345 768 
===========
123 457 689 
456 189 273 
789 263 145 

297 834 516 
564 912 738 
831 576 492 

378 621 954 
645 798 321 
912 345 867 
===========
123 457 689 
456 189 273 
789 263 145 

297 834 516 
564 912 837 
831 576 492 

378 621 954 
645 798 321 
912 345 768 
===========
123 457 689 
456 189 273 
789 263 145 

297 834 561 
564 921 837 
831 576 924 

378 695 412 
645 712 398 
912 348 756 
===========
123 457 689 
456 189 273 
789 263 145 

297 834 561 
564 912 837 
831 576 924 

378 695 412 
645 721 398 
912 348 756 
===========
123 457 689 
456 189 273 
789 263 145 

297 834 561 
564 971 832 
831 526 497 

378 615 924 
645 792 318 
912 348 756 
===========
123 457 689 
456 189 273 
789 263 145 

297 834 561 
564 921 837 
831 576 492 

378 615 924 
645 792 318 
912 348 756 
===========
123 457 689 
456 189 273 
789 263 145 

297 834 561 
564 921 837 
831 576 924 

378 615 492 
645 792 318 
912 348 756 
===========
123 457 689 
456 189 273 
789 263 145 

297 834 561 
564 912 837 
831 576 492 

378 625 914 
645 791 328 
912 348 756 
===========
123 457 689 
456 189 273 
789 263 145 

297 836 451 
564 971 328 
831 524 796 

378 692 514 
645 718 932 
912 345 867 
===========
123 457 689 
456 189 273 
789 263 145 

297 836 451 
564 921 738 
831 574 926 

378 692 514 
645 718 392 
912 345 867 
===========
123 457 689 
456 189 273 
789 263 145 

297 836 451 
564 921 837 
831 574 926 

378 692 514 
645 718 392 
912 345 768 
===========
123 457 689 
456 189 273 
789 263 145 

297 836 451 
564 971 832 
831 524 796 

378 615 924 
645 792 318 
912 348 567 
===========
123 457 689 
456 189 273 
789 263 145 

297 836 451 
564 921 738 
831 574 926 

378 612 594 
645 798 312 
912 345 867 
===========
123 457 689 
456 189 273 
789 263 145 

297 836 451 
564 921 837 
831 574 926 

378 612 594 
645 798 312 
912 345 768 
===========
123 457 689 
456 189 273 
789 263 145 

297 836 451 
564 912 738 
831 574 926 

378 621 594 
645 798 312 
912 345 867 
===========
123 457 689 
456 189 273 
789 263 145 

297 836 451 
564 912 837 
831 574 926 

378 621 594 
645 798 312 
912 345 768 
===========
123 457 689 
456 189 273 
789 263 145 

297 836 514 
564 971 328 
831 524 796 

378 692 451 
645 718 932 
912 345 867 
===========
123 457 689 
456 189 273 
789 263 145 

297 836 514 
564 971 832 
831 524 967 

378 695 421 
645 712 398 
912 348 756 
===========
123 457 689 
456 189 273 
789 263 145 

297 836 514 
564 921 738 
831 574 926 

378 692 451 
645 718 392 
912 345 867 
===========
123 457 689 
456 189 273 
789 263 145 

297 836 514 
564 921 837 
831 574 926 

378 692 451 
645 718 392 
912 345 768 
===========
123 457 689 
456 189 273 
789 263 145 

297 836 514 
564 921 837 
831 574 962 

378 695 421 
645 712 398 
912 348 756 
===========
123 457 689 
456 189 273 
789 263 145 

297 836 514 
564 912 738 
831 574 926 

378 691 452 
645 728 391 
912 345 867 
===========
123 457 689 
456 189 273 
789 263 145 

297 836 514 
564 912 837 
831 574 926 

378 691 452 
645 728 391 
912 345 768 
===========
123 457 689 
456 189 273 
789 263 145 

297 836 514 
564 912 837 
831 574 962 

378 695 421 
645 721 398 
912 348 756 
===========
123 457 689 
456 189 273 
789 263 145 

297 836 514 
564 971 328 
831 524 967 

378 615 492 
645 792 831 
912 348 756 
===========
123 457 689 
456 189 273 
789 263 145 

297 836 514 
564 912 837 
831 574 962 

378 625 491 
645 791 328 
912 348 756 
===========
123 457 689 
456 189 273 
789 263 145 

297 514 368 
564 832 917 
831 976 524 

378 625 491 
645 791 832 
912 348 756 
===========
123 457 689 
456 189 273 
789 263 145 

297 514 836 
564 832 917 
831 976 452 

378 691 524 
645 728 391 
912 345 768 
===========
123 457 689 
456 189 273 
789 263 145 

297 514 836 
564 832 917 
831 976 524 

378 691 452 
645 728 391 
912 345 768 
===========
123 457 689 
456 189 273 
789 263 145 

297 514 836 
564 832 791 
831 976 452 

378 625 914 
645 791 328 
912 348 567 
===========
123 457 689 
456 189 273 
789 263 145 

297 514 836 
564 832 917 
831 976 452 

378 621 594 
645 798 321 
912 345 768 
===========
123 457 689 
456 189 273 
789 263 145 

297 516 438 
564 832 791 
831 974 526 

378 621 954 
645 798 312 
912 345 867 
===========
123 457 689 
456 189 273 
789 263 145 

297 516 834 
564 832 917 
831 974 526 

378 691 452 
645 728 391 
912 345 768 
===========
123 457 689 
456 189 273 
789 263 145 

297 516 834 
564 832 917 
831 974 562 

378 695 421 
645 721 398 
912 348 756 
===========
123 457 689 
456 189 273 
789 263 145 

297 516 834 
564 832 917 
831 974 562 

378 625 491 
645 791 328 
912 348 756 
===========
123 457 689 
456 189 273 
789 263 145 

297 534 816 
564 871 392 
831 926 754 

378 695 421 
645 712 938 
912 348 567 
===========
123 457 689 
456 189 273 
789 263 145 

297 534 816 
564 871 932 
831 926 754 

378 695 421 
645 712 398 
912 348 567 
===========
123 457 689 
456 189 273 
789 263 145 

297 534 816 
564 821 397 
831 976 524 

378 692 451 
645 718 932 
912 345 768 
===========
123 457 689 
456 189 273 
789 263 145 

297 534 816 
564 821 937 
831 976 524 

378 692 451 
645 718 392 
912 345 768 
===========
123 457 689 
456 189 273 
789 263 145 

297 534 816 
564 812 397 
831 976 452 

378 691 524 
645 728 931 
912 345 768 
===========
123 457 689 
456 189 273 
789 263 145 

297 534 816 
564 812 397 
831 976 524 

378 691 452 
645 728 931 
912 345 768 
===========
123 457 689 
456 189 273 
789 263 145 

297 534 816 
564 812 937 
831 976 452 

378 691 524 
645 728 391 
912 345 768 
===========
123 457 689 
456 189 273 
789 263 145 

297 534 816 
564 812 937 
831 976 524 

378 691 452 
645 728 391 
912 345 768 
===========
123 457 689 
456 189 273 
789 263 145 

297 534 816 
564 871 932 
831 926 457 

378 612 594 
645 798 321 
912 345 768 
===========
123 457 689 
456 189 273 
789 263 145 

297 534 816 
564 821 937 
831 976 452 

378 612 594 
645 798 321 
912 345 768 
===========
123 457 689 
456 189 273 
789 263 145 

297 534 816 
564 812 937 
831 976 452 

378 621 594 
645 798 321 
912 345 768 
===========
123 457 689 
456 189 273 
789 263 145 

297 534 861 
564 821 397 
831 976 524 

378 695 412 
645 712 938 
912 348 756 
===========
123 457 689 
456 189 273 
789 263 145 

297 534 861 
564 821 937 
831 976 524 

378 695 412 
645 712 398 
912 348 756 
===========
123 457 689 
456 189 273 
789 263 145 

297 534 861 
564 812 397 
831 976 524 

378 695 412 
645 721 938 
912 348 756 
===========
123 457 689 
456 189 273 
789 263 145 

297 534 861 
564 812 937 
831 976 524 

378 695 412 
645 721 398 
912 348 756 
===========
123 457 689 
456 189 273 
789 263 145 

297 534 861 
564 821 937 
831 976 524 

378 615 492 
645 792 318 
912 348 756 
===========
123 457 689 
456 189 273 
789 263 145 

297 536 418 
564 871 392 
831 924 567 

378 615 924 
645 792 831 
912 348 756 
===========
123 457 689 
456 189 273 
789 263 145 

297 536 418 
564 871 392 
831 924 756 

378 615 924 
645 792 831 
912 348 567 
===========
123 457 689 
456 189 273 
789 263 145 

297 536 418 
564 871 932 
831 924 756 

378 612 594 
645 798 321 
912 345 867 
===========
123 457 689 
456 189 273 
789 263 145 

297 536 418 
564 821 397 
831 974 562 

378 615 924 
645 792 831 
912 348 756 
===========
123 457 689 
456 189 273 
789 263 145 

297 536 814 
564 871 392 
831 924 567 

378 695 421 
645 712 938 
912 348 756 
===========
123 457 689 
456 189 273 
789 263 145 

297 536 814 
564 871 392 
831 924 756 

378 695 421 
645 712 938 
912 348 567 
===========
123 457 689 
456 189 273 
789 263 145 

297 536 814 
564 871 932 
831 924 567 

378 695 421 
645 712 398 
912 348 756 
===========
123 457 689 
456 189 273 
789 263 145 

297 536 814 
564 871 932 
831 924 756 

378 695 421 
645 712 398 
912 348 567 
===========
123 457 689 
456 189 273 
789 263 145 

297 536 814 
564 821 397 
831 974 526 

378 692 451 
645 718 932 
912 345 768 
===========
123 457 689 
456 189 273 
789 263 145 

297 536 814 
564 821 397 
831 974 562 

378 695 421 
645 712 938 
912 348 756 
===========
123 457 689 
456 189 273 
789 263 145 

297 536 814 
564 821 937 
831 974 526 

378 692 451 
645 718 392 
912 345 768 
===========
123 457 689 
456 189 273 
789 263 145 

297 536 814 
564 821 937 
831 974 562 

378 695 421 
645 712 398 
912 348 756 
===========
123 457 689 
456 189 273 
789 263 145 

297 536 814 
564 812 397 
831 974 526 

378 691 452 
645 728 931 
912 345 768 
===========
123 457 689 
456 189 273 
789 263 145 

297 536 814 
564 812 397 
831 974 562 

378 695 421 
645 721 938 
912 348 756 
===========
123 457 689 
456 189 273 
789 263 145 

297 536 814 
564 812 937 
831 974 526 

378 691 452 
645 728 391 
912 345 768 
===========
123 457 689 
456 189 273 
789 263 145 

297 536 814 
564 812 937 
831 974 562 

378 695 421 
645 721 398 
912 348 756 
===========
123 457 689 
456 189 273 
789 263 145 

297 536 814 
564 812 937 
831 974 562 

378 625 491 
645 791 328 
912 348 756 
===========
123 457 689 
456 189 273 
789 263 145 

297 631 458 
564 892 731 
831 574 926 

378 926 514 
645 718 392 
912 345 867 
===========
123 457 689 
456 189 273 
789 263 145 

297 631 458 
564 872 391 
831 594 726 

378 926 514 
645 718 932 
912 345 867 
===========
123 457 689 
456 189 273 
789 263 145 

297 631 458 
564 872 931 
831 594 726 

378 926 514 
645 718 392 
912 345 867 
===========
123 457 689 
456 189 273 
789 263 145 

297 634 518 
564 891 732 
831 572 964 

378 915 426 
645 728 391 
912 346 857 
===========
123 457 689 
456 189 273 
789 263 145 

297 634 518 
564 871 392 
831 592 764 

378 915 426 
645 728 931 
912 346 857 
===========
123 457 689 
456 189 273 
789 263 145 

297 634 518 
564 871 932 
831 592 764 

378 915 426 
645 728 391 
912 346 857 
===========
123 457 689 
456 189 273 
789 263 145 

297 634 851 
564 891 327 
831 572 496 

378 926 514 
645 718 932 
912 345 768 
===========
123 457 689 
456 189 273 
789 263 145 

297 531 864 
564 872 391 
831 694 527 

378 925 416 
645 718 932 
912 346 758 
===========
123 457 689 
456 189 273 
789 263 145 

297 531 864 
564 872 931 
831 694 527 

378 925 416 
645 718 392 
912 346 758 
===========
123 457 689 
456 189 273 
789 263 145 

297 531 864 
564 892 317 
831 674 592 

378 915 426 
645 728 931 
912 346 758 
===========
123 457 689 
456 189 273 
789 263 145 

297 534 816 
564 891 327 
831 672 594 

378 926 451 
645 718 932 
912 345 768 
===========
123 457 689 
456 189 273 
789 263 145 

297 534 816 
564 891 327 
831 672 594 

378 925 461 
645 718 932 
912 346 758 
===========
123 457 689 
456 189 273 
789 263 145 

297 534 816 
564 891 327 
831 672 594 

378 916 452 
645 728 931 
912 345 768 
===========
123 457 689 
456 189 273 
789 263 145 

297 534 816 
564 891 327 
831 672 594 

378 915 462 
645 728 931 
912 346 758 
===========
123 457 689 
456 189 273 
789 263 145 

297 534 816 
564 871 392 
831 692 457 

378 916 524 
645 728 931 
912 345 768 
===========
123 457 689 
456 189 273 
789 263 145 

297 534 816 
564 871 932 
831 692 457 

378 916 524 
645 728 391 
912 345 768 
===========
123 457 689 
456 189 273 
789 263 145 

297 534 861 
564 891 327 
831 672 594 

378 925 416 
645 718 932 
912 346 758 
===========
123 457 689 
456 189 273 
789 263 145 

297 614 538 
564 938 712 
831 725 964 

378 591 426 
645 872 391 
912 346 857 
===========
123 457 689 
456 189 273 
789 263 145 

297 614 538 
564 938 721 
831 725 964 

378 592 416 
645 871 392 
912 346 857 
===========
123 457 689 
456 189 273 
789 263 145 

297 614 538 
564 938 712 
831 725 496 

378 542 961 
645 891 327 
912 376 854 
===========
123 457 689 
456 189 273 
789 263 145 

297 614 538 
564 938 721 
831 725 496 

378 541 962 
645 892 317 
912 376 854 
===========
123 457 689 
456 189 273 
789 263 145 

297 615 438 
564 938 712 
831 742 596 

378 524 961 
645 891 327 
912 376 854 
===========
123 457 689 
456 189 273 
789 263 145 

297 615 438 
564 938 712 
831 724 596 

378 542 961 
645 891 327 
912 376 854 
===========
123 457 689 
456 189 273 
789 263 145 

297 615 438 
564 938 721 
831 724 596 

378 541 962 
645 892 317 
912 376 854 
===========
123 457 689 
456 189 273 
789 263 145 

297 615 834 
564 938 712 
831 742 956 

378 596 421 
645 821 397 
912 374 568 
===========
123 457 689 
456 189 273 
789 263 145 

297 615 834 
564 938 721 
831 742 956 

378 596 412 
645 821 397 
912 374 568 
===========
123 457 689 
456 189 273 
789 263 145 

297 615 834 
564 938 712 
831 742 956 

378 526 491 
645 891 327 
912 374 568 
===========
123 457 689 
456 189 273 
789 263 145 

297 615 834 
564 938 712 
831 742 596 

378 524 961 
645 891 327 
912 376 458 
===========
123 457 689 
456 189 273 
789 263 145 

297 615 834 
564 938 712 
831 724 596 

378 542 961 
645 891 327 
912 376 458 
===========
123 457 689 
456 189 273 
789 263 145 

297 615 834 
564 938 721 
831 724 596 

378 541 962 
645 892 317 
912 376 458 
===========
123 457 689 
456 189 273 
789 263 145 

297 618 354 
564 932 817 
831 745 926 

378 526 491 
645 891 732 
912 374 568 
===========
123 457 689 
456 189 273 
789 263 145 

297 618 534 
564 932 718 
831 745 962 

378 596 421 
645 821 397 
912 374 856 
===========
123 457 689 
456 189 273 
789 263 145 

297 618 534 
564 932 718 
831 745 962 

378 526 491 
645 891 327 
912 374 856 
===========
123 457 689 
456 189 273 
789 263 145 

297 631 854 
564 928 731 
831 745 926 

378 596 412 
645 812 397 
912 374 568 
===========
123 457 689 
456 189 273 
789 263 145 

297 631 854 
564 928 317 
831 745 926 

378 516 492 
645 892 731 
912 374 568 
===========
123 457 689 
456 189 273 
789 263 145 

297 631 854 
564 928 731 
831 745 926 

378 516 492 
645 892 317 
912 374 568 
===========
123 457 689 
456 189 273 
789 263 145 

297 634 518 
564 918 732 
831 725 964 

378 591 426 
645 872 391 
912 346 857 
===========
123 457 689 
456 189 273 
789 263 145 

297 634 518 
564 918 327 
831 725 496 

378 542 961 
645 891 732 
912 376 854 
===========
123 457 689 
456 189 273 
789 263 145 

297 634 518 
564 918 327 
831 725 496 

378 541 962 
645 892 731 
912 376 854 
===========
123 457 689 
456 189 273 
789 263 145 

297 634 518 
564 918 732 
831 725 496 

378 542 961 
645 891 327 
912 376 854 
===========
