123 457 689 
456 189 273 
789 263 154 

297 814 536 
564 932 817 
831 675 942 

378 596 421 
645 721 398 
912 348 765 
===========
123 457 689 
456 189 273 
789 263 154 

297 814 536 
564 932 817 
831 675 492 

378 526 941 
645 791 328 
912 348 765 
===========
123 457 689 
456 189 273 
789 263 154 

297 814 536 
564 932 817 
831 675 942 

378 526 491 
645 791 328 
912 348 765 
===========
123 457 689 
456 189 273 
789 263 154 

297 815 346 
564 932 817 
831 674 592 

378 596 421 
645 721 938 
912 348 765 
===========
123 457 689 
456 189 273 
789 263 154 

297 815 346 
564 932 718 
831 674 925 

378 526 491 
645 791 832 
912 348 567 
===========
123 457 689 
456 189 273 
789 263 154 

297 815 436 
564 932 817 
831 674 592 

378 526 941 
645 791 328 
912 348 765 
===========
123 457 689 
456 189 273 
789 263 154 

297 834 516 
564 971 832 
831 625 947 

378 596 421 
645 712 398 
912 348 765 
===========
123 457 689 
456 189 273 
789 263 154 

297 834 516 
564 921 837 
831 675 942 

378 596 421 
645 712 398 
912 348 765 
===========
123 457 689 
456 189 273 
789 263 154 

297 834 516 
564 912 837 
831 675 942 

378 596 421 
645 721 398 
912 348 765 
===========
123 457 689 
456 189 273 
789 263 154 

297 834 516 
564 971 328 
831 625 497 

378 516 942 
645 792 831 
912 348 765 
===========
123 457 689 
456 189 273 
789 263 154 

297 834 516 
564 971 328 
831 625 947 

378 516 492 
645 792 831 
912 348 765 
===========
123 457 689 
456 189 273 
789 263 154 

297 834 516 
564 912 837 
831 675 492 

378 526 941 
645 791 328 
912 348 765 
===========
123 457 689 
456 189 273 
789 263 154 

297 834 516 
564 912 837 
831 675 942 

378 526 491 
645 791 328 
912 348 765 
===========
123 457 689 
456 189 273 
789 263 154 

297 835 416 
564 971 328 
831 624 597 

378 516 942 
645 792 831 
912 348 765 
===========
123 457 689 
456 189 273 
789 263 154 

297 835 416 
564 971 328 
831 624 795 

378 516 942 
645 792 831 
912 348 567 
===========
123 457 689 
456 189 273 
789 263 154 

297 835 416 
564 912 837 
831 674 592 

378 526 941 
645 791 328 
912 348 765 
===========
123 457 689 
456 189 273 
789 263 154 

297 615 348 
564 832 917 
831 974 526 

378 526 491 
645 791 832 
912 348 765 
===========
123 457 689 
456 189 273 
789 263 154 

297 634 518 
564 821 397 
831 975 426 

378 516 942 
645 792 831 
912 348 765 
===========
123 457 689 
456 189 273 
789 263 154 

297 634 518 
564 812 397 
831 975 426 

378 526 941 
645 791 832 
912 348 765 
===========
123 457 689 
456 189 273 
789 263 154 

297 634 815 
564 871 392 
831 925 746 

378 596 421 
645 712 938 
912 348 567 
===========
123 457 689 
456 189 273 
789 263 154 

297 634 815 
564 871 932 
831 925 746 

378 596 421 
645 712 398 
912 348 567 
===========
123 457 689 
456 189 273 
789 263 154 

297 635 418 
564 821 397 
831 974 526 

378 516 942 
645 792 831 
912 348 765 
===========
123 457 689 
456 189 273 
789 263 154 

297 635 418 
564 812 397 
831 974 526 

378 526 941 
645 791 832 
912 348 765 
===========
123 457 689 
456 189 273 
789 263 154 

297 635 841 
564 821 397 
831 974 526 

378 596 412 
645 712 938 
912 348 765 
===========
123 457 689 
456 189 273 
789 263 154 

297 635 841 
564 821 937 
831 974 526 

378 596 412 
645 712 398 
912 348 765 
===========
123 457 689 
456 189 273 
789 263 154 

297 635 841 
564 812 397 
831 974 526 

378 596 412 
645 721 938 
912 348 765 
===========
123 457 689 
456 189 273 
789 263 154 

297 635 841 
564 812 937 
831 974 526 

378 596 412 
645 721 398 
912 348 765 
===========
123 457 689 
456 189 273 
789 263 154 

297 635 841 
564 821 937 
831 974 526 

378 516 492 
645 792 318 
912 348 765 
===========
123 457 689 
456 189 273 
789 263 154 

297 814 536 
564 932 718 
831 576 942 

378 691 425 
645 728 391 
912 345 867 
===========
123 457 689 
456 189 273 
789 263 154 

297 814 536 
564 932 817 
831 576 942 

378 691 425 
645 728 391 
912 345 768 
===========
123 457 689 
456 189 273 
789 263 154 

297 814 536 
564 932 817 
831 576 942 

378 695 421 
645 721 398 
912 348 765 
===========
123 457 689 
456 189 273 
789 263 154 

297 814 536 
564 932 718 
831 576 492 

378 621 945 
645 798 321 
912 345 867 
===========
123 457 689 
456 189 273 
789 263 154 

297 814 536 
564 932 718 
831 576 942 

378 621 495 
645 798 321 
912 345 867 
===========
123 457 689 
456 189 273 
789 263 154 

297 814 536 
564 932 817 
831 576 492 

378 621 945 
645 798 321 
912 345 768 
===========
123 457 689 
456 189 273 
789 263 154 

297 814 536 
564 932 817 
831 576 942 

378 621 495 
645 798 321 
912 345 768 
===========
123 457 689 
456 189 273 
789 263 154 

297 814 536 
564 932 817 
831 576 492 

378 625 941 
645 791 328 
912 348 765 
===========
123 457 689 
456 189 273 
789 263 154 

297 814 536 
564 932 817 
831 576 942 

378 625 491 
645 791 328 
912 348 765 
===========
123 457 689 
456 189 273 
789 263 154 

297 816 345 
564 932 718 
831 574 926 

378 625 491 
645 791 832 
912 348 567 
===========
123 457 689 
456 189 273 
789 263 154 

297 816 435 
564 932 718 
831 574 926 

378 691 542 
645 728 391 
912 345 867 
===========
123 457 689 
456 189 273 
789 263 154 

297 816 435 
564 932 817 
831 574 926 

378 691 542 
645 728 391 
912 345 768 
===========
123 457 689 
456 189 273 
789 263 154 

297 834 516 
564 971 832 
831 526 947 

378 695 421 
645 712 398 
912 348 765 
===========
123 457 689 
456 189 273 
789 263 154 

297 834 516 
564 921 837 
831 576 942 

378 695 421 
645 712 398 
912 348 765 
===========
123 457 689 
456 189 273 
789 263 154 

297 834 516 
564 912 738 
831 576 942 

378 691 425 
645 728 391 
912 345 867 
===========
123 457 689 
456 189 273 
789 263 154 

297 834 516 
564 912 837 
831 576 942 

378 691 425 
645 728 391 
912 345 768 
===========
123 457 689 
456 189 273 
789 263 154 

297 834 516 
564 912 837 
831 576 942 

378 695 421 
645 721 398 
912 348 765 
===========
123 457 689 
456 189 273 
789 263 154 

297 834 516 
564 971 328 
831 526 497 

378 615 942 
645 792 831 
912 348 765 
===========
123 457 689 
456 189 273 
789 263 154 

297 834 516 
564 971 328 
831 526 947 

378 615 492 
645 792 831 
912 348 765 
===========
123 457 689 
456 189 273 
789 263 154 

297 834 516 
564 971 832 
831 526 497 

378 612 945 
645 798 321 
912 345 768 
===========
123 457 689 
456 189 273 
789 263 154 

297 834 516 
564 971 832 
831 526 947 

378 612 495 
645 798 321 
912 345 768 
===========
123 457 689 
456 189 273 
789 263 154 

297 834 516 
564 921 738 
831 576 492 

378 612 945 
645 798 321 
912 345 867 
===========
123 457 689 
456 189 273 
789 263 154 

297 834 516 
564 921 738 
831 576 942 

378 612 495 
645 798 321 
912 345 867 
===========
123 457 689 
456 189 273 
789 263 154 

297 834 516 
564 921 837 
831 576 492 

378 612 945 
645 798 321 
912 345 768 
===========
123 457 689 
456 189 273 
789 263 154 

297 834 516 
564 921 837 
831 576 942 

378 612 495 
645 798 321 
912 345 768 
===========
123 457 689 
456 189 273 
789 263 154 

297 834 516 
564 912 738 
831 576 492 

378 621 945 
645 798 321 
912 345 867 
===========
123 457 689 
456 189 273 
789 263 154 

297 834 516 
564 912 738 
831 576 942 

378 621 495 
645 798 321 
912 345 867 
===========
123 457 689 
456 189 273 
789 263 154 

297 834 516 
564 912 837 
831 576 492 

378 621 945 
645 798 321 
912 345 768 
===========
123 457 689 
456 189 273 
789 263 154 

297 834 516 
564 912 837 
831 576 942 

378 621 495 
645 798 321 
912 345 768 
===========
123 457 689 
456 189 273 
789 263 154 

297 834 516 
564 912 837 
831 576 492 

378 625 941 
645 791 328 
912 348 765 
===========
123 457 689 
456 189 273 
789 263 154 

297 834 516 
564 912 837 
831 576 942 

378 625 491 
645 791 328 
912 348 765 
===========
123 457 689 
456 189 273 
789 263 154 

297 836 415 
564 971 328 
831 524 796 

378 692 541 
645 718 932 
912 345 867 
===========
123 457 689 
456 189 273 
789 263 154 

297 836 415 
564 921 738 
831 574 926 

378 692 541 
645 718 392 
912 345 867 
===========
123 457 689 
456 189 273 
789 263 154 

297 836 415 
564 921 837 
831 574 926 

378 692 541 
645 718 392 
912 345 768 
===========
123 457 689 
456 189 273 
789 263 154 

297 836 415 
564 912 738 
831 574 926 

378 691 542 
645 728 391 
912 345 867 
===========
123 457 689 
456 189 273 
789 263 154 

297 836 415 
564 912 837 
831 574 926 

378 691 542 
645 728 391 
912 345 768 
===========
123 457 689 
456 189 273 
789 263 154 

297 836 415 
564 971 328 
831 524 796 

378 615 942 
645 792 831 
912 348 567 
===========
123 457 689 
456 189 273 
789 263 154 

297 836 541 
564 971 328 
831 524 796 

378 692 415 
645 718 932 
912 345 867 
===========
123 457 689 
456 189 273 
789 263 154 

297 836 541 
564 921 738 
831 574 926 

378 692 415 
645 718 392 
912 345 867 
===========
123 457 689 
456 189 273 
789 263 154 

297 836 541 
564 921 837 
831 574 926 

378 692 415 
645 718 392 
912 345 768 
===========
123 457 689 
456 189 273 
789 263 154 

297 836 541 
564 921 837 
831 574 926 

378 695 412 
645 712 398 
912 348 765 
===========
123 457 689 
456 189 273 
789 263 154 

297 836 541 
564 912 837 
831 574 926 

378 695 412 
645 721 398 
912 348 765 
===========
123 457 689 
456 189 273 
789 263 154 

297 836 541 
564 921 738 
831 574 926 

378 612 495 
645 798 312 
912 345 867 
===========
123 457 689 
456 189 273 
789 263 154 

297 836 541 
564 921 837 
831 574 926 

378 612 495 
645 798 312 
912 345 768 
===========
123 457 689 
456 189 273 
789 263 154 

297 836 541 
564 921 837 
831 574 926 

378 615 492 
645 792 318 
912 348 765 
===========
123 457 689 
456 189 273 
789 263 154 

297 836 541 
564 912 738 
831 574 926 

378 621 495 
645 798 312 
912 345 867 
===========
123 457 689 
456 189 273 
789 263 154 

297 836 541 
564 912 837 
831 574 926 

378 621 495 
645 798 312 
912 345 768 
===========
123 457 689 
456 189 273 
789 263 154 

297 514 836 
564 832 917 
831 976 425 

378 691 542 
645 728 391 
912 345 768 
===========
123 457 689 
456 189 273 
789 263 154 

297 514 836 
564 832 917 
831 976 542 

378 691 425 
645 728 391 
912 345 768 
===========
123 457 689 
456 189 273 
789 263 154 

297 514 836 
564 832 917 
831 976 542 

378 695 421 
645 721 398 
912 348 765 
===========
123 457 689 
456 189 273 
789 263 154 

297 514 836 
564 832 917 
831 976 542 

378 621 495 
645 798 321 
912 345 768 
===========
123 457 689 
456 189 273 
789 263 154 

297 514 836 
564 832 917 
831 976 542 

378 625 491 
645 791 328 
912 348 765 
===========
123 457 689 
456 189 273 
789 263 154 

297 516 348 
564 832 917 
831 974 526 

378 625 491 
645 791 832 
912 348 765 
===========
123 457 689 
456 189 273 
789 263 154 

297 516 438 
564 832 791 
831 974 526 

378 621 945 
645 798 312 
912 345 867 
===========
123 457 689 
456 189 273 
789 263 154 

297 534 816 
564 871 392 
831 926 547 

378 695 421 
645 712 938 
912 348 765 
===========
123 457 689 
456 189 273 
789 263 154 

297 534 816 
564 871 392 
831 926 745 

378 695 421 
645 712 938 
912 348 567 
===========
123 457 689 
456 189 273 
789 263 154 

297 534 816 
564 871 932 
831 926 547 

378 695 421 
645 712 398 
912 348 765 
===========
123 457 689 
456 189 273 
789 263 154 

297 534 816 
564 871 932 
831 926 745 

378 695 421 
645 712 398 
912 348 567 
===========
123 457 689 
456 189 273 
789 263 154 

297 534 816 
564 821 397 
831 976 425 

378 692 541 
645 718 932 
912 345 768 
===========
123 457 689 
456 189 273 
789 263 154 

297 534 816 
564 821 397 
831 976 542 

378 695 421 
645 712 938 
912 348 765 
===========
123 457 689 
456 189 273 
789 263 154 

297 534 816 
564 821 937 
831 976 425 

378 692 541 
645 718 392 
912 345 768 
===========
123 457 689 
456 189 273 
789 263 154 

297 534 816 
564 821 937 
831 976 542 

378 695 421 
645 712 398 
912 348 765 
===========
123 457 689 
456 189 273 
789 263 154 

297 534 816 
564 812 397 
831 976 425 

378 691 542 
645 728 931 
912 345 768 
===========
123 457 689 
456 189 273 
789 263 154 

297 534 816 
564 812 397 
831 976 542 

378 691 425 
645 728 931 
912 345 768 
===========
123 457 689 
456 189 273 
789 263 154 

297 534 816 
564 812 397 
831 976 542 

378 695 421 
645 721 938 
912 348 765 
===========
123 457 689 
456 189 273 
789 263 154 

297 534 816 
564 812 937 
831 976 425 

378 691 542 
645 728 391 
912 345 768 
===========
123 457 689 
456 189 273 
789 263 154 

297 534 816 
564 812 937 
831 976 542 

378 691 425 
645 728 391 
912 345 768 
===========
123 457 689 
456 189 273 
789 263 154 

297 534 816 
564 812 937 
831 976 542 

378 695 421 
645 721 398 
912 348 765 
===========
123 457 689 
456 189 273 
789 263 154 

297 534 816 
564 871 932 
831 926 547 

378 612 495 
645 798 321 
912 345 768 
===========
123 457 689 
456 189 273 
789 263 154 

297 534 816 
564 821 937 
831 976 542 

378 612 495 
645 798 321 
912 345 768 
===========
123 457 689 
456 189 273 
789 263 154 

297 534 816 
564 812 937 
831 976 542 

378 621 495 
645 798 321 
912 345 768 
===========
123 457 689 
456 189 273 
789 263 154 

297 534 816 
564 812 937 
831 976 542 

378 625 491 
645 791 328 
912 348 765 
===========
123 457 689 
456 189 273 
789 263 154 

297 536 418 
564 821 397 
831 974 526 

378 615 942 
645 792 831 
912 348 765 
===========
123 457 689 
456 189 273 
789 263 154 

297 536 418 
564 812 397 
831 974 526 

378 625 941 
645 791 832 
912 348 765 
===========
123 457 689 
456 189 273 
789 263 154 

297 536 841 
564 821 397 
831 974 526 

378 692 415 
645 718 932 
912 345 768 
===========
123 457 689 
456 189 273 
789 263 154 

297 536 841 
564 821 397 
831 974 526 

378 695 412 
645 712 938 
912 348 765 
===========
123 457 689 
456 189 273 
789 263 154 

297 536 841 
564 821 937 
831 974 526 

378 692 415 
645 718 392 
912 345 768 
===========
123 457 689 
456 189 273 
789 263 154 

297 536 841 
564 821 937 
831 974 526 

378 695 412 
645 712 398 
912 348 765 
===========
123 457 689 
456 189 273 
789 263 154 

297 536 841 
564 812 397 
831 974 526 

378 695 412 
645 721 938 
912 348 765 
===========
123 457 689 
456 189 273 
789 263 154 

297 536 841 
564 812 937 
831 974 526 

378 695 412 
645 721 398 
912 348 765 
===========
123 457 689 
456 189 273 
789 263 154 

297 536 841 
564 821 937 
831 974 526 

378 612 495 
645 798 312 
912 345 768 
===========
123 457 689 
456 189 273 
789 263 154 

297 536 841 
564 821 937 
831 974 526 

378 615 492 
645 792 318 
912 348 765 
===========
123 457 689 
456 189 273 
789 263 154 

297 536 841 
564 812 937 
831 974 526 

378 621 495 
645 798 312 
912 345 768 
===========
123 457 689 
456 189 273 
789 263 154 

297 631 548 
564 892 731 
831 574 926 

378 926 415 
645 718 392 
912 345 867 
===========
123 457 689 
456 189 273 
789 263 154 

297 631 548 
564 872 391 
831 594 726 

378 926 415 
645 718 932 
912 345 867 
===========
123 457 689 
456 189 273 
789 263 154 

297 631 548 
564 872 931 
831 594 726 

378 926 415 
645 718 392 
912 345 867 
===========
123 457 689 
456 189 273 
789 263 154 

297 634 518 
564 891 732 
831 572 946 

378 916 425 
645 728 391 
912 345 867 
===========
123 457 689 
456 189 273 
789 263 154 

297 634 518 
564 871 392 
831 592 746 

378 916 425 
645 728 931 
912 345 867 
===========
123 457 689 
456 189 273 
789 263 154 

297 634 518 
564 871 932 
831 592 746 

378 916 425 
645 728 391 
912 345 867 
===========
123 457 689 
456 189 273 
789 263 154 

297 634 815 
564 891 327 
831 572 496 

378 926 541 
645 718 932 
912 345 768 
===========
123 457 689 
456 189 273 
789 263 154 

297 634 815 
564 891 327 
831 572 496 

378 916 542 
645 728 931 
912 345 768 
===========
123 457 689 
456 189 273 
789 263 154 

297 531 846 
564 872 391 
831 694 527 

378 926 415 
645 718 932 
912 345 768 
===========
123 457 689 
456 189 273 
789 263 154 

297 531 846 
564 872 931 
831 694 527 

378 926 415 
645 718 392 
912 345 768 
===========
123 457 689 
456 189 273 
789 263 154 

297 531 846 
564 892 317 
831 674 592 

378 916 425 
645 728 931 
912 345 768 
===========
123 457 689 
456 189 273 
789 263 154 

297 534 816 
564 891 327 
831 672 495 

378 926 541 
645 718 932 
912 345 768 
===========
123 457 689 
456 189 273 
789 263 154 

297 534 816 
564 891 327 
831 672 495 

378 916 542 
645 728 931 
912 345 768 
===========
123 457 689 
456 189 273 
789 263 154 

297 534 816 
564 871 392 
831 692 547 

378 916 425 
645 728 931 
912 345 768 
===========
123 457 689 
456 189 273 
789 263 154 

297 534 816 
564 871 932 
831 692 547 

378 916 425 
645 728 391 
912 345 768 
===========
123 457 689 
456 189 273 
789 263 154 

297 614 538 
564 938 712 
831 725 496 

378 542 961 
645 891 327 
912 376 845 
===========
123 457 689 
456 189 273 
789 263 154 

297 614 538 
564 938 721 
831 725 496 

378 541 962 
645 892 317 
912 376 845 
===========
123 457 689 
456 189 273 
789 263 154 

297 614 835 
564 938 712 
831 725 496 

378 542 961 
645 891 327 
912 376 548 
===========
123 457 689 
456 189 273 
789 263 154 

297 614 835 
564 938 721 
831 725 496 

378 541 962 
645 892 317 
912 376 548 
===========
123 457 689 
456 189 273 
789 263 154 

297 615 348 
564 938 712 
831 742 596 

378 596 421 
645 821 937 
912 374 865 
===========
123 457 689 
456 189 273 
789 263 154 

297 615 348 
564 938 721 
831 742 596 

378 596 412 
645 821 937 
912 374 865 
===========
123 457 689 
456 189 273 
789 263 154 

297 615 438 
564 938 712 
831 742 596 

378 526 941 
645 891 327 
912 374 865 
===========
123 457 689 
456 189 273 
789 263 154 

297 615 438 
564 938 712 
831 742 596 

378 524 961 
645 891 327 
912 376 845 
===========
123 457 689 
456 189 273 
789 263 154 

297 615 438 
564 938 712 
831 724 596 

378 542 961 
645 891 327 
912 376 845 
===========
123 457 689 
456 189 273 
789 263 154 

297 615 438 
564 938 721 
831 724 596 

378 541 962 
645 892 317 
912 376 845 
===========
123 457 689 
456 189 273 
789 263 154 

297 618 345 
564 932 817 
831 745 926 

378 526 491 
645 891 732 
912 374 568 
===========
123 457 689 
456 189 273 
789 263 154 

297 631 548 
564 928 731 
831 745 926 

378 596 412 
645 812 397 
912 374 865 
===========
123 457 689 
456 189 273 
789 263 154 

297 631 548 
564 928 317 
831 745 926 

378 516 492 
645 892 731 
912 374 865 
===========
123 457 689 
456 189 273 
789 263 154 

297 631 548 
564 928 731 
831 745 926 

378 516 492 
645 892 317 
912 374 865 
===========
123 457 689 
456 189 273 
789 263 154 

297 631 845 
564 928 731 
831 745 926 

378 596 412 
645 812 397 
912 374 568 
===========
123 457 689 
456 189 273 
789 263 154 

297 631 845 
564 928 317 
831 745 926 

378 516 492 
645 892 731 
912 374 568 
===========
123 457 689 
456 189 273 
789 263 154 

297 631 845 
564 928 731 
831 745 926 

378 516 492 
645 892 317 
912 374 568 
===========
123 457 689 
456 189 273 
789 263 154 

297 634 518 
564 918 327 
831 725 496 

378 542 961 
645 891 732 
912 376 845 
===========
123 457 689 
456 189 273 
789 263 154 

297 634 518 
564 918 327 
831 725 496 

378 541 962 
645 892 731 
912 376 845 
===========
123 457 689 
456 189 273 
789 263 154 

297 634 518 
564 918 732 
831 725 496 

378 542 961 
645 891 327 
912 376 845 
===========
123 457 689 
456 189 273 
789 263 154 

297 634 815 
564 918 327 
831 725 496 

378 542 961 
645 891 732 
912 376 548 
===========
123 457 689 
456 189 273 
789 263 154 

297 634 815 
564 918 327 
831 725 496 

378 541 962 
645 892 731 
912 376 548 
===========
123 457 689 
456 189 273 
789 263 154 

297 634 815 
564 918 732 
831 725 496 

378 542 961 
645 891 327 
912 376 548 
===========
123 457 689 
456 189 273 
789 263 154 

297 635 418 
564 918 327 
831 742 596 

378 526 941 
645 891 732 
912 374 865 
===========
123 457 689 
456 189 273 
789 263 154 

297 635 418 
564 918 327 
831 742 596 

378 524 961 
645 891 732 
912 376 845 
===========
123 457 689 
456 189 273 
789 263 154 

297 635 418 
564 918 732 
831 742 596 

378 526 941 
645 891 327 
912 374 865 
===========
123 457 689 
456 189 273 
789 263 154 

297 635 418 
564 918 732 
831 742 596 

378 524 961 
645 891 327 
912 376 845 
===========
123 457 689 
456 189 273 
789 263 154 

297 635 418 
564 918 327 
831 724 596 

378 542 961 
645 891 732 
912 376 845 
===========
123 457 689 
456 189 273 
789 263 154 

297 635 418 
564 918 327 
831 724 596 

378 541 962 
645 892 731 
912 376 845 
===========
123 457 689 
456 189 273 
789 263 154 

297 635 418 
564 918 732 
831 724 596 

378 542 961 
645 891 327 
912 376 845 
===========
123 457 689 
456 189 273 
789 263 154 

297 638 541 
564 921 738 
831 745 926 

378 596 412 
645 812 397 
912 374 865 
===========
123 457 689 
456 189 273 
789 263 154 

297 638 541 
564 912 738 
831 745 926 

378 596 412 
645 821 397 
912 374 865 
===========
123 457 689 
456 189 273 
789 263 154 

297 638 541 
564 921 738 
831 745 926 

378 516 492 
645 892 317 
912 374 865 
===========
123 457 689 
456 189 273 
789 263 154 

297 641 538 
564 938 712 
831 725 946 

378 596 421 
645 812 397 
912 374 865 
===========
123 457 689 
456 189 273 
789 263 154 

297 641 538 
564 938 721 
831 725 946 

378 596 412 
645 812 397 
912 374 865 
===========
123 457 689 
456 189 273 
789 263 154 

297 641 538 
564 938 721 
831 725 496 

378 516 942 
645 892 317 
912 374 865 
===========
123 457 689 
456 189 273 
789 263 154 

297 641 538 
564 938 721 
831 725 946 

378 516 492 
645 892 317 
912 374 865 
===========
123 457 689 
456 189 273 
789 263 154 

297 641 538 
564 938 721 
831 725 496 

378 514 962 
645 892 317 
912 376 845 
===========
123 457 689 
456 189 273 
789 263 154 

297 641 835 
564 938 712 
831 725 946 

378 596 421 
645 812 397 
912 374 568 
===========
123 457 689 
456 189 273 
789 263 154 

297 641 835 
564 938 721 
831 725 946 

378 596 412 
645 812 397 
912 374 568 
===========
123 457 689 
456 189 273 
789 263 154 

297 641 835 
564 938 721 
831 725 496 

378 516 942 
645 892 317 
912 374 568 
===========
123 457 689 
456 189 273 
789 263 154 

297 641 835 
564 938 721 
831 725 946 

378 516 492 
645 892 317 
912 374 568 
===========
123 457 689 
456 189 273 
789 263 154 

297 641 835 
564 938 721 
831 725 496 

378 514 962 
645 892 317 
912 376 548 
===========
123 457 689 
456 189 273 
789 263 154 

297 648 315 
564 931 827 
831 725 496 

378 516 942 
645 892 731 
912 374 568 
===========
123 457 689 
456 189 273 
789 263 154 

297 648 315 
564 931 827 
831 725 946 

378 516 492 
645 892 731 
912 374 568 
===========
123 457 689 
456 189 273 
789 263 154 

297 648 315 
564 931 827 
831 725 496 

378 514 962 
645 892 731 
912 376 548 
===========
123 457 689 
456 189 273 
789 263 154 

297 648 531 
564 931 728 
831 725 946 

378 596 412 
645 812 397 
912 374 865 
===========
123 457 689 
456 189 273 
789 263 154 

297 648 531 
564 931 728 
831 725 496 

378 516 942 
645 892 317 
912 374 865 
===========
123 457 689 
456 189 273 
789 263 154 

297 648 531 
564 931 728 
831 725 946 

378 516 492 
645 892 317 
912 374 865 
===========
123 457 689 
456 189 273 
789 263 154 

297 648 531 
564 931 728 
831 725 496 

378 514 962 
645 892 317 
912 376 845 
===========
123 457 689 
456 189 273 
789 263 154 

297 618 345 
564 732 891 
831 945 726 

378 596 412 
645 821 937 
912 374 568 
===========
123 457 689 
456 189 273 
789 263 154 

297 618 435 
564 732 891 
831 945 762 

378 524 916 
645 891 327 
912 376 548 
===========
123 457 689 
456 189 273 
789 263 154 

297 631 548 
564 728 391 
831 945 726 

378 596 412 
645 812 937 
912 374 865 
===========
123 457 689 
456 189 273 
789 263 154 

297 631 548 
564 728 931 
831 945 726 

378 596 412 
645 812 397 
912 374 865 
===========
123 457 689 
456 189 273 
789 263 154 

297 631 548 
564 728 931 
831 945 726 

378 516 492 
645 892 317 
912 374 865 
===========
123 457 689 
456 189 273 
789 263 154 

297 631 845 
564 728 391 
831 945 726 

378 596 412 
645 812 937 
912 374 568 
===========
123 457 689 
456 189 273 
789 263 154 

297 631 845 
564 728 931 
831 945 726 

378 596 412 
645 812 397 
912 374 568 
===========
123 457 689 
456 189 273 
789 263 154 

297 631 845 
564 728 931 
831 945 726 

378 516 492 
645 892 317 
912 374 568 
===========
123 457 689 
456 189 273 
789 263 154 

297 634 518 
564 718 392 
831 925 467 

378 541 926 
645 892 731 
912 376 845 
===========
123 457 689 
456 189 273 
789 263 154 

297 634 815 
564 718 392 
831 925 467 

378 541 926 
645 892 731 
912 376 548 
===========
123 457 689 
456 189 273 
789 263 154 

297 635 418 
564 718 392 
831 924 567 

378 541 926 
645 892 731 
912 376 845 
===========
123 457 689 
456 189 273 
789 263 154 

297 638 541 
564 721 398 
831 945 726 

378 596 412 
645 812 937 
912 374 865 
===========
123 457 689 
456 189 273 
789 263 154 

297 638 541 
564 721 938 
831 945 726 

378 596 412 
645 812 397 
912 374 865 
===========
123 457 689 
456 189 273 
789 263 154 

297 638 541 
564 712 398 
831 945 726 

378 596 412 
645 821 937 
912 374 865 
===========
123 457 689 
456 189 273 
789 263 154 

297 638 541 
564 712 938 
831 945 726 

378 596 412 
645 821 397 
912 374 865 
===========
123 457 689 
456 189 273 
789 263 154 

297 638 541 
564 721 938 
831 945 726 

378 516 492 
645 892 317 
912 374 865 
===========
123 457 689 
456 189 273 
789 263 154 

297 641 538 
564 738 912 
831 925 746 

378 596 421 
645 812 397 
912 374 865 
===========
123 457 689 
456 189 273 
789 263 154 

297 641 538 
564 738 921 
831 925 746 

378 596 412 
645 812 397 
912 374 865 
===========
123 457 689 
456 189 273 
789 263 154 

297 641 538 
564 738 921 
831 925 746 

378 516 492 
645 892 317 
912 374 865 
===========
123 457 689 
456 189 273 
789 263 154 

297 641 835 
564 738 912 
831 925 746 

378 596 421 
645 812 397 
912 374 568 
===========
123 457 689 
456 189 273 
789 263 154 

297 641 835 
564 738 921 
831 925 746 

378 596 412 
645 812 397 
912 374 568 
===========
123 457 689 
456 189 273 
789 263 154 

297 641 835 
564 738 921 
831 925 746 

378 516 492 
645 892 317 
912 374 568 
===========
123 457 689 
456 189 273 
789 263 154 

297 648 315 
564 731 892 
831 925 746 

378 596 421 
645 812 937 
912 374 568 
===========
123 457 689 
456 189 273 
789 263 154 

297 648 315 
564 731 892 
831 925 467 

378 514 926 
645 892 731 
912 376 548 
===========
123 457 689 
456 189 273 
789 263 154 

297 648 531 
564 731 928 
831 925 746 

378 596 412 
645 812 397 
912 374 865 
===========
