123 457 689 
456 189 273 
789 263 514 

297 834 156 
564 971 832 
831 625 947 

378 596 421 
645 712 398 
912 348 765 
===========
123 457 689 
456 189 273 
789 263 514 

297 834 156 
564 921 837 
831 675 942 

378 596 421 
645 712 398 
912 348 765 
===========
123 457 689 
456 189 273 
789 263 514 

297 834 156 
564 912 837 
831 675 942 

378 596 421 
645 721 398 
912 348 765 
===========
123 457 689 
456 189 273 
789 263 514 

297 834 156 
564 971 328 
831 625 497 

378 516 942 
645 792 831 
912 348 765 
===========
123 457 689 
456 189 273 
789 263 514 

297 834 156 
564 971 328 
831 625 947 

378 516 492 
645 792 831 
912 348 765 
===========
123 457 689 
456 189 273 
789 263 514 

297 834 156 
564 912 837 
831 675 492 

378 526 941 
645 791 328 
912 348 765 
===========
123 457 689 
456 189 273 
789 263 514 

297 834 156 
564 912 837 
831 675 942 

378 526 491 
645 791 328 
912 348 765 
===========
123 457 689 
456 189 273 
789 263 514 

297 834 165 
564 971 832 
831 625 947 

378 596 421 
645 712 398 
912 348 756 
===========
123 457 689 
456 189 273 
789 263 514 

297 834 165 
564 921 837 
831 675 942 

378 596 421 
645 712 398 
912 348 756 
===========
123 457 689 
456 189 273 
789 263 514 

297 834 165 
564 912 738 
831 675 942 

378 591 426 
645 728 391 
912 346 857 
===========
123 457 689 
456 189 273 
789 263 514 

297 834 165 
564 912 837 
831 675 942 

378 591 426 
645 728 391 
912 346 758 
===========
123 457 689 
456 189 273 
789 263 514 

297 834 165 
564 912 837 
831 675 942 

378 596 421 
645 721 398 
912 348 756 
===========
123 457 689 
456 189 273 
789 263 514 

297 834 165 
564 971 328 
831 625 497 

378 516 942 
645 792 831 
912 348 756 
===========
123 457 689 
456 189 273 
789 263 514 

297 834 165 
564 971 328 
831 625 947 

378 516 492 
645 792 831 
912 348 756 
===========
123 457 689 
456 189 273 
789 263 514 

297 834 165 
564 971 832 
831 625 497 

378 512 946 
645 798 321 
912 346 758 
===========
123 457 689 
456 189 273 
789 263 514 

297 834 165 
564 971 832 
831 625 947 

378 512 496 
645 798 321 
912 346 758 
===========
123 457 689 
456 189 273 
789 263 514 

297 834 165 
564 921 738 
831 675 492 

378 512 946 
645 798 321 
912 346 857 
===========
123 457 689 
456 189 273 
789 263 514 

297 834 165 
564 921 738 
831 675 942 

378 512 496 
645 798 321 
912 346 857 
===========
123 457 689 
456 189 273 
789 263 514 

297 834 165 
564 921 837 
831 675 492 

378 512 946 
645 798 321 
912 346 758 
===========
123 457 689 
456 189 273 
789 263 514 

297 834 165 
564 921 837 
831 675 942 

378 512 496 
645 798 321 
912 346 758 
===========
123 457 689 
456 189 273 
789 263 514 

297 834 165 
564 912 738 
831 675 492 

378 521 946 
645 798 321 
912 346 857 
===========
123 457 689 
456 189 273 
789 263 514 

297 834 165 
564 912 738 
831 675 942 

378 521 496 
645 798 321 
912 346 857 
===========
123 457 689 
456 189 273 
789 263 514 

297 834 165 
564 912 837 
831 675 492 

378 521 946 
645 798 321 
912 346 758 
===========
123 457 689 
456 189 273 
789 263 514 

297 834 165 
564 912 837 
831 675 942 

378 521 496 
645 798 321 
912 346 758 
===========
123 457 689 
456 189 273 
789 263 514 

297 834 165 
564 912 837 
831 675 492 

378 526 941 
645 791 328 
912 348 756 
===========
123 457 689 
456 189 273 
789 263 514 

297 834 165 
564 912 837 
831 675 942 

378 526 491 
645 791 328 
912 348 756 
===========
123 457 689 
456 189 273 
789 263 514 

297 835 146 
564 971 328 
831 624 795 

378 592 461 
645 718 932 
912 346 857 
===========
123 457 689 
456 189 273 
789 263 514 

297 835 146 
564 971 832 
831 624 957 

378 596 421 
645 712 398 
912 348 765 
===========
123 457 689 
456 189 273 
789 263 514 

297 835 146 
564 921 738 
831 674 925 

378 592 461 
645 718 392 
912 346 857 
===========
123 457 689 
456 189 273 
789 263 514 

297 835 146 
564 921 837 
831 674 925 

378 592 461 
645 718 392 
912 346 758 
===========
123 457 689 
456 189 273 
789 263 514 

297 835 146 
564 921 837 
831 674 952 

378 596 421 
645 712 398 
912 348 765 
===========
123 457 689 
456 189 273 
789 263 514 

297 835 146 
564 912 738 
831 674 925 

378 591 462 
645 728 391 
912 346 857 
===========
123 457 689 
456 189 273 
789 263 514 

297 835 146 
564 912 837 
831 674 925 

378 591 462 
645 728 391 
912 346 758 
===========
123 457 689 
456 189 273 
789 263 514 

297 835 146 
564 912 837 
831 674 952 

378 596 421 
645 721 398 
912 348 765 
===========
123 457 689 
456 189 273 
789 263 514 

297 835 146 
564 971 328 
831 624 957 

378 516 492 
645 792 831 
912 348 765 
===========
123 457 689 
456 189 273 
789 263 514 

297 835 146 
564 912 837 
831 674 952 

378 526 491 
645 791 328 
912 348 765 
===========
123 457 689 
456 189 273 
789 263 514 

297 835 461 
564 971 328 
831 624 795 

378 592 146 
645 718 932 
912 346 857 
===========
123 457 689 
456 189 273 
789 263 514 

297 835 461 
564 921 738 
831 674 925 

378 592 146 
645 718 392 
912 346 857 
===========
123 457 689 
456 189 273 
789 263 514 

297 835 461 
564 921 837 
831 674 925 

378 592 146 
645 718 392 
912 346 758 
===========
123 457 689 
456 189 273 
789 263 514 

297 835 461 
564 921 837 
831 674 925 

378 596 142 
645 712 398 
912 348 756 
===========
123 457 689 
456 189 273 
789 263 514 

297 835 461 
564 912 837 
831 674 925 

378 596 142 
645 721 398 
912 348 756 
===========
123 457 689 
456 189 273 
789 263 514 

297 835 461 
564 971 328 
831 624 795 

378 512 946 
645 798 132 
912 346 857 
===========
123 457 689 
456 189 273 
789 263 514 

297 614 358 
564 832 197 
831 975 426 

378 526 941 
645 791 832 
912 348 765 
===========
123 457 689 
456 189 273 
789 263 514 

297 614 835 
564 832 197 
831 975 462 

378 521 946 
645 798 321 
912 346 758 
===========
123 457 689 
456 189 273 
789 263 514 

297 614 835 
564 832 197 
831 975 462 

378 526 941 
645 791 328 
912 348 756 
===========
123 457 689 
456 189 273 
789 263 514 

297 634 158 
564 821 397 
831 975 426 

378 516 942 
645 792 831 
912 348 765 
===========
123 457 689 
456 189 273 
789 263 514 

297 634 158 
564 812 397 
831 975 426 

378 526 941 
645 791 832 
912 348 765 
===========
123 457 689 
456 189 273 
789 263 514 

297 634 851 
564 821 397 
831 975 426 

378 596 142 
645 712 938 
912 348 765 
===========
123 457 689 
456 189 273 
789 263 514 

297 634 851 
564 821 937 
831 975 426 

378 596 142 
645 712 398 
912 348 765 
===========
123 457 689 
456 189 273 
789 263 514 

297 634 851 
564 812 397 
831 975 426 

378 596 142 
645 721 938 
912 348 765 
===========
123 457 689 
456 189 273 
789 263 514 

297 634 851 
564 812 937 
831 975 426 

378 596 142 
645 721 398 
912 348 765 
===========
123 457 689 
456 189 273 
789 263 514 

297 634 851 
564 821 397 
831 975 426 

378 516 942 
645 792 138 
912 348 765 
===========
123 457 689 
456 189 273 
789 263 514 

297 635 148 
564 871 932 
831 924 765 

378 512 496 
645 798 321 
912 346 857 
===========
123 457 689 
456 189 273 
789 263 514 

297 834 156 
564 971 832 
831 526 947 

378 695 421 
645 712 398 
912 348 765 
===========
123 457 689 
456 189 273 
789 263 514 

297 834 156 
564 921 837 
831 576 942 

378 695 421 
645 712 398 
912 348 765 
===========
123 457 689 
456 189 273 
789 263 514 

297 834 156 
564 912 738 
831 576 942 

378 691 425 
645 728 391 
912 345 867 
===========
123 457 689 
456 189 273 
789 263 514 

297 834 156 
564 912 837 
831 576 942 

378 691 425 
645 728 391 
912 345 768 
===========
123 457 689 
456 189 273 
789 263 514 

297 834 156 
564 912 837 
831 576 942 

378 695 421 
645 721 398 
912 348 765 
===========
123 457 689 
456 189 273 
789 263 514 

297 834 156 
564 971 328 
831 526 497 

378 615 942 
645 792 831 
912 348 765 
===========
123 457 689 
456 189 273 
789 263 514 

297 834 156 
564 971 328 
831 526 947 

378 615 492 
645 792 831 
912 348 765 
===========
123 457 689 
456 189 273 
789 263 514 

297 834 156 
564 971 832 
831 526 497 

378 612 945 
645 798 321 
912 345 768 
===========
123 457 689 
456 189 273 
789 263 514 

297 834 156 
564 971 832 
831 526 947 

378 612 495 
645 798 321 
912 345 768 
===========
123 457 689 
456 189 273 
789 263 514 

297 834 156 
564 921 738 
831 576 492 

378 612 945 
645 798 321 
912 345 867 
===========
123 457 689 
456 189 273 
789 263 514 

297 834 156 
564 921 738 
831 576 942 

378 612 495 
645 798 321 
912 345 867 
===========
123 457 689 
456 189 273 
789 263 514 

297 834 156 
564 921 837 
831 576 492 

378 612 945 
645 798 321 
912 345 768 
===========
123 457 689 
456 189 273 
789 263 514 

297 834 156 
564 921 837 
831 576 942 

378 612 495 
645 798 321 
912 345 768 
===========
123 457 689 
456 189 273 
789 263 514 

297 834 156 
564 912 738 
831 576 492 

378 621 945 
645 798 321 
912 345 867 
===========
123 457 689 
456 189 273 
789 263 514 

297 834 156 
564 912 738 
831 576 942 

378 621 495 
645 798 321 
912 345 867 
===========
123 457 689 
456 189 273 
789 263 514 

297 834 156 
564 912 837 
831 576 492 

378 621 945 
645 798 321 
912 345 768 
===========
123 457 689 
456 189 273 
789 263 514 

297 834 156 
564 912 837 
831 576 942 

378 621 495 
645 798 321 
912 345 768 
===========
123 457 689 
456 189 273 
789 263 514 

297 834 156 
564 912 837 
831 576 492 

378 625 941 
645 791 328 
912 348 765 
===========
123 457 689 
456 189 273 
789 263 514 

297 834 156 
564 912 837 
831 576 942 

378 625 491 
645 791 328 
912 348 765 
===========
123 457 689 
456 189 273 
789 263 514 

297 834 165 
564 971 832 
831 526 947 

378 695 421 
645 712 398 
912 348 756 
===========
123 457 689 
456 189 273 
789 263 514 

297 834 165 
564 921 837 
831 576 942 

378 695 421 
645 712 398 
912 348 756 
===========
123 457 689 
456 189 273 
789 263 514 

297 834 165 
564 912 837 
831 576 942 

378 695 421 
645 721 398 
912 348 756 
===========
123 457 689 
456 189 273 
789 263 514 

297 834 165 
564 971 328 
831 526 497 

378 615 942 
645 792 831 
912 348 756 
===========
123 457 689 
456 189 273 
789 263 514 

297 834 165 
564 971 328 
831 526 947 

378 615 492 
645 792 831 
912 348 756 
===========
123 457 689 
456 189 273 
789 263 514 

297 834 165 
564 912 837 
831 576 492 

378 625 941 
645 791 328 
912 348 756 
===========
123 457 689 
456 189 273 
789 263 514 

297 834 165 
564 912 837 
831 576 942 

378 625 491 
645 791 328 
912 348 756 
===========
123 457 689 
456 189 273 
789 263 514 

297 836 145 
564 971 328 
831 524 796 

378 692 451 
645 718 932 
912 345 867 
===========
123 457 689 
456 189 273 
789 263 514 

297 836 145 
564 971 832 
831 524 967 

378 695 421 
645 712 398 
912 348 756 
===========
123 457 689 
456 189 273 
789 263 514 

297 836 145 
564 921 738 
831 574 926 

378 692 451 
645 718 392 
912 345 867 
===========
123 457 689 
456 189 273 
789 263 514 

297 836 145 
564 921 837 
831 574 926 

378 692 451 
645 718 392 
912 345 768 
===========
123 457 689 
456 189 273 
789 263 514 

297 836 145 
564 921 837 
831 574 962 

378 695 421 
645 712 398 
912 348 756 
===========
123 457 689 
456 189 273 
789 263 514 

297 836 145 
564 912 738 
831 574 926 

378 691 452 
645 728 391 
912 345 867 
===========
123 457 689 
456 189 273 
789 263 514 

297 836 145 
564 912 837 
831 574 926 

378 691 452 
645 728 391 
912 345 768 
===========
123 457 689 
456 189 273 
789 263 514 

297 836 145 
564 912 837 
831 574 962 

378 695 421 
645 721 398 
912 348 756 
===========
123 457 689 
456 189 273 
789 263 514 

297 836 145 
564 971 328 
831 524 967 

378 615 492 
645 792 831 
912 348 756 
===========
123 457 689 
456 189 273 
789 263 514 

297 836 145 
564 912 837 
831 574 962 

378 625 491 
645 791 328 
912 348 756 
===========
123 457 689 
456 189 273 
789 263 514 

297 836 451 
564 971 328 
831 524 796 

378 692 145 
645 718 932 
912 345 867 
===========
123 457 689 
456 189 273 
789 263 514 

297 836 451 
564 921 738 
831 574 926 

378 692 145 
645 718 392 
912 345 867 
===========
123 457 689 
456 189 273 
789 263 514 

297 836 451 
564 921 837 
831 574 926 

378 692 145 
645 718 392 
912 345 768 
===========
123 457 689 
456 189 273 
789 263 514 

297 836 451 
564 921 837 
831 574 926 

378 695 142 
645 712 398 
912 348 765 
===========
123 457 689 
456 189 273 
789 263 514 

297 836 451 
564 912 837 
831 574 926 

378 695 142 
645 721 398 
912 348 765 
===========
123 457 689 
456 189 273 
789 263 514 

297 836 451 
564 971 328 
831 524 796 

378 612 945 
645 798 132 
912 345 867 
===========
123 457 689 
456 189 273 
789 263 514 

297 514 368 
564 832 197 
831 976 425 

378 625 941 
645 791 832 
912 348 756 
===========
123 457 689 
456 189 273 
789 263 514 

297 514 836 
564 832 197 
831 976 452 

378 621 945 
645 798 321 
912 345 768 
===========
123 457 689 
456 189 273 
789 263 514 

297 514 836 
564 832 197 
831 976 452 

378 625 941 
645 791 328 
912 348 765 
===========
123 457 689 
456 189 273 
789 263 514 

297 534 168 
564 821 397 
831 976 425 

378 615 942 
645 792 831 
912 348 756 
===========
123 457 689 
456 189 273 
789 263 514 

297 534 168 
564 812 397 
831 976 425 

378 625 941 
645 791 832 
912 348 756 
===========
123 457 689 
456 189 273 
789 263 514 

297 534 861 
564 821 397 
831 976 425 

378 695 142 
645 712 938 
912 348 756 
===========
123 457 689 
456 189 273 
789 263 514 

297 534 861 
564 821 937 
831 976 425 

378 695 142 
645 712 398 
912 348 756 
===========
123 457 689 
456 189 273 
789 263 514 

297 534 861 
564 812 397 
831 976 425 

378 695 142 
645 721 938 
912 348 756 
===========
123 457 689 
456 189 273 
789 263 514 

297 534 861 
564 812 937 
831 976 425 

378 695 142 
645 721 398 
912 348 756 
===========
123 457 689 
456 189 273 
789 263 514 

297 534 861 
564 821 397 
831 976 425 

378 615 942 
645 792 138 
912 348 756 
===========
123 457 689 
456 189 273 
789 263 514 

297 536 148 
564 871 932 
831 924 756 

378 612 495 
645 798 321 
912 345 867 
===========
123 457 689 
456 189 273 
789 263 514 

297 631 458 
564 892 731 
831 574 926 

378 926 145 
645 718 392 
912 345 867 
===========
123 457 689 
456 189 273 
789 263 514 

297 631 458 
564 872 391 
831 594 726 

378 926 145 
645 718 932 
912 345 867 
===========
123 457 689 
456 189 273 
789 263 514 

297 631 458 
564 872 931 
831 594 726 

378 926 145 
645 718 392 
912 345 867 
===========
123 457 689 
456 189 273 
789 263 514 

297 631 845 
564 892 137 
831 574 926 

378 926 451 
645 718 392 
912 345 768 
===========
123 457 689 
456 189 273 
789 263 514 

297 631 845 
564 892 137 
831 574 926 

378 925 461 
645 718 392 
912 346 758 
===========
123 457 689 
456 189 273 
789 263 514 

297 631 845 
564 892 137 
831 574 926 

378 916 452 
645 728 391 
912 345 768 
===========
123 457 689 
456 189 273 
789 263 514 

297 631 845 
564 892 137 
831 574 926 

378 915 462 
645 728 391 
912 346 758 
===========
123 457 689 
456 189 273 
789 263 514 

297 631 845 
564 892 137 
831 574 962 

378 915 426 
645 728 391 
912 346 758 
===========
123 457 689 
456 189 273 
789 263 514 

297 634 158 
564 891 732 
831 572 946 

378 916 425 
645 728 391 
912 345 867 
===========
123 457 689 
456 189 273 
789 263 514 

297 634 158 
564 871 392 
831 592 746 

378 916 425 
645 728 931 
912 345 867 
===========
123 457 689 
456 189 273 
789 263 514 

297 634 158 
564 871 932 
831 592 746 

378 916 425 
645 728 391 
912 345 867 
===========
123 457 689 
456 189 273 
789 263 514 

297 634 851 
564 891 327 
831 572 496 

378 926 145 
645 718 932 
912 345 768 
===========
123 457 689 
456 189 273 
789 263 514 

297 531 468 
564 892 731 
831 674 925 

378 925 146 
645 718 392 
912 346 857 
===========
123 457 689 
456 189 273 
789 263 514 

297 531 468 
564 872 391 
831 694 725 

378 925 146 
645 718 932 
912 346 857 
===========
123 457 689 
456 189 273 
789 263 514 

297 531 468 
564 872 931 
831 694 725 

378 925 146 
645 718 392 
912 346 857 
===========
123 457 689 
456 189 273 
789 263 514 

297 531 846 
564 892 137 
831 674 925 

378 926 451 
645 718 392 
912 345 768 
===========
123 457 689 
456 189 273 
789 263 514 

297 531 846 
564 892 137 
831 674 925 

378 925 461 
645 718 392 
912 346 758 
===========
123 457 689 
456 189 273 
789 263 514 

297 531 846 
564 892 137 
831 674 925 

378 916 452 
645 728 391 
912 345 768 
===========
123 457 689 
456 189 273 
789 263 514 

297 531 846 
564 892 137 
831 674 952 

378 916 425 
645 728 391 
912 345 768 
===========
123 457 689 
456 189 273 
789 263 514 

297 531 846 
564 892 137 
831 674 925 

378 915 462 
645 728 391 
912 346 758 
===========
123 457 689 
456 189 273 
789 263 514 

297 534 168 
564 891 732 
831 672 945 

378 915 426 
645 728 391 
912 346 857 
===========
123 457 689 
456 189 273 
789 263 514 

297 534 168 
564 871 392 
831 692 745 

378 915 426 
645 728 931 
912 346 857 
===========
123 457 689 
456 189 273 
789 263 514 

297 534 168 
564 871 932 
831 692 745 

378 915 426 
645 728 391 
912 346 857 
===========
123 457 689 
456 189 273 
789 263 514 

297 534 861 
564 891 327 
831 672 495 

378 925 146 
645 718 932 
912 346 758 
===========
123 457 689 
456 189 273 
789 263 514 

297 614 358 
564 938 127 
831 725 496 

378 542 961 
645 891 732 
912 376 845 
===========
123 457 689 
456 189 273 
789 263 514 

297 614 358 
564 938 127 
831 725 496 

378 541 962 
645 892 731 
912 376 845 
===========
123 457 689 
456 189 273 
789 263 514 

297 614 358 
564 938 721 
831 725 496 

378 541 962 
645 892 137 
912 376 845 
===========
123 457 689 
456 189 273 
789 263 514 

297 614 835 
564 938 127 
831 725 946 

378 592 461 
645 871 392 
912 346 758 
===========
123 457 689 
456 189 273 
789 263 514 

297 614 835 
564 938 127 
831 725 946 

378 591 462 
645 872 391 
912 346 758 
===========
123 457 689 
456 189 273 
789 263 514 

297 615 348 
564 938 127 
831 742 956 

378 526 491 
645 891 732 
912 374 865 
===========
123 457 689 
456 189 273 
789 263 514 

297 615 348 
564 938 127 
831 742 965 

378 526 491 
645 891 732 
912 374 856 
===========
123 457 689 
456 189 273 
789 263 514 

297 615 438 
564 938 721 
831 724 965 

378 592 146 
645 871 392 
912 346 857 
===========
123 457 689 
456 189 273 
789 263 514 

297 615 438 
564 938 721 
831 742 956 

378 596 142 
645 821 397 
912 374 865 
===========
123 457 689 
456 189 273 
789 263 514 

297 615 438 
564 938 721 
831 742 965 

378 596 142 
645 821 397 
912 374 856 
===========
123 457 689 
456 189 273 
789 263 514 

297 615 438 
564 938 721 
831 742 956 

378 594 162 
645 821 397 
912 376 845 
===========
123 457 689 
456 189 273 
789 263 514 

297 631 458 
564 928 731 
831 745 926 

378 596 142 
645 812 397 
912 374 865 
===========
123 457 689 
456 189 273 
789 263 514 

297 631 458 
564 928 731 
831 745 926 

378 594 162 
645 812 397 
912 376 845 
===========
123 457 689 
456 189 273 
789 263 514 

297 631 458 
564 928 731 
831 745 962 

378 594 126 
645 812 397 
912 376 845 
===========
123 457 689 
456 189 273 
789 263 514 

297 631 845 
564 928 731 
831 745 926 

378 594 162 
645 812 397 
912 376 458 
===========
123 457 689 
456 189 273 
789 263 514 

297 631 845 
564 928 731 
831 745 962 

378 594 126 
645 812 397 
912 376 458 
===========
123 457 689 
456 189 273 
789 263 514 

297 634 158 
564 918 327 
831 725 496 

378 542 961 
645 891 732 
912 376 845 
===========
123 457 689 
456 189 273 
789 263 514 

297 634 158 
564 918 327 
831 725 496 

378 541 962 
645 892 731 
912 376 845 
===========
123 457 689 
456 189 273 
789 263 514 

297 634 158 
564 918 732 
831 725 496 

378 542 961 
645 891 327 
912 376 845 
===========
123 457 689 
456 189 273 
789 263 514 

297 635 148 
564 918 732 
831 724 965 

378 591 426 
645 872 391 
912 346 857 
===========
123 457 689 
456 189 273 
789 263 514 

297 635 148 
564 918 732 
831 742 956 

378 596 421 
645 821 397 
912 374 865 
===========
123 457 689 
456 189 273 
789 263 514 

297 635 148 
564 918 732 
831 742 965 

378 596 421 
645 821 397 
912 374 856 
===========
123 457 689 
456 189 273 
789 263 514 

297 635 148 
564 918 327 
831 742 956 

378 526 491 
645 891 732 
912 374 865 
===========
123 457 689 
456 189 273 
789 263 514 

297 635 148 
564 918 327 
831 742 965 

378 526 491 
645 891 732 
912 374 856 
===========
123 457 689 
456 189 273 
789 263 514 

297 635 148 
564 918 732 
831 742 956 

378 526 491 
645 891 327 
912 374 865 
===========
123 457 689 
456 189 273 
789 263 514 

297 635 148 
564 918 732 
831 742 965 

378 526 491 
645 891 327 
912 374 856 
===========
123 457 689 
456 189 273 
789 263 514 

297 635 841 
564 918 732 
831 742 965 

378 594 126 
645 821 397 
912 376 458 
===========
123 457 689 
456 189 273 
789 263 514 

297 635 841 
564 918 327 
831 742 965 

378 524 196 
645 891 732 
912 376 458 
===========
123 457 689 
456 189 273 
789 263 514 

297 635 841 
564 918 732 
831 742 965 

378 524 196 
645 891 327 
912 376 458 
===========
123 457 689 
456 189 273 
789 263 514 

297 635 841 
564 918 327 
831 724 965 

378 542 196 
645 891 732 
912 376 458 
===========
123 457 689 
456 189 273 
789 263 514 

297 635 841 
564 918 732 
831 724 965 

378 542 196 
645 891 327 
912 376 458 
===========
123 457 689 
456 189 273 
789 263 514 

297 638 145 
564 921 738 
831 745 962 

378 596 421 
645 812 397 
912 374 856 
===========
123 457 689 
456 189 273 
789 263 514 

297 638 145 
564 912 738 
831 745 962 

378 596 421 
645 821 397 
912 374 856 
===========
123 457 689 
456 189 273 
789 263 514 

297 638 145 
564 912 738 
831 745 962 

378 526 491 
645 891 327 
912 374 856 
===========
123 457 689 
456 189 273 
789 263 514 

297 638 451 
564 921 738 
831 745 926 

378 596 142 
645 812 397 
912 374 865 
===========
123 457 689 
456 189 273 
789 263 514 

297 638 451 
564 921 738 
831 745 926 

378 594 162 
645 812 397 
912 376 845 
===========
123 457 689 
456 189 273 
789 263 514 

297 638 451 
564 921 738 
831 745 962 

378 594 126 
645 812 397 
912 376 845 
===========
123 457 689 
456 189 273 
789 263 514 

297 638 451 
564 912 738 
831 745 926 

378 596 142 
645 821 397 
912 374 865 
===========
123 457 689 
456 189 273 
789 263 514 

297 638 451 
564 912 738 
831 745 926 

378 594 162 
645 821 397 
912 376 845 
===========
123 457 689 
456 189 273 
789 263 514 

297 638 451 
564 912 738 
831 745 962 

378 594 126 
645 821 397 
912 376 845 
===========
123 457 689 
456 189 273 
789 263 514 

297 638 451 
564 912 738 
831 745 962 

378 524 196 
645 891 327 
912 376 845 
===========
123 457 689 
456 189 273 
789 263 514 

297 641 358 
564 938 721 
831 725 496 

378 596 142 
645 812 937 
912 374 865 
===========
123 457 689 
456 189 273 
789 263 514 

297 641 358 
564 938 721 
831 725 496 

378 594 162 
645 812 937 
912 376 845 
===========
123 457 689 
456 189 273 
789 263 514 

297 641 358 
564 938 127 
831 725 496 

378 516 942 
645 892 731 
912 374 865 
===========
123 457 689 
456 189 273 
789 263 514 

297 641 358 
564 938 127 
831 725 946 

378 516 492 
645 892 731 
912 374 865 
===========
123 457 689 
456 189 273 
789 263 514 

297 641 358 
564 938 127 
831 725 496 

378 514 962 
645 892 731 
912 376 845 
===========
123 457 689 
456 189 273 
789 263 514 

297 641 358 
564 938 721 
831 725 496 

378 516 942 
645 892 137 
912 374 865 
===========
123 457 689 
456 189 273 
789 263 514 

297 641 358 
564 938 721 
831 725 946 

378 516 492 
645 892 137 
912 374 865 
===========
123 457 689 
456 189 273 
789 263 514 

297 641 358 
564 938 721 
831 725 496 

378 514 962 
645 892 137 
912 376 845 
===========
123 457 689 
456 189 273 
789 263 514 

297 641 835 
564 938 721 
831 725 946 

378 594 162 
645 812 397 
912 376 458 
===========
123 457 689 
456 189 273 
789 263 514 

297 648 351 
564 931 728 
831 725 496 

378 596 142 
645 812 937 
912 374 865 
===========
123 457 689 
456 189 273 
789 263 514 

297 648 351 
564 931 728 
831 725 496 

378 594 162 
645 812 937 
912 376 845 
===========
123 457 689 
456 189 273 
789 263 514 

297 648 351 
564 931 728 
831 725 496 

378 516 942 
645 892 137 
912 374 865 
===========
123 457 689 
456 189 273 
789 263 514 

297 648 351 
564 931 728 
831 725 946 

378 516 492 
645 892 137 
912 374 865 
===========
123 457 689 
456 189 273 
789 263 514 

297 648 351 
564 931 728 
831 725 496 

378 514 962 
645 892 137 
912 376 845 
===========
123 457 689 
456 189 273 
789 263 514 

297 614 358 
564 738 192 
831 925 467 

378 541 926 
645 892 731 
912 376 845 
===========
123 457 689 
456 189 273 
789 263 514 

297 614 358 
564 738 921 
831 925 467 

378 542 196 
645 891 732 
912 376 845 
===========
123 457 689 
456 189 273 
789 263 514 

297 614 835 
564 738 921 
831 925 467 

378 592 146 
645 871 392 
912 346 758 
===========
123 457 689 
456 189 273 
789 263 514 

297 614 835 
564 738 192 
831 925 746 

378 542 961 
645 891 327 
912 376 458 
===========
123 457 689 
456 189 273 
789 263 514 

297 615 348 
564 738 192 
831 924 765 

378 591 426 
645 872 931 
912 346 857 
===========
123 457 689 
456 189 273 
789 263 514 

297 615 348 
564 738 192 
831 942 756 

378 596 421 
645 821 937 
912 374 865 
===========
123 457 689 
456 189 273 
789 263 514 

297 615 348 
564 738 192 
831 942 765 

378 596 421 
645 821 937 
912 374 856 
===========
123 457 689 
456 189 273 
789 263 514 

297 615 438 
564 738 921 
831 924 765 

378 592 146 
645 871 392 
912 346 857 
===========
123 457 689 
456 189 273 
789 263 514 

297 615 438 
564 738 921 
831 942 756 

378 596 142 
645 821 397 
912 374 865 
===========
123 457 689 
456 189 273 
789 263 514 

297 615 438 
564 738 921 
831 942 765 

378 596 142 
645 821 397 
912 374 856 
===========
123 457 689 
456 189 273 
789 263 514 

297 615 438 
564 738 921 
831 942 756 

378 594 162 
645 821 397 
912 376 845 
===========
123 457 689 
456 189 273 
789 263 514 

297 615 438 
564 738 192 
831 942 756 

378 526 941 
645 891 327 
912 374 865 
===========
123 457 689 
456 189 273 
789 263 514 

297 615 438 
564 738 192 
831 942 765 

378 526 941 
645 891 327 
912 374 856 
===========
123 457 689 
456 189 273 
789 263 514 

297 615 438 
564 738 192 
831 942 756 

378 524 961 
645 891 327 
912 376 845 
===========
123 457 689 
456 189 273 
789 263 514 

297 615 438 
564 738 192 
831 924 756 

378 542 961 
645 891 327 
912 376 845 
===========
123 457 689 
456 189 273 
789 263 514 

297 618 345 
564 732 198 
831 945 762 

378 596 421 
645 821 937 
912 374 856 
===========
