123 457 689 
456 189 273 
789 362 154 

297 815 346 
564 923 718 
831 746 592 

378 691 425 
645 278 931 
912 534 867 
===========
123 457 689 
456 189 273 
789 362 154 

297 815 346 
564 923 817 
831 746 592 

378 691 425 
645 278 931 
912 534 768 
===========
123 457 689 
456 189 273 
789 362 154 

297 815 436 
564 923 718 
831 746 925 

378 691 542 
645 278 391 
912 534 867 
===========
123 457 689 
456 189 273 
789 362 154 

297 815 436 
564 923 817 
831 746 925 

378 691 542 
645 278 391 
912 534 768 
===========
123 457 689 
456 189 273 
789 362 154 

297 815 436 
564 923 817 
831 746 925 

378 691 542 
645 238 791 
912 574 368 
===========
123 457 689 
456 189 273 
789 362 154 

297 816 345 
564 923 718 
831 745 962 

378 694 521 
645 231 897 
912 578 436 
===========
123 457 689 
456 189 273 
789 362 154 

297 816 345 
564 923 817 
831 745 962 

378 694 521 
645 231 798 
912 578 436 
===========
123 457 689 
456 189 273 
789 362 154 

297 816 435 
564 923 718 
831 745 926 

378 691 542 
645 278 391 
912 534 867 
===========
123 457 689 
456 189 273 
789 362 154 

297 816 435 
564 923 817 
831 745 926 

378 691 542 
645 278 391 
912 534 768 
===========
123 457 689 
456 189 273 
789 362 154 

297 816 435 
564 923 817 
831 745 962 

378 694 521 
645 271 398 
912 538 746 
===========
123 457 689 
456 189 273 
789 362 154 

297 816 435 
564 923 718 
831 745 962 

378 694 521 
645 231 897 
912 578 346 
===========
123 457 689 
456 189 273 
789 362 154 

297 816 435 
564 923 817 
831 745 926 

378 691 542 
645 238 791 
912 574 368 
===========
123 457 689 
456 189 273 
789 362 154 

297 816 435 
564 923 817 
831 745 962 

378 694 521 
645 231 798 
912 578 346 
===========
123 457 689 
456 189 273 
789 362 154 

297 835 461 
564 921 738 
831 746 925 

378 694 512 
645 218 397 
912 573 846 
===========
123 457 689 
456 189 273 
789 362 154 

297 835 461 
564 921 738 
831 746 925 

378 694 512 
645 213 897 
912 578 346 
===========
123 457 689 
456 189 273 
789 362 154 

297 835 461 
564 921 837 
831 746 925 

378 694 512 
645 213 798 
912 578 346 
===========
123 457 689 
456 189 273 
789 362 154 

297 835 461 
564 921 738 
831 746 592 

378 614 925 
645 298 317 
912 573 846 
===========
123 457 689 
456 189 273 
789 362 154 

297 835 461 
564 921 738 
831 746 925 

378 614 592 
645 298 317 
912 573 846 
===========
123 457 689 
456 189 273 
789 362 154 

297 835 461 
564 921 738 
831 746 592 

378 614 925 
645 293 817 
912 578 346 
===========
123 457 689 
456 189 273 
789 362 154 

297 835 461 
564 921 738 
831 746 925 

378 614 592 
645 293 817 
912 578 346 
===========
123 457 689 
456 189 273 
789 362 154 

297 835 461 
564 921 837 
831 746 592 

378 614 925 
645 293 718 
912 578 346 
===========
123 457 689 
456 189 273 
789 362 154 

297 835 461 
564 921 837 
831 746 925 

378 614 592 
645 293 718 
912 578 346 
===========
123 457 689 
456 189 273 
789 362 154 

297 836 415 
564 921 738 
831 745 962 

378 694 521 
645 218 397 
912 573 846 
===========
123 457 689 
456 189 273 
789 362 154 

297 836 415 
564 921 738 
831 745 962 

378 694 521 
645 213 897 
912 578 346 
===========
123 457 689 
456 189 273 
789 362 154 

297 836 415 
564 921 837 
831 745 962 

378 694 521 
645 213 798 
912 578 346 
===========
123 457 689 
456 189 273 
789 362 154 

297 845 316 
564 913 728 
831 726 495 

378 691 542 
645 278 931 
912 534 867 
===========
123 457 689 
456 189 273 
789 362 154 

297 845 316 
564 913 827 
831 726 495 

378 691 542 
645 278 931 
912 534 768 
===========
123 457 689 
456 189 273 
789 362 154 

297 845 316 
564 931 827 
831 726 945 

378 614 592 
645 298 731 
912 573 468 
===========
123 457 689 
456 189 273 
789 362 154 

297 845 361 
564 913 827 
831 726 495 

378 694 512 
645 271 938 
912 538 746 
===========
123 457 689 
456 189 273 
789 362 154 

297 845 361 
564 931 728 
831 726 495 

378 694 512 
645 218 937 
912 573 846 
===========
123 457 689 
456 189 273 
789 362 154 

297 845 361 
564 931 728 
831 726 945 

378 694 512 
645 213 897 
912 578 436 
===========
123 457 689 
456 189 273 
789 362 154 

297 845 361 
564 931 827 
831 726 945 

378 694 512 
645 213 798 
912 578 436 
===========
123 457 689 
456 189 273 
789 362 154 

297 845 361 
564 913 728 
831 726 495 

378 691 542 
645 238 917 
912 574 836 
===========
123 457 689 
456 189 273 
789 362 154 

297 845 361 
564 913 728 
831 726 945 

378 694 512 
645 231 897 
912 578 436 
===========
123 457 689 
456 189 273 
789 362 154 

297 845 361 
564 913 827 
831 726 945 

378 694 512 
645 231 798 
912 578 436 
===========
123 457 689 
456 189 273 
789 362 154 

297 845 361 
564 931 728 
831 726 945 

378 614 592 
645 293 817 
912 578 436 
===========
123 457 689 
456 189 273 
789 362 154 

297 845 361 
564 931 827 
831 726 945 

378 614 592 
645 293 718 
912 578 436 
===========
123 457 689 
456 189 273 
789 362 154 

297 846 315 
564 913 728 
831 725 496 

378 691 542 
645 278 931 
912 534 867 
===========
123 457 689 
456 189 273 
789 362 154 

297 846 315 
564 913 827 
831 725 496 

378 691 542 
645 278 931 
912 534 768 
===========
123 457 689 
456 189 273 
789 362 154 

297 846 315 
564 931 827 
831 725 946 

378 614 592 
645 298 731 
912 573 468 
===========
123 457 689 
456 189 273 
789 362 154 

297 815 346 
564 723 891 
831 946 725 

378 694 512 
645 271 938 
912 538 467 
===========
123 457 689 
456 189 273 
789 362 154 

297 815 436 
564 723 918 
831 946 725 

378 691 542 
645 278 391 
912 534 867 
===========
123 457 689 
456 189 273 
789 362 154 

297 815 436 
564 723 891 
831 946 725 

378 691 542 
645 238 917 
912 574 368 
===========
123 457 689 
456 189 273 
789 362 154 

297 816 345 
564 723 891 
831 945 726 

378 694 512 
645 271 938 
912 538 467 
===========
123 457 689 
456 189 273 
789 362 154 

297 816 345 
564 723 918 
831 945 762 

378 694 521 
645 231 897 
912 578 436 
===========
123 457 689 
456 189 273 
789 362 154 

297 816 435 
564 723 918 
831 945 726 

378 691 542 
645 278 391 
912 534 867 
===========
123 457 689 
456 189 273 
789 362 154 

297 816 435 
564 723 891 
831 945 726 

378 691 542 
645 238 917 
912 574 368 
===========
123 457 689 
456 189 273 
789 362 154 

297 816 435 
564 723 918 
831 945 762 

378 694 521 
645 231 897 
912 578 346 
===========
123 457 689 
456 189 273 
789 362 154 

297 835 461 
564 721 398 
831 946 725 

378 694 512 
645 218 937 
912 573 846 
===========
123 457 689 
456 189 273 
789 362 154 

297 835 461 
564 721 938 
831 946 725 

378 694 512 
645 218 397 
912 573 846 
===========
123 457 689 
456 189 273 
789 362 154 

297 835 461 
564 721 938 
831 946 725 

378 694 512 
645 213 897 
912 578 346 
===========
123 457 689 
456 189 273 
789 362 154 

297 835 461 
564 721 938 
831 946 725 

378 614 592 
645 298 317 
912 573 846 
===========
123 457 689 
456 189 273 
789 362 154 

297 835 461 
564 721 938 
831 946 725 

378 614 592 
645 293 817 
912 578 346 
===========
123 457 689 
456 189 273 
789 362 154 

297 836 415 
564 721 398 
831 945 762 

378 694 521 
645 218 937 
912 573 846 
===========
123 457 689 
456 189 273 
789 362 154 

297 836 415 
564 721 938 
831 945 762 

378 694 521 
645 218 397 
912 573 846 
===========
123 457 689 
456 189 273 
789 362 154 

297 836 415 
564 721 938 
831 945 762 

378 694 521 
645 213 897 
912 578 346 
===========
123 457 689 
456 189 273 
789 362 154 

297 836 541 
564 721 398 
831 945 762 

378 614 925 
645 293 817 
912 578 436 
===========
123 457 689 
456 189 273 
789 362 154 

297 845 316 
564 713 892 
831 926 547 

378 691 425 
645 278 931 
912 534 768 
===========
123 457 689 
456 189 273 
789 362 154 

297 845 316 
564 713 892 
831 926 745 

378 694 521 
645 271 938 
912 538 467 
===========
123 457 689 
456 189 273 
789 362 154 

297 845 316 
564 731 892 
831 926 745 

378 694 521 
645 218 937 
912 573 468 
===========
123 457 689 
456 189 273 
789 362 154 

297 845 316 
564 731 892 
831 926 547 

378 614 925 
645 298 731 
912 573 468 
===========
123 457 689 
456 189 273 
789 362 154 

297 845 361 
564 731 928 
831 926 745 

378 694 512 
645 213 897 
912 578 436 
===========
123 457 689 
456 189 273 
789 362 154 

297 845 361 
564 713 928 
831 926 745 

378 694 512 
645 231 897 
912 578 436 
===========
123 457 689 
456 189 273 
789 362 154 

297 845 361 
564 731 892 
831 926 547 

378 614 925 
645 293 718 
912 578 436 
===========
123 457 689 
456 189 273 
789 362 154 

297 845 361 
564 731 928 
831 926 745 

378 614 592 
645 293 817 
912 578 436 
===========
123 457 689 
456 189 273 
789 362 154 

297 846 315 
564 713 892 
831 925 467 

378 694 521 
645 271 938 
912 538 746 
===========
123 457 689 
456 189 273 
789 362 154 

297 846 315 
564 713 892 
831 925 746 

378 694 521 
645 271 938 
912 538 467 
===========
123 457 689 
456 189 273 
789 362 154 

297 846 315 
564 731 892 
831 925 746 

378 694 521 
645 218 937 
912 573 468 
===========
123 457 689 
456 189 273 
789 362 154 

297 846 315 
564 713 928 
831 925 467 

378 691 542 
645 238 791 
912 574 836 
===========
123 457 689 
456 189 273 
789 362 154 

297 846 315 
564 731 928 
831 925 467 

378 614 592 
645 298 731 
912 573 846 
===========
123 457 689 
456 189 273 
789 362 154 

297 846 531 
564 713 892 
831 925 746 

378 691 425 
645 238 917 
912 574 368 
===========
123 457 689 
456 189 273 
789 362 154 

297 846 531 
564 731 892 
831 925 746 

378 614 925 
645 298 317 
912 573 468 
===========
123 457 689 
456 189 273 
789 362 154 

297 846 531 
564 731 892 
831 925 467 

378 614 925 
645 293 718 
912 578 346 
===========
123 457 689 
456 189 273 
789 362 154 

297 814 365 
564 793 812 
831 625 497 

378 941 526 
645 278 931 
912 536 748 
===========
123 457 689 
456 189 273 
789 362 154 

297 814 365 
564 793 812 
831 625 497 

378 946 521 
645 271 938 
912 538 746 
===========
123 457 689 
456 189 273 
789 362 154 

297 814 365 
564 793 821 
831 625 497 

378 946 512 
645 271 938 
912 538 746 
===========
123 457 689 
456 189 273 
789 362 154 

297 814 365 
564 723 891 
831 695 427 

378 946 512 
645 271 938 
912 538 746 
===========
123 457 689 
456 189 273 
789 362 154 

297 814 365 
564 793 812 
831 625 947 

378 941 526 
645 238 791 
912 576 438 
===========
123 457 689 
456 189 273 
789 362 154 

297 814 365 
564 793 812 
831 625 947 

378 946 521 
645 231 798 
912 578 436 
===========
123 457 689 
456 189 273 
789 362 154 

297 814 365 
564 793 821 
831 625 947 

378 946 512 
645 231 798 
912 578 436 
===========
123 457 689 
456 189 273 
789 362 154 

297 814 365 
564 723 891 
831 695 742 

378 941 526 
645 238 917 
912 576 438 
===========
123 457 689 
456 189 273 
789 362 154 

297 814 365 
564 723 918 
831 695 742 

378 946 521 
645 231 897 
912 578 436 
===========
123 457 689 
456 189 273 
789 362 154 

297 815 346 
564 793 812 
831 624 795 

378 946 521 
645 271 938 
912 538 467 
===========
123 457 689 
456 189 273 
789 362 154 

297 815 346 
564 793 821 
831 624 795 

378 946 512 
645 271 938 
912 538 467 
===========
123 457 689 
456 189 273 
789 362 154 

297 815 346 
564 723 891 
831 694 725 

378 946 512 
645 271 938 
912 538 467 
===========
123 457 689 
456 189 273 
789 362 154 

297 815 346 
564 793 821 
831 624 795 

378 941 562 
645 238 917 
912 576 438 
===========
123 457 689 
456 189 273 
789 362 154 

297 815 346 
564 723 891 
831 694 725 

378 941 562 
645 238 917 
912 576 438 
===========
123 457 689 
456 189 273 
789 362 154 

297 815 436 
564 723 918 
831 694 725 

378 941 562 
645 278 391 
912 536 847 
===========
123 457 689 
456 189 273 
789 362 154 

297 815 436 
564 793 821 
831 624 795 

378 941 562 
645 238 917 
912 576 348 
===========
123 457 689 
456 189 273 
789 362 154 

297 815 436 
564 723 891 
831 694 725 

378 941 562 
645 238 917 
912 576 348 
===========
123 457 689 
456 189 273 
789 362 154 

297 834 516 
564 791 832 
831 625 947 

378 916 425 
645 278 391 
912 543 768 
===========
123 457 689 
456 189 273 
789 362 154 

297 834 516 
564 721 398 
831 695 742 

378 916 425 
645 278 931 
912 543 867 
===========
123 457 689 
456 189 273 
789 362 154 

297 834 516 
564 721 938 
831 695 742 

378 916 425 
645 278 391 
912 543 867 
===========
123 457 689 
456 189 273 
789 362 154 

297 834 516 
564 721 938 
831 695 742 

378 916 425 
645 273 891 
912 548 367 
===========
123 457 689 
456 189 273 
789 362 154 

297 835 416 
564 791 328 
831 624 795 

378 916 542 
645 278 931 
912 543 867 
===========
123 457 689 
456 189 273 
789 362 154 

297 835 416 
564 721 398 
831 694 725 

378 916 542 
645 278 931 
912 543 867 
===========
123 457 689 
456 189 273 
789 362 154 

297 835 416 
564 721 938 
831 694 725 

378 916 542 
645 278 391 
912 543 867 
===========
123 457 689 
456 189 273 
789 362 154 

297 835 416 
564 721 938 
831 694 725 

378 916 542 
645 273 891 
912 548 367 
===========
123 457 689 
456 189 273 
789 362 154 

297 835 461 
564 791 328 
831 624 795 

378 946 512 
645 218 937 
912 573 846 
===========
123 457 689 
456 189 273 
789 362 154 

297 835 461 
564 721 398 
831 694 725 

378 946 512 
645 218 937 
912 573 846 
===========
123 457 689 
456 189 273 
789 362 154 

297 835 461 
564 721 938 
831 694 725 

378 946 512 
645 218 397 
912 573 846 
===========
123 457 689 
456 189 273 
789 362 154 

297 835 461 
564 721 938 
831 694 725 

378 946 512 
645 213 897 
912 578 346 
===========
123 457 689 
456 189 273 
789 362 154 

297 841 365 
564 793 812 
831 625 497 

378 914 526 
645 278 931 
912 536 748 
===========
123 457 689 
456 189 273 
789 362 154 

297 841 365 
564 793 812 
831 625 947 

378 914 526 
645 238 791 
912 576 438 
===========
123 457 689 
456 189 273 
789 362 154 

297 841 365 
564 723 891 
831 695 742 

378 914 526 
645 238 917 
912 576 438 
===========
123 457 689 
456 189 273 
789 362 154 

297 841 365 
564 723 918 
831 695 427 

378 916 542 
645 238 791 
912 574 836 
===========
123 457 689 
456 189 273 
789 362 154 

297 841 536 
564 793 812 
831 625 947 

378 916 425 
645 278 391 
912 534 768 
===========
123 457 689 
456 189 273 
789 362 154 

297 841 536 
564 723 918 
831 695 742 

378 916 425 
645 278 391 
912 534 867 
===========
123 457 689 
456 189 273 
789 362 154 

297 841 536 
564 793 812 
831 625 947 

378 916 425 
645 238 791 
912 574 368 
===========
123 457 689 
456 189 273 
789 362 154 

297 841 536 
564 723 891 
831 695 742 

378 916 425 
645 238 917 
912 574 368 
===========
123 457 689 
456 189 273 
789 362 154 

297 843 516 
564 791 832 
831 625 947 

378 916 425 
645 278 391 
912 534 768 
===========
123 457 689 
456 189 273 
789 362 154 

297 843 516 
564 721 398 
831 695 742 

378 916 425 
645 278 931 
912 534 867 
===========
123 457 689 
456 189 273 
789 362 154 

297 843 516 
564 721 938 
831 695 742 

378 916 425 
645 278 391 
912 534 867 
===========
123 457 689 
456 189 273 
789 362 154 

297 843 516 
564 791 832 
831 625 947 

378 916 425 
645 238 791 
912 574 368 
===========
123 457 689 
456 189 273 
789 362 154 

297 843 561 
564 721 398 
831 695 742 

378 916 425 
645 238 917 
912 574 836 
===========
123 457 689 
456 189 273 
789 362 154 

297 614 835 
564 893 712 
831 725 946 

378 946 521 
645 271 398 
912 538 467 
===========
123 457 689 
456 189 273 
789 362 154 

297 614 835 
564 893 721 
831 725 946 

378 946 512 
645 271 398 
912 538 467 
===========
123 457 689 
456 189 273 
789 362 154 

297 614 835 
564 823 917 
831 795 426 

378 941 562 
645 278 391 
912 536 748 
===========
123 457 689 
456 189 273 
789 362 154 

297 614 835 
564 823 917 
831 795 462 

378 941 526 
645 278 391 
912 536 748 
===========
123 457 689 
456 189 273 
789 362 154 

297 614 835 
564 823 917 
831 795 462 

378 946 521 
645 271 398 
912 538 746 
===========
123 457 689 
456 189 273 
789 362 154 

297 614 835 
564 893 721 
831 725 496 

378 941 562 
645 238 917 
912 576 348 
===========
123 457 689 
456 189 273 
789 362 154 

297 614 835 
564 823 791 
831 795 426 

378 941 562 
645 238 917 
912 576 348 
===========
123 457 689 
456 189 273 
789 362 154 

297 614 835 
564 823 791 
831 795 462 

378 941 526 
645 238 917 
912 576 348 
===========
123 457 689 
456 189 273 
789 362 154 

297 614 835 
564 823 917 
831 795 426 

378 941 562 
645 238 791 
912 576 348 
===========
123 457 689 
456 189 273 
789 362 154 

297 614 835 
564 823 917 
831 795 462 

378 941 526 
645 238 791 
912 576 348 
===========
123 457 689 
456 189 273 
789 362 154 

297 614 835 
564 823 917 
831 795 462 

378 946 521 
645 231 798 
912 578 346 
===========
123 457 689 
456 189 273 
789 362 154 

297 615 348 
564 893 712 
831 724 965 

378 946 521 
645 231 897 
912 578 436 
===========
123 457 689 
456 189 273 
789 362 154 

297 615 348 
564 893 721 
831 724 965 

378 946 512 
645 231 897 
912 578 436 
===========
123 457 689 
456 189 273 
789 362 154 

297 615 438 
564 893 712 
831 724 965 

378 941 526 
645 278 391 
912 536 847 
===========
123 457 689 
456 189 273 
789 362 154 

297 615 438 
564 893 712 
831 724 965 

378 946 521 
645 231 897 
912 578 346 
===========
123 457 689 
456 189 273 
789 362 154 

297 615 438 
564 893 721 
831 724 965 

378 946 512 
645 231 897 
912 578 346 
===========
123 457 689 
456 189 273 
789 362 154 

297 634 518 
564 891 732 
831 725 946 

378 916 425 
645 278 391 
912 543 867 
===========
123 457 689 
456 189 273 
789 362 154 

297 634 518 
564 891 732 
831 725 946 

378 916 425 
645 273 891 
912 548 367 
===========
123 457 689 
456 189 273 
789 362 154 

297 634 815 
564 891 327 
831 725 496 

378 916 542 
645 278 931 
912 543 768 
===========
123 457 689 
456 189 273 
789 362 154 

297 634 815 
564 821 397 
831 795 426 

378 916 542 
645 278 931 
912 543 768 
===========
123 457 689 
456 189 273 
789 362 154 

297 634 815 
564 821 937 
831 795 426 

378 916 542 
645 278 391 
912 543 768 
===========
123 457 689 
456 189 273 
789 362 154 

297 634 815 
564 891 732 
831 725 946 

378 946 521 
645 218 397 
912 573 468 
===========
123 457 689 
456 189 273 
789 362 154 

297 634 815 
564 821 937 
831 795 462 

378 946 521 
645 213 798 
912 578 346 
===========
123 457 689 
456 189 273 
789 362 154 

297 635 418 
564 891 327 
831 724 965 

378 916 542 
645 273 891 
912 548 736 
===========
123 457 689 
456 189 273 
789 362 154 

297 635 418 
564 891 732 
831 724 965 

378 946 521 
645 218 397 
912 573 846 
===========
123 457 689 
456 189 273 
789 362 154 

297 635 418 
564 891 732 
831 724 965 

378 946 521 
645 213 897 
912 578 346 
===========
123 457 689 
456 189 273 
789 362 154 

297 635 841 
564 891 732 
831 724 596 

378 916 425 
645 273 918 
912 548 367 
===========
123 457 689 
456 189 273 
789 362 154 

297 635 841 
564 821 397 
831 794 562 

378 916 425 
645 273 918 
912 548 736 
===========
123 457 689 
456 189 273 
789 362 154 

297 635 841 
564 891 327 
831 724 965 

378 946 512 
645 213 798 
912 578 436 
===========
123 457 689 
456 189 273 
789 362 154 

297 641 538 
564 893 712 
831 725 946 

378 916 425 
645 278 391 
912 534 867 
===========
123 457 689 
456 189 273 
789 362 154 

297 641 835 
564 823 917 
831 795 426 

378 916 542 
645 278 391 
912 534 768 
===========
123 457 689 
456 189 273 
789 362 154 

297 641 835 
564 823 917 
831 795 426 

378 914 562 
645 278 391 
912 536 748 
===========
123 457 689 
456 189 273 
789 362 154 

297 641 835 
564 823 917 
831 795 462 

378 914 526 
645 278 391 
912 536 748 
===========
123 457 689 
456 189 273 
789 362 154 

297 641 835 
564 893 721 
831 725 496 

378 916 542 
645 238 917 
912 574 368 
===========
123 457 689 
456 189 273 
789 362 154 

297 641 835 
564 893 721 
831 725 496 

378 914 562 
645 238 917 
912 576 348 
===========
123 457 689 
456 189 273 
789 362 154 

297 641 835 
564 823 791 
831 795 426 

378 916 542 
645 238 917 
912 574 368 
===========
123 457 689 
456 189 273 
789 362 154 

297 641 835 
564 823 791 
831 795 426 

378 914 562 
645 238 917 
912 576 348 
===========
123 457 689 
456 189 273 
789 362 154 

297 641 835 
564 823 791 
831 795 462 

378 914 526 
645 238 917 
912 576 348 
===========
123 457 689 
456 189 273 
789 362 154 

297 641 835 
564 823 917 
831 795 426 

378 916 542 
645 238 791 
912 574 368 
===========
123 457 689 
456 189 273 
789 362 154 

297 641 835 
564 823 917 
831 795 426 

378 914 562 
645 238 791 
912 576 348 
===========
123 457 689 
456 189 273 
789 362 154 

297 641 835 
564 823 917 
831 795 462 

378 914 526 
645 238 791 
912 576 348 
===========
123 457 689 
456 189 273 
789 362 154 

297 643 518 
564 891 732 
831 725 946 

378 916 425 
645 278 391 
912 534 867 
===========
123 457 689 
456 189 273 
789 362 154 

297 643 815 
564 891 327 
831 725 496 

378 916 542 
645 278 931 
912 534 768 
===========
123 457 689 
456 189 273 
789 362 154 

297 643 815 
564 891 327 
831 725 496 

378 914 562 
645 278 931 
912 536 748 
===========
123 457 689 
456 189 273 
789 362 154 

297 643 815 
564 821 397 
831 795 426 

378 916 542 
645 278 931 
912 534 768 
===========
123 457 689 
456 189 273 
789 362 154 

297 643 815 
564 821 397 
831 795 426 

378 914 562 
645 278 931 
912 536 748 
===========
123 457 689 
456 189 273 
789 362 154 

297 643 815 
564 821 397 
831 795 462 

378 914 526 
645 278 931 
912 536 748 
===========
123 457 689 
456 189 273 
789 362 154 

297 643 815 
564 821 937 
831 795 426 

378 916 542 
645 278 391 
912 534 768 
===========
123 457 689 
456 189 273 
789 362 154 

297 643 815 
564 821 937 
831 795 426 

378 914 562 
645 278 391 
912 536 748 
===========
123 457 689 
456 189 273 
789 362 154 

297 643 815 
564 821 937 
831 795 462 

378 914 526 
645 278 391 
912 536 748 
===========
123 457 689 
456 189 273 
789 362 154 

297 643 815 
564 891 327 
831 725 946 

378 914 562 
645 238 791 
912 576 438 
===========
123 457 689 
456 189 273 
789 362 154 

297 643 815 
564 821 937 
831 795 426 

378 916 542 
645 238 791 
912 574 368 
===========
123 457 689 
456 189 273 
789 362 154 

297 643 815 
564 821 937 
831 795 426 

378 914 562 
645 238 791 
912 576 348 
===========
123 457 689 
456 189 273 
789 362 154 

297 643 815 
564 821 937 
831 795 462 

378 914 526 
645 238 791 
912 576 348 
===========
123 457 689 
456 189 273 
789 362 154 

297 814 365 
564 973 812 
831 625 497 

378 291 546 
645 738 921 
912 546 738 
===========
123 457 689 
456 189 273 
789 362 154 

297 814 365 
564 973 812 
831 625 497 

378 296 541 
645 731 928 
912 548 736 
===========
123 457 689 
456 189 273 
789 362 154 

297 814 365 
564 973 821 
831 625 497 

378 291 546 
645 738 912 
912 546 738 
===========
123 457 689 
456 189 273 
789 362 154 

297 814 365 
564 923 718 
831 675 492 

378 291 546 
645 738 921 
912 546 837 
===========
123 457 689 
456 189 273 
789 362 154 

297 814 365 
564 923 817 
831 675 492 

378 291 546 
645 738 921 
912 546 738 
===========
123 457 689 
456 189 273 
789 362 154 

297 814 365 
564 923 817 
831 675 492 

378 296 541 
645 731 928 
912 548 736 
===========
123 457 689 
456 189 273 
789 362 154 

297 814 536 
564 973 812 
831 625 497 

378 241 965 
645 798 321 
912 536 748 
===========
123 457 689 
456 189 273 
789 362 154 

297 814 536 
564 973 821 
831 625 497 

378 241 965 
645 798 312 
912 536 748 
===========
123 457 689 
456 189 273 
789 362 154 

297 814 536 
564 923 718 
831 675 492 

378 241 965 
645 798 321 
912 536 847 
===========
123 457 689 
456 189 273 
789 362 154 

297 814 536 
564 923 817 
831 675 492 

378 241 965 
645 798 321 
912 536 748 
===========
123 457 689 
456 189 273 
789 362 154 

297 815 346 
564 923 718 
831 674 925 

378 246 591 
645 791 832 
912 538 467 
===========
123 457 689 
456 189 273 
789 362 154 

297 815 346 
564 973 812 
831 624 597 

378 291 465 
645 738 921 
912 546 738 
===========
123 457 689 
456 189 273 
789 362 154 

297 815 346 
564 973 821 
831 624 597 

378 291 465 
645 738 912 
912 546 738 
===========
123 457 689 
456 189 273 
789 362 154 

297 815 346 
564 923 718 
831 674 592 

378 291 465 
645 738 921 
912 546 837 
===========
123 457 689 
456 189 273 
789 362 154 

297 815 346 
564 923 817 
831 674 592 

378 291 465 
645 738 921 
912 546 738 
===========
123 457 689 
456 189 273 
789 362 154 

297 815 436 
564 973 812 
831 624 597 

378 241 965 
645 798 321 
912 536 748 
===========
123 457 689 
456 189 273 
789 362 154 

297 815 436 
564 973 821 
831 624 597 

378 241 965 
645 798 312 
912 536 748 
===========
123 457 689 
456 189 273 
789 362 154 

297 815 436 
564 923 718 
831 674 592 

378 241 965 
645 798 321 
912 536 847 
===========
123 457 689 
456 189 273 
789 362 154 

297 815 436 
564 923 817 
831 674 592 

378 241 965 
645 798 321 
912 536 748 
===========
123 457 689 
456 189 273 
789 362 154 

297 815 436 
564 973 812 
831 624 795 

378 296 541 
645 731 928 
912 548 367 
===========
123 457 689 
456 189 273 
789 362 154 

297 815 436 
564 923 718 
831 674 925 

378 296 541 
645 731 892 
912 548 367 
===========
123 457 689 
456 189 273 
789 362 154 

297 834 516 
564 971 832 
831 625 497 

378 216 945 
645 798 321 
912 543 768 
===========
123 457 689 
456 189 273 
789 362 154 

297 834 516 
564 971 832 
831 625 947 

378 216 495 
645 798 321 
912 543 768 
===========
123 457 689 
456 189 273 
789 362 154 

297 834 516 
564 921 738 
831 675 492 

378 216 945 
645 798 321 
912 543 867 
===========
123 457 689 
456 189 273 
789 362 154 

297 834 516 
564 921 738 
831 675 942 

378 216 495 
645 798 321 
912 543 867 
===========
123 457 689 
456 189 273 
789 362 154 

297 834 516 
564 921 738 
831 675 492 

378 216 945 
645 793 821 
912 548 367 
===========
123 457 689 
456 189 273 
789 362 154 

297 834 516 
564 921 738 
831 675 942 

378 216 495 
645 793 821 
912 548 367 
===========
123 457 689 
456 189 273 
789 362 154 

297 834 516 
564 921 837 
831 675 492 

378 216 945 
645 798 321 
912 543 768 
===========
123 457 689 
456 189 273 
789 362 154 

297 834 516 
564 921 837 
831 675 942 

378 216 495 
645 798 321 
912 543 768 
===========
123 457 689 
456 189 273 
789 362 154 

297 834 561 
564 971 328 
831 625 947 

378 296 415 
645 713 892 
912 548 736 
===========
123 457 689 
456 189 273 
789 362 154 

297 834 561 
564 971 328 
831 625 497 

378 216 945 
645 793 812 
912 548 736 
===========
123 457 689 
456 189 273 
789 362 154 

297 834 561 
564 971 328 
831 625 947 

378 216 495 
645 793 812 
912 548 736 
===========
