123 457 689 
456 189 273 
789 623 154 

297 814 365 
564 932 718 
831 765 492 

378 546 921 
645 291 837 
912 378 546 
===========
123 457 689 
456 189 273 
789 623 154 

297 814 365 
564 932 817 
831 765 492 

378 541 926 
645 298 731 
912 376 548 
===========
123 457 689 
456 189 273 
789 623 154 

297 814 365 
564 932 817 
831 765 492 

378 546 921 
645 291 738 
912 378 546 
===========
123 457 689 
456 189 273 
789 623 154 

297 814 536 
564 932 817 
831 765 942 

378 596 421 
645 271 398 
912 348 765 
===========
123 457 689 
456 189 273 
789 623 154 

297 815 346 
564 932 817 
831 764 592 

378 596 421 
645 271 938 
912 348 765 
===========
123 457 689 
456 189 273 
789 623 154 

297 815 346 
564 932 718 
831 764 592 

378 546 921 
645 291 837 
912 378 465 
===========
123 457 689 
456 189 273 
789 623 154 

297 815 346 
564 932 817 
831 764 592 

378 546 921 
645 291 738 
912 378 465 
===========
123 457 689 
456 189 273 
789 623 154 

297 815 346 
564 932 718 
831 746 592 

378 564 921 
645 291 837 
912 378 465 
===========
123 457 689 
456 189 273 
789 623 154 

297 815 346 
564 932 817 
831 746 925 

378 561 492 
645 298 731 
912 374 568 
===========
123 457 689 
456 189 273 
789 623 154 

297 815 346 
564 932 817 
831 746 592 

378 564 921 
645 291 738 
912 378 465 
===========
123 457 689 
456 189 273 
789 623 154 

297 816 345 
564 932 817 
831 745 926 

378 561 492 
645 298 731 
912 374 568 
===========
123 457 689 
456 189 273 
789 623 154 

297 834 516 
564 912 837 
831 765 942 

378 596 421 
645 271 398 
912 348 765 
===========
123 457 689 
456 189 273 
789 623 154 

297 834 561 
564 912 738 
831 765 492 

378 541 926 
645 298 317 
912 376 845 
===========
123 457 689 
456 189 273 
789 623 154 

297 835 461 
564 912 738 
831 764 592 

378 541 926 
645 298 317 
912 376 845 
===========
123 457 689 
456 189 273 
789 623 154 

297 836 541 
564 912 738 
831 745 926 

378 561 492 
645 298 317 
912 374 865 
===========
123 457 689 
456 189 273 
789 623 154 

297 841 365 
564 932 817 
831 765 492 

378 514 926 
645 298 731 
912 376 548 
===========
123 457 689 
456 189 273 
789 623 154 

297 841 536 
564 932 718 
831 765 942 

378 596 421 
645 218 397 
912 374 865 
===========
123 457 689 
456 189 273 
789 623 154 

297 845 316 
564 931 827 
831 762 495 

378 516 942 
645 298 731 
912 374 568 
===========
123 457 689 
456 189 273 
789 623 154 

297 845 316 
564 931 827 
831 762 945 

378 516 492 
645 298 731 
912 374 568 
===========
123 457 689 
456 189 273 
789 623 154 

297 845 316 
564 931 827 
831 762 495 

378 514 962 
645 298 731 
912 376 548 
===========
123 457 689 
456 189 273 
789 623 154 

297 861 345 
564 932 817 
831 745 926 

378 516 492 
645 298 731 
912 374 568 
===========
123 457 689 
456 189 273 
789 623 154 

297 865 341 
564 931 728 
831 742 596 

378 596 412 
645 218 937 
912 374 865 
===========
123 457 689 
456 189 273 
789 623 154 

297 865 431 
564 931 728 
831 742 596 

378 516 942 
645 298 317 
912 374 865 
===========
123 457 689 
456 189 273 
789 623 154 

297 865 431 
564 931 728 
831 742 596 

378 514 962 
645 298 317 
912 376 845 
===========
123 457 689 
456 189 273 
789 623 154 

297 814 365 
564 732 891 
831 965 427 

378 546 912 
645 291 738 
912 378 546 
===========
123 457 689 
456 189 273 
789 623 154 

297 815 346 
564 732 891 
831 964 527 

378 596 412 
645 271 938 
912 348 765 
===========
123 457 689 
456 189 273 
789 623 154 

297 815 346 
564 732 891 
831 964 725 

378 596 412 
645 271 938 
912 348 567 
===========
123 457 689 
456 189 273 
789 623 154 

297 815 346 
564 732 891 
831 964 527 

378 546 912 
645 291 738 
912 378 465 
===========
123 457 689 
456 189 273 
789 623 154 

297 815 346 
564 732 891 
831 946 527 

378 564 912 
645 291 738 
912 378 465 
===========
123 457 689 
456 189 273 
789 623 154 

297 815 346 
564 732 918 
831 946 527 

378 561 492 
645 298 731 
912 374 865 
===========
123 457 689 
456 189 273 
789 623 154 

297 815 436 
564 732 891 
831 964 725 

378 541 962 
645 298 317 
912 376 548 
===========
123 457 689 
456 189 273 
789 623 154 

297 815 436 
564 732 891 
831 946 725 

378 561 942 
645 298 317 
912 374 568 
===========
123 457 689 
456 189 273 
789 623 154 

297 816 435 
564 732 891 
831 945 726 

378 561 942 
645 298 317 
912 374 568 
===========
123 457 689 
456 189 273 
789 623 154 

297 834 516 
564 712 398 
831 965 427 

378 541 962 
645 298 731 
912 376 845 
===========
123 457 689 
456 189 273 
789 623 154 

297 834 516 
564 712 398 
831 965 742 

378 546 921 
645 291 837 
912 378 465 
===========
123 457 689 
456 189 273 
789 623 154 

297 835 416 
564 712 398 
831 964 527 

378 541 962 
645 298 731 
912 376 845 
===========
123 457 689 
456 189 273 
789 623 154 

297 835 416 
564 712 398 
831 946 527 

378 561 942 
645 298 731 
912 374 865 
===========
123 457 689 
456 189 273 
789 623 154 

297 835 461 
564 712 398 
831 964 725 

378 546 912 
645 291 837 
912 378 546 
===========
123 457 689 
456 189 273 
789 623 154 

297 835 461 
564 712 398 
831 946 725 

378 564 912 
645 291 837 
912 378 546 
===========
123 457 689 
456 189 273 
789 623 154 

297 836 415 
564 712 398 
831 945 762 

378 564 921 
645 291 837 
912 378 546 
===========
123 457 689 
456 189 273 
789 623 154 

297 836 541 
564 712 398 
831 945 726 

378 564 912 
645 291 837 
912 378 465 
===========
123 457 689 
456 189 273 
789 623 154 

297 836 541 
564 712 938 
831 945 726 

378 561 492 
645 298 317 
912 374 865 
===========
123 457 689 
456 189 273 
789 623 154 

297 841 536 
564 732 918 
831 965 742 

378 596 421 
645 218 397 
912 374 865 
===========
123 457 689 
456 189 273 
789 623 154 

297 845 316 
564 731 892 
831 962 745 

378 596 421 
645 218 937 
912 374 568 
===========
123 457 689 
456 189 273 
789 623 154 

297 845 316 
564 731 928 
831 962 547 

378 516 492 
645 298 731 
912 374 865 
===========
123 457 689 
456 189 273 
789 623 154 

297 861 345 
564 732 891 
831 945 726 

378 596 412 
645 218 937 
912 374 568 
===========
123 457 689 
456 189 273 
789 623 154 

297 861 435 
564 732 891 
831 945 726 

378 516 942 
645 298 317 
912 374 568 
===========
123 457 689 
456 189 273 
789 623 154 

297 861 435 
564 732 891 
831 945 726 

378 514 962 
645 298 317 
912 376 548 
===========
123 457 689 
456 189 273 
789 623 154 

297 861 435 
564 732 891 
831 945 762 

378 514 926 
645 298 317 
912 376 548 
===========
123 457 689 
456 189 273 
789 623 154 

297 865 431 
564 731 892 
831 942 765 

378 514 926 
645 298 317 
912 376 548 
===========
123 457 689 
456 189 273 
789 623 154 

297 814 536 
564 732 918 
831 596 742 

378 961 425 
645 278 391 
912 345 867 
===========
123 457 689 
456 189 273 
789 623 154 

297 816 345 
564 732 891 
831 594 726 

378 965 412 
645 271 938 
912 348 567 
===========
123 457 689 
456 189 273 
789 623 154 

297 816 435 
564 732 918 
831 594 726 

378 961 542 
645 278 391 
912 345 867 
===========
123 457 689 
456 189 273 
789 623 154 

297 816 435 
564 732 918 
831 594 726 

378 941 562 
645 278 391 
912 365 847 
===========
123 457 689 
456 189 273 
789 623 154 

297 816 435 
564 732 918 
831 594 762 

378 941 526 
645 278 391 
912 365 847 
===========
123 457 689 
456 189 273 
789 623 154 

297 831 465 
564 792 318 
831 546 792 

378 914 526 
645 278 931 
912 365 847 
===========
123 457 689 
456 189 273 
789 623 154 

297 831 465 
564 792 318 
831 564 792 

378 946 521 
645 218 937 
912 375 846 
===========
123 457 689 
456 189 273 
789 623 154 

297 831 465 
564 792 318 
831 546 792 

378 964 521 
645 218 937 
912 375 846 
===========
123 457 689 
456 189 273 
789 623 154 

297 831 546 
564 792 318 
831 564 792 

378 916 425 
645 278 931 
912 345 867 
===========
123 457 689 
456 189 273 
789 623 154 

297 831 546 
564 792 318 
831 546 792 

378 965 421 
645 218 937 
912 374 865 
===========
123 457 689 
456 189 273 
789 623 154 

297 834 516 
564 791 832 
831 562 947 

378 916 425 
645 278 391 
912 345 768 
===========
123 457 689 
456 189 273 
789 623 154 

297 834 516 
564 712 398 
831 596 742 

378 961 425 
645 278 931 
912 345 867 
===========
123 457 689 
456 189 273 
789 623 154 

297 834 516 
564 712 938 
831 596 742 

378 961 425 
645 278 391 
912 345 867 
===========
123 457 689 
456 189 273 
789 623 154 

297 836 415 
564 712 398 
831 594 726 

378 961 542 
645 278 931 
912 345 867 
===========
123 457 689 
456 189 273 
789 623 154 

297 836 415 
564 712 938 
831 594 726 

378 961 542 
645 278 391 
912 345 867 
===========
123 457 689 
456 189 273 
789 623 154 

297 836 415 
564 791 328 
831 542 796 

378 914 562 
645 278 931 
912 365 847 
===========
123 457 689 
456 189 273 
789 623 154 

297 836 415 
564 791 832 
831 542 967 

378 914 526 
645 278 391 
912 365 748 
===========
123 457 689 
456 189 273 
789 623 154 

297 836 415 
564 712 398 
831 594 726 

378 941 562 
645 278 931 
912 365 847 
===========
123 457 689 
456 189 273 
789 623 154 

297 836 415 
564 712 398 
831 594 762 

378 941 526 
645 278 931 
912 365 847 
===========
123 457 689 
456 189 273 
789 623 154 

297 836 415 
564 712 938 
831 594 726 

378 941 562 
645 278 391 
912 365 847 
===========
123 457 689 
456 189 273 
789 623 154 

297 836 415 
564 712 938 
831 594 762 

378 941 526 
645 278 391 
912 365 847 
===========
123 457 689 
456 189 273 
789 623 154 

297 836 541 
564 791 328 
831 542 796 

378 965 412 
645 218 937 
912 374 865 
===========
123 457 689 
456 189 273 
789 623 154 

297 841 536 
564 732 918 
831 596 742 

378 965 421 
645 218 397 
912 374 865 
===========
123 457 689 
456 189 273 
789 623 154 

297 846 315 
564 731 892 
831 592 467 

378 914 526 
645 278 931 
912 365 748 
===========
123 457 689 
456 189 273 
789 623 154 

297 846 315 
564 731 892 
831 592 746 

378 965 421 
645 218 937 
912 374 568 
===========
123 457 689 
456 189 273 
789 623 154 

297 846 315 
564 731 892 
831 592 746 

378 964 521 
645 218 937 
912 375 468 
===========
123 457 689 
456 189 273 
789 623 154 

297 846 531 
564 731 928 
831 592 746 

378 965 412 
645 218 397 
912 374 865 
===========
123 457 689 
456 189 273 
789 623 154 

297 861 345 
564 732 891 
831 594 726 

378 946 512 
645 218 937 
912 375 468 
===========
123 457 689 
456 189 273 
789 623 154 

297 861 435 
564 732 918 
831 594 726 

378 916 542 
645 278 391 
912 345 867 
===========
123 457 689 
456 189 273 
789 623 154 

297 861 435 
564 732 918 
831 594 762 

378 946 521 
645 218 397 
912 375 846 
===========
123 457 689 
456 189 273 
789 623 154 

297 864 315 
564 731 892 
831 592 746 

378 946 521 
645 218 937 
912 375 468 
===========
123 457 689 
456 189 273 
789 623 154 

297 514 836 
564 832 917 
831 796 425 

378 961 542 
645 278 391 
912 345 768 
===========
123 457 689 
456 189 273 
789 623 154 

297 514 836 
564 832 917 
831 796 542 

378 961 425 
645 278 391 
912 345 768 
===========
123 457 689 
456 189 273 
789 623 154 

297 514 836 
564 832 917 
831 796 542 

378 965 421 
645 271 398 
912 348 765 
===========
123 457 689 
456 189 273 
789 623 154 

297 514 836 
564 832 917 
831 796 425 

378 941 562 
645 278 391 
912 365 748 
===========
123 457 689 
456 189 273 
789 623 154 

297 531 468 
564 892 731 
831 764 925 

378 946 512 
645 218 397 
912 375 846 
===========
123 457 689 
456 189 273 
789 623 154 

297 531 468 
564 892 731 
831 746 925 

378 964 512 
645 218 397 
912 375 846 
===========
123 457 689 
456 189 273 
789 623 154 

297 531 846 
564 892 317 
831 764 592 

378 916 425 
645 278 931 
912 345 768 
===========
123 457 689 
456 189 273 
789 623 154 

297 531 846 
564 892 731 
831 764 925 

378 946 512 
645 218 397 
912 375 468 
===========
123 457 689 
456 189 273 
789 623 154 

297 531 846 
564 892 731 
831 746 925 

378 965 412 
645 218 397 
912 374 568 
===========
123 457 689 
456 189 273 
789 623 154 

297 531 846 
564 892 731 
831 746 925 

378 964 512 
645 218 397 
912 375 468 
===========
123 457 689 
456 189 273 
789 623 154 

297 534 816 
564 891 327 
831 762 495 

378 916 542 
645 278 931 
912 345 768 
===========
123 457 689 
456 189 273 
789 623 154 

297 534 816 
564 812 397 
831 796 425 

378 961 542 
645 278 931 
912 345 768 
===========
123 457 689 
456 189 273 
789 623 154 

297 534 816 
564 812 397 
831 796 542 

378 961 425 
645 278 931 
912 345 768 
===========
123 457 689 
456 189 273 
789 623 154 

297 534 816 
564 812 397 
831 796 542 

378 965 421 
645 271 938 
912 348 765 
===========
123 457 689 
456 189 273 
789 623 154 

297 534 816 
564 812 937 
831 796 425 

378 961 542 
645 278 391 
912 345 768 
===========
123 457 689 
456 189 273 
789 623 154 

297 534 816 
564 812 937 
831 796 542 

378 961 425 
645 278 391 
912 345 768 
===========
123 457 689 
456 189 273 
789 623 154 

297 534 816 
564 812 937 
831 796 542 

378 965 421 
645 271 398 
912 348 765 
===========
123 457 689 
456 189 273 
789 623 154 

297 534 816 
564 812 397 
831 796 425 

378 941 562 
645 278 931 
912 365 748 
===========
123 457 689 
456 189 273 
789 623 154 

297 534 816 
564 812 937 
831 796 425 

378 941 562 
645 278 391 
912 365 748 
===========
123 457 689 
456 189 273 
789 623 154 

297 534 816 
564 891 732 
831 762 945 

378 946 521 
645 218 397 
912 375 468 
===========
123 457 689 
456 189 273 
789 623 154 

297 536 418 
564 891 732 
831 742 965 

378 914 526 
645 278 391 
912 365 847 
===========
123 457 689 
456 189 273 
789 623 154 

297 536 418 
564 891 732 
831 742 965 

378 964 521 
645 218 397 
912 375 846 
===========
123 457 689 
456 189 273 
789 623 154 

297 536 841 
564 812 397 
831 794 526 

378 965 412 
645 271 938 
912 348 765 
===========
123 457 689 
456 189 273 
789 623 154 

297 536 841 
564 812 937 
831 794 526 

378 965 412 
645 271 398 
912 348 765 
===========
123 457 689 
456 189 273 
789 623 154 

297 541 368 
564 832 791 
831 796 425 

378 964 512 
645 218 937 
912 375 846 
===========
123 457 689 
456 189 273 
789 623 154 

297 541 836 
564 832 917 
831 796 425 

378 914 562 
645 278 391 
912 365 748 
===========
123 457 689 
456 189 273 
789 623 154 

297 546 318 
564 831 792 
831 792 465 

378 914 526 
645 278 931 
912 365 847 
===========
123 457 689 
456 189 273 
789 623 154 

297 546 318 
564 831 792 
831 792 546 

378 965 421 
645 218 937 
912 374 865 
===========
123 457 689 
456 189 273 
789 623 154 

297 546 318 
564 831 792 
831 792 465 

378 964 521 
645 218 937 
912 375 846 
===========
123 457 689 
456 189 273 
789 623 154 

297 564 318 
564 831 792 
831 792 546 

378 916 425 
645 278 931 
912 345 867 
===========
123 457 689 
456 189 273 
789 623 154 

297 564 318 
564 831 792 
831 792 465 

378 946 521 
645 218 937 
912 375 846 
===========
123 457 689 
456 189 273 
789 623 154 

297 814 536 
564 932 718 
831 576 492 

378 261 945 
645 798 321 
912 345 867 
===========
123 457 689 
456 189 273 
789 623 154 

297 814 536 
564 932 718 
831 576 942 

378 261 495 
645 798 321 
912 345 867 
===========
123 457 689 
456 189 273 
789 623 154 

297 814 536 
564 932 817 
831 576 492 

378 261 945 
645 798 321 
912 345 768 
===========
123 457 689 
456 189 273 
789 623 154 

297 814 536 
564 932 817 
831 576 942 

378 261 495 
645 798 321 
912 345 768 
===========
123 457 689 
456 189 273 
789 623 154 

297 814 536 
564 932 817 
831 576 492 

378 265 941 
645 791 328 
912 348 765 
===========
123 457 689 
456 189 273 
789 623 154 

297 814 536 
564 932 817 
831 576 942 

378 265 491 
645 791 328 
912 348 765 
===========
123 457 689 
456 189 273 
789 623 154 

297 814 536 
564 932 718 
831 576 492 

378 241 965 
645 798 321 
912 365 847 
===========
123 457 689 
456 189 273 
789 623 154 

297 814 536 
564 932 817 
831 576 492 

378 241 965 
645 798 321 
912 365 748 
===========
123 457 689 
456 189 273 
789 623 154 

297 814 536 
564 932 817 
831 576 492 

378 245 961 
645 791 328 
912 368 745 
===========
123 457 689 
456 189 273 
789 623 154 

297 816 345 
564 932 718 
831 574 926 

378 265 491 
645 791 832 
912 348 567 
===========
123 457 689 
456 189 273 
789 623 154 

297 816 435 
564 932 718 
831 574 962 

378 241 596 
645 798 321 
912 365 847 
===========
123 457 689 
456 189 273 
789 623 154 

297 816 435 
564 932 817 
831 574 962 

378 241 596 
645 798 321 
912 365 748 
===========
123 457 689 
456 189 273 
789 623 154 

297 831 465 
564 972 831 
831 546 927 

378 294 516 
645 718 392 
912 365 748 
===========
123 457 689 
456 189 273 
789 623 154 

297 831 465 
564 972 831 
831 546 927 

378 214 596 
645 798 312 
912 365 748 
===========
123 457 689 
456 189 273 
789 623 154 

297 831 546 
564 972 831 
831 564 927 

378 296 415 
645 718 392 
912 345 768 
===========
123 457 689 
456 189 273 
789 623 154 

297 831 546 
564 972 831 
831 564 927 

378 216 495 
645 798 312 
912 345 768 
===========
123 457 689 
456 189 273 
789 623 154 

297 834 516 
564 971 832 
831 562 497 

378 216 945 
645 798 321 
912 345 768 
===========
123 457 689 
456 189 273 
789 623 154 

297 834 516 
564 971 832 
831 562 947 

378 216 495 
645 798 321 
912 345 768 
===========
123 457 689 
456 189 273 
789 623 154 

297 834 516 
564 912 738 
831 576 492 

378 261 945 
645 798 321 
912 345 867 
===========
123 457 689 
456 189 273 
789 623 154 

297 834 516 
564 912 738 
831 576 942 

378 261 495 
645 798 321 
912 345 867 
===========
123 457 689 
456 189 273 
789 623 154 

297 834 516 
564 912 837 
831 576 492 

378 261 945 
645 798 321 
912 345 768 
===========
123 457 689 
456 189 273 
789 623 154 

297 834 516 
564 912 837 
831 576 942 

378 261 495 
645 798 321 
912 345 768 
===========
123 457 689 
456 189 273 
789 623 154 

297 834 516 
564 912 837 
831 576 492 

378 265 941 
645 791 328 
912 348 765 
===========
123 457 689 
456 189 273 
789 623 154 

297 834 516 
564 912 837 
831 576 942 

378 265 491 
645 791 328 
912 348 765 
===========
123 457 689 
456 189 273 
789 623 154 

297 834 516 
564 912 738 
831 576 492 

378 241 965 
645 798 321 
912 365 847 
===========
123 457 689 
456 189 273 
789 623 154 

297 834 516 
564 912 837 
831 576 492 

378 241 965 
645 798 321 
912 365 748 
===========
123 457 689 
456 189 273 
789 623 154 

297 834 516 
564 912 837 
831 576 492 

378 245 961 
645 791 328 
912 368 745 
===========
123 457 689 
456 189 273 
789 623 154 

297 834 561 
564 912 837 
831 576 492 

378 245 916 
645 791 328 
912 368 745 
===========
123 457 689 
456 189 273 
789 623 154 

297 836 415 
564 971 328 
831 542 796 

378 294 561 
645 718 932 
912 365 847 
===========
123 457 689 
456 189 273 
789 623 154 

297 836 415 
564 971 832 
831 542 967 

378 214 596 
645 798 321 
912 365 748 
===========
123 457 689 
456 189 273 
789 623 154 

297 836 415 
564 912 738 
831 574 962 

378 241 596 
645 798 321 
912 365 847 
===========
123 457 689 
456 189 273 
789 623 154 

297 836 415 
564 912 837 
831 574 962 

378 241 596 
645 798 321 
912 365 748 
===========
123 457 689 
456 189 273 
789 623 154 

297 836 541 
564 912 738 
831 574 926 

378 261 495 
645 798 312 
912 345 867 
===========
123 457 689 
456 189 273 
789 623 154 

297 836 541 
564 912 837 
831 574 926 

378 261 495 
645 798 312 
912 345 768 
===========
123 457 689 
456 189 273 
789 623 154 

297 841 536 
564 932 718 
831 576 492 

378 214 965 
645 798 321 
912 365 847 
===========
123 457 689 
456 189 273 
789 623 154 

297 841 536 
564 932 817 
831 576 492 

378 214 965 
645 798 321 
912 365 748 
===========
123 457 689 
456 189 273 
789 623 154 

297 846 315 
564 931 728 
831 572 496 

378 294 561 
645 718 932 
912 365 847 
===========
123 457 689 
456 189 273 
789 623 154 

297 846 315 
564 931 827 
831 572 496 

378 294 561 
645 718 932 
912 365 748 
===========
123 457 689 
456 189 273 
789 623 154 

297 846 531 
564 931 728 
831 572 496 

378 214 965 
645 798 312 
912 365 847 
===========
123 457 689 
456 189 273 
789 623 154 

297 846 531 
564 931 827 
831 572 496 

378 214 965 
645 798 312 
912 365 748 
===========
123 457 689 
456 189 273 
789 623 154 

297 861 435 
564 932 718 
831 574 926 

378 296 541 
645 718 392 
912 345 867 
===========
123 457 689 
456 189 273 
789 623 154 

297 861 435 
564 932 817 
831 574 926 

378 296 541 
645 718 392 
912 345 768 
===========
123 457 689 
456 189 273 
789 623 154 

297 864 315 
564 931 728 
831 572 496 

378 296 541 
645 718 932 
912 345 867 
===========
123 457 689 
456 189 273 
789 623 154 

297 864 315 
564 931 827 
831 572 496 

378 296 541 
645 718 932 
912 345 768 
===========
123 457 689 
456 189 273 
789 623 154 

297 864 531 
564 931 728 
831 572 946 

378 296 415 
645 718 392 
912 345 867 
===========
123 457 689 
456 189 273 
789 623 154 

297 864 531 
564 931 827 
831 572 946 

378 296 415 
645 718 392 
912 345 768 
===========
123 457 689 
456 189 273 
789 623 154 

297 864 531 
564 931 728 
831 572 496 

378 216 945 
645 798 312 
912 345 867 
===========
123 457 689 
456 189 273 
789 623 154 

297 864 531 
564 931 728 
831 572 946 

378 216 495 
645 798 312 
912 345 867 
===========
123 457 689 
456 189 273 
789 623 154 

297 864 531 
564 931 827 
831 572 496 

378 216 945 
645 798 312 
912 345 768 
===========
123 457 689 
456 189 273 
789 623 154 

297 864 531 
564 931 827 
831 572 946 

378 216 495 
645 798 312 
912 345 768 
===========
123 457 689 
456 189 273 
789 623 154 

297 514 368 
564 832 791 
831 976 425 

378 245 916 
645 791 832 
912 368 547 
===========
123 457 689 
456 189 273 
789 623 154 

297 514 836 
564 832 917 
831 976 542 

378 261 495 
645 798 321 
912 345 768 
===========
123 457 689 
456 189 273 
789 623 154 

297 514 836 
564 832 917 
831 976 542 

378 265 491 
645 791 328 
912 348 765 
===========
123 457 689 
456 189 273 
789 623 154 

297 516 348 
564 832 917 
831 974 526 

378 265 491 
645 791 832 
912 348 765 
===========
123 457 689 
456 189 273 
789 623 154 

297 516 438 
564 832 791 
831 974 526 

378 261 945 
645 798 312 
912 345 867 
===========
123 457 689 
456 189 273 
789 623 154 

297 516 438 
564 832 791 
831 974 526 

378 241 965 
645 798 312 
912 365 847 
===========
123 457 689 
456 189 273 
789 623 154 

297 531 468 
564 872 391 
831 946 725 

378 294 516 
645 718 932 
912 365 847 
===========
123 457 689 
456 189 273 
789 623 154 

297 531 468 
564 872 931 
831 946 725 

378 294 516 
645 718 392 
912 365 847 
===========
123 457 689 
456 189 273 
789 623 154 

297 531 468 
564 872 931 
831 946 725 

378 214 596 
645 798 312 
912 365 847 
===========
123 457 689 
456 189 273 
789 623 154 

297 531 846 
564 872 391 
831 964 527 

378 296 415 
645 718 932 
912 345 768 
===========
123 457 689 
456 189 273 
789 623 154 

297 531 846 
564 872 931 
831 964 527 

378 296 415 
645 718 392 
912 345 768 
===========
123 457 689 
456 189 273 
789 623 154 

297 531 846 
564 872 931 
831 964 527 

378 216 495 
645 798 312 
912 345 768 
===========
123 457 689 
456 189 273 
789 623 154 

297 534 816 
564 871 932 
831 962 547 

378 216 495 
645 798 321 
912 345 768 
===========
123 457 689 
456 189 273 
789 623 154 

297 534 816 
564 812 937 
831 976 542 

378 261 495 
645 798 321 
912 345 768 
===========
123 457 689 
456 189 273 
789 623 154 

297 534 816 
564 812 937 
831 976 542 

378 265 491 
645 791 328 
912 348 765 
===========
123 457 689 
456 189 273 
789 623 154 

297 534 861 
564 812 937 
831 976 425 

378 241 596 
645 798 312 
912 365 748 
===========
123 457 689 
456 189 273 
789 623 154 

297 536 418 
564 812 397 
831 974 526 

378 265 941 
645 791 832 
912 348 765 
===========
123 457 689 
456 189 273 
789 623 154 

297 536 418 
564 871 932 
831 942 765 

378 214 596 
645 798 321 
912 365 847 
===========
123 457 689 
456 189 273 
789 623 154 

297 536 418 
564 812 397 
831 974 526 

378 245 961 
645 791 832 
912 368 745 
===========
123 457 689 
456 189 273 
789 623 154 

297 536 841 
564 812 937 
831 974 526 

378 261 495 
645 798 312 
912 345 768 
===========
123 457 689 
456 189 273 
789 623 154 

297 541 368 
564 832 791 
831 976 425 

378 294 516 
645 718 932 
912 365 847 
===========
123 457 689 
456 189 273 
789 623 154 

297 541 836 
564 832 917 
831 976 425 

378 294 561 
645 718 392 
912 365 748 
===========
123 457 689 
456 189 273 
789 623 154 

297 546 831 
564 831 927 
831 972 465 

378 294 516 
645 718 392 
912 365 748 
===========
123 457 689 
456 189 273 
789 623 154 

297 546 831 
564 831 927 
831 972 465 

378 214 596 
645 798 312 
912 365 748 
===========
123 457 689 
456 189 273 
789 623 154 

297 561 348 
564 832 791 
831 974 526 

378 296 415 
645 718 932 
912 345 867 
===========
123 457 689 
456 189 273 
789 623 154 

297 561 438 
564 832 791 
831 974 526 

378 216 945 
645 798 312 
912 345 867 
===========
123 457 689 
456 189 273 
789 623 154 

297 564 831 
564 831 927 
831 972 546 

378 296 415 
645 718 392 
912 345 768 
===========
123 457 689 
456 189 273 
789 623 154 

297 564 831 
564 831 927 
831 972 546 

378 216 495 
645 798 312 
912 345 768 
===========
123 457 689 
456 189 273 
789 623 154 

297 834 516 
564 971 832 
831 265 947 

378 596 421 
645 712 398 
912 348 765 
===========
123 457 689 
456 189 273 
789 623 154 

297 834 516 
564 971 328 
831 265 497 

378 516 942 
645 792 831 
912 348 765 
===========
123 457 689 
456 189 273 
789 623 154 

297 834 516 
564 971 328 
831 265 947 

378 516 492 
645 792 831 
912 348 765 
===========
123 457 689 
456 189 273 
789 623 154 

297 835 416 
564 971 328 
831 264 597 

378 516 942 
645 792 831 
912 348 765 
===========
123 457 689 
456 189 273 
789 623 154 

297 835 416 
564 971 328 
831 264 795 

378 516 942 
645 792 831 
912 348 567 
===========
123 457 689 
456 189 273 
789 623 154 

297 835 416 
564 971 328 
831 246 597 

378 514 962 
645 792 831 
912 368 745 
===========
123 457 689 
456 189 273 
789 623 154 

297 835 416 
564 971 328 
831 246 795 

378 514 962 
645 792 831 
912 368 547 
===========
123 457 689 
456 189 273 
789 623 154 

297 835 461 
564 971 832 
831 246 597 

378 514 926 
645 792 318 
912 368 745 
===========
123 457 689 
456 189 273 
789 623 154 

297 835 461 
564 971 832 
831 246 795 

378 514 926 
645 792 318 
912 368 547 
===========
123 457 689 
456 189 273 
789 623 154 

297 836 415 
564 971 328 
831 245 796 

378 514 962 
645 792 831 
912 368 547 
===========
123 457 689 
456 189 273 
789 623 154 

297 845 316 
564 931 728 
831 276 495 

378 514 962 
645 792 831 
912 368 547 
===========
