123 457 689 
456 189 273 
789 632 154 

297 814 365 
564 923 718 
831 765 492 

378 546 921 
645 291 837 
912 378 546 
===========
123 457 689 
456 189 273 
789 632 154 

297 814 365 
564 923 817 
831 765 492 

378 541 926 
645 298 731 
912 376 548 
===========
123 457 689 
456 189 273 
789 632 154 

297 814 365 
564 923 817 
831 765 492 

378 546 921 
645 291 738 
912 378 546 
===========
123 457 689 
456 189 273 
789 632 154 

297 814 536 
564 923 817 
831 765 942 

378 596 421 
645 271 398 
912 348 765 
===========
123 457 689 
456 189 273 
789 632 154 

297 815 346 
564 923 817 
831 764 592 

378 596 421 
645 271 938 
912 348 765 
===========
123 457 689 
456 189 273 
789 632 154 

297 815 346 
564 923 718 
831 764 592 

378 546 921 
645 291 837 
912 378 465 
===========
123 457 689 
456 189 273 
789 632 154 

297 815 346 
564 923 817 
831 764 592 

378 546 921 
645 291 738 
912 378 465 
===========
123 457 689 
456 189 273 
789 632 154 

297 815 346 
564 923 718 
831 746 592 

378 564 921 
645 291 837 
912 378 465 
===========
123 457 689 
456 189 273 
789 632 154 

297 815 346 
564 923 817 
831 746 925 

378 561 492 
645 298 731 
912 374 568 
===========
123 457 689 
456 189 273 
789 632 154 

297 815 346 
564 923 817 
831 746 592 

378 564 921 
645 291 738 
912 378 465 
===========
123 457 689 
456 189 273 
789 632 154 

297 816 345 
564 923 817 
831 745 926 

378 561 492 
645 298 731 
912 374 568 
===========
123 457 689 
456 189 273 
789 632 154 

297 841 365 
564 923 817 
831 765 492 

378 514 926 
645 298 731 
912 376 548 
===========
123 457 689 
456 189 273 
789 632 154 

297 841 536 
564 923 718 
831 765 942 

378 596 421 
645 218 397 
912 374 865 
===========
123 457 689 
456 189 273 
789 632 154 

297 843 516 
564 921 738 
831 765 942 

378 596 421 
645 218 397 
912 374 865 
===========
123 457 689 
456 189 273 
789 632 154 

297 843 561 
564 921 738 
831 765 492 

378 514 926 
645 298 317 
912 376 845 
===========
123 457 689 
456 189 273 
789 632 154 

297 845 316 
564 913 827 
831 726 495 

378 561 942 
645 298 731 
912 374 568 
===========
123 457 689 
456 189 273 
789 632 154 

297 845 316 
564 913 827 
831 726 945 

378 561 492 
645 298 731 
912 374 568 
===========
123 457 689 
456 189 273 
789 632 154 

297 845 361 
564 913 728 
831 726 495 

378 564 912 
645 291 837 
912 378 546 
===========
123 457 689 
456 189 273 
789 632 154 

297 845 361 
564 913 827 
831 726 495 

378 564 912 
645 291 738 
912 378 546 
===========
123 457 689 
456 189 273 
789 632 154 

297 846 315 
564 913 827 
831 725 496 

378 561 942 
645 298 731 
912 374 568 
===========
123 457 689 
456 189 273 
789 632 154 

297 846 315 
564 913 827 
831 725 946 

378 561 492 
645 298 731 
912 374 568 
===========
123 457 689 
456 189 273 
789 632 154 

297 846 531 
564 913 728 
831 725 496 

378 561 942 
645 298 317 
912 374 865 
===========
123 457 689 
456 189 273 
789 632 154 

297 846 531 
564 913 728 
831 725 946 

378 561 492 
645 298 317 
912 374 865 
===========
123 457 689 
456 189 273 
789 632 154 

297 861 345 
564 923 817 
831 745 926 

378 516 492 
645 298 731 
912 374 568 
===========
123 457 689 
456 189 273 
789 632 154 

297 863 541 
564 921 738 
831 745 926 

378 596 412 
645 218 397 
912 374 865 
===========
123 457 689 
456 189 273 
789 632 154 

297 863 541 
564 921 738 
831 745 926 

378 516 492 
645 298 317 
912 374 865 
===========
123 457 689 
456 189 273 
789 632 154 

297 864 315 
564 913 827 
831 725 496 

378 541 962 
645 298 731 
912 376 548 
===========
123 457 689 
456 189 273 
789 632 154 

297 864 531 
564 913 827 
831 725 946 

378 596 412 
645 271 398 
912 348 765 
===========
123 457 689 
456 189 273 
789 632 154 

297 864 531 
564 913 728 
831 725 496 

378 541 962 
645 298 317 
912 376 845 
===========
123 457 689 
456 189 273 
789 632 154 

297 865 341 
564 913 827 
831 724 596 

378 596 412 
645 271 938 
912 348 765 
===========
123 457 689 
456 189 273 
789 632 154 

297 865 341 
564 913 728 
831 724 596 

378 546 912 
645 291 837 
912 378 465 
===========
123 457 689 
456 189 273 
789 632 154 

297 865 341 
564 913 827 
831 724 596 

378 546 912 
645 291 738 
912 378 465 
===========
123 457 689 
456 189 273 
789 632 154 

297 865 431 
564 913 728 
831 724 596 

378 541 962 
645 298 317 
912 376 845 
===========
123 457 689 
456 189 273 
789 632 154 

297 814 365 
564 723 891 
831 965 427 

378 546 912 
645 291 738 
912 378 546 
===========
123 457 689 
456 189 273 
789 632 154 

297 815 346 
564 723 891 
831 964 527 

378 596 412 
645 271 938 
912 348 765 
===========
123 457 689 
456 189 273 
789 632 154 

297 815 346 
564 723 891 
831 964 725 

378 596 412 
645 271 938 
912 348 567 
===========
123 457 689 
456 189 273 
789 632 154 

297 815 346 
564 723 891 
831 964 527 

378 546 912 
645 291 738 
912 378 465 
===========
123 457 689 
456 189 273 
789 632 154 

297 815 346 
564 723 891 
831 946 527 

378 564 912 
645 291 738 
912 378 465 
===========
123 457 689 
456 189 273 
789 632 154 

297 815 346 
564 723 918 
831 946 527 

378 561 492 
645 298 731 
912 374 865 
===========
123 457 689 
456 189 273 
789 632 154 

297 815 436 
564 723 891 
831 964 725 

378 541 962 
645 298 317 
912 376 548 
===========
123 457 689 
456 189 273 
789 632 154 

297 815 436 
564 723 891 
831 946 725 

378 561 942 
645 298 317 
912 374 568 
===========
123 457 689 
456 189 273 
789 632 154 

297 816 435 
564 723 891 
831 945 726 

378 561 942 
645 298 317 
912 374 568 
===========
123 457 689 
456 189 273 
789 632 154 

297 841 536 
564 723 918 
831 965 742 

378 596 421 
645 218 397 
912 374 865 
===========
123 457 689 
456 189 273 
789 632 154 

297 843 516 
564 721 398 
831 965 742 

378 596 421 
645 218 937 
912 374 865 
===========
123 457 689 
456 189 273 
789 632 154 

297 843 516 
564 721 938 
831 965 742 

378 596 421 
645 218 397 
912 374 865 
===========
123 457 689 
456 189 273 
789 632 154 

297 843 516 
564 721 398 
831 965 427 

378 516 942 
645 298 731 
912 374 865 
===========
123 457 689 
456 189 273 
789 632 154 

297 843 516 
564 721 398 
831 965 427 

378 514 962 
645 298 731 
912 376 845 
===========
123 457 689 
456 189 273 
789 632 154 

297 845 316 
564 713 892 
831 926 547 

378 564 921 
645 291 738 
912 378 465 
===========
123 457 689 
456 189 273 
789 632 154 

297 845 316 
564 713 928 
831 926 547 

378 561 492 
645 298 731 
912 374 865 
===========
123 457 689 
456 189 273 
789 632 154 

297 846 315 
564 713 892 
831 925 467 

378 564 921 
645 291 738 
912 378 546 
===========
123 457 689 
456 189 273 
789 632 154 

297 846 531 
564 713 928 
831 925 746 

378 561 492 
645 298 317 
912 374 865 
===========
123 457 689 
456 189 273 
789 632 154 

297 861 345 
564 723 891 
831 945 726 

378 596 412 
645 218 937 
912 374 568 
===========
123 457 689 
456 189 273 
789 632 154 

297 861 435 
564 723 891 
831 945 726 

378 516 942 
645 298 317 
912 374 568 
===========
123 457 689 
456 189 273 
789 632 154 

297 861 435 
564 723 891 
831 945 726 

378 514 962 
645 298 317 
912 376 548 
===========
123 457 689 
456 189 273 
789 632 154 

297 861 435 
564 723 891 
831 945 762 

378 514 926 
645 298 317 
912 376 548 
===========
123 457 689 
456 189 273 
789 632 154 

297 863 541 
564 721 398 
831 945 726 

378 596 412 
645 218 937 
912 374 865 
===========
123 457 689 
456 189 273 
789 632 154 

297 863 541 
564 721 938 
831 945 726 

378 596 412 
645 218 397 
912 374 865 
===========
123 457 689 
456 189 273 
789 632 154 

297 863 541 
564 721 938 
831 945 726 

378 516 492 
645 298 317 
912 374 865 
===========
123 457 689 
456 189 273 
789 632 154 

297 864 315 
564 713 892 
831 925 746 

378 596 421 
645 271 938 
912 348 567 
===========
123 457 689 
456 189 273 
789 632 154 

297 864 315 
564 713 892 
831 925 467 

378 541 926 
645 298 731 
912 376 548 
===========
123 457 689 
456 189 273 
789 632 154 

297 864 315 
564 713 892 
831 925 467 

378 546 921 
645 291 738 
912 378 546 
===========
123 457 689 
456 189 273 
789 632 154 

297 865 431 
564 713 892 
831 924 765 

378 541 926 
645 298 317 
912 376 548 
===========
123 457 689 
456 189 273 
789 632 154 

297 814 365 
564 793 812 
831 526 497 

378 941 526 
645 278 931 
912 365 748 
===========
123 457 689 
456 189 273 
789 632 154 

297 814 536 
564 793 812 
831 526 947 

378 961 425 
645 278 391 
912 345 768 
===========
123 457 689 
456 189 273 
789 632 154 

297 814 536 
564 793 812 
831 526 947 

378 965 421 
645 271 398 
912 348 765 
===========
123 457 689 
456 189 273 
789 632 154 

297 814 536 
564 793 821 
831 526 947 

378 965 412 
645 271 398 
912 348 765 
===========
123 457 689 
456 189 273 
789 632 154 

297 814 536 
564 723 918 
831 596 742 

378 961 425 
645 278 391 
912 345 867 
===========
123 457 689 
456 189 273 
789 632 154 

297 816 345 
564 793 812 
831 524 796 

378 965 421 
645 271 938 
912 348 567 
===========
123 457 689 
456 189 273 
789 632 154 

297 816 345 
564 793 821 
831 524 796 

378 965 412 
645 271 938 
912 348 567 
===========
123 457 689 
456 189 273 
789 632 154 

297 816 345 
564 723 891 
831 594 726 

378 965 412 
645 271 938 
912 348 567 
===========
123 457 689 
456 189 273 
789 632 154 

297 816 435 
564 723 918 
831 594 726 

378 961 542 
645 278 391 
912 345 867 
===========
123 457 689 
456 189 273 
789 632 154 

297 816 435 
564 793 812 
831 524 967 

378 941 526 
645 278 391 
912 365 748 
===========
123 457 689 
456 189 273 
789 632 154 

297 816 435 
564 723 918 
831 594 726 

378 941 562 
645 278 391 
912 365 847 
===========
123 457 689 
456 189 273 
789 632 154 

297 816 435 
564 723 918 
831 594 762 

378 941 526 
645 278 391 
912 365 847 
===========
123 457 689 
456 189 273 
789 632 154 

297 841 365 
564 793 812 
831 526 497 

378 914 526 
645 278 931 
912 365 748 
===========
123 457 689 
456 189 273 
789 632 154 

297 841 536 
564 723 918 
831 596 742 

378 965 421 
645 218 397 
912 374 865 
===========
123 457 689 
456 189 273 
789 632 154 

297 843 516 
564 721 398 
831 596 742 

378 965 421 
645 218 937 
912 374 865 
===========
123 457 689 
456 189 273 
789 632 154 

297 843 516 
564 721 938 
831 596 742 

378 965 421 
645 218 397 
912 374 865 
===========
123 457 689 
456 189 273 
789 632 154 

297 861 345 
564 793 812 
831 524 796 

378 946 521 
645 218 937 
912 375 468 
===========
123 457 689 
456 189 273 
789 632 154 

297 861 345 
564 793 821 
831 524 796 

378 946 512 
645 218 937 
912 375 468 
===========
123 457 689 
456 189 273 
789 632 154 

297 861 345 
564 723 891 
831 594 726 

378 946 512 
645 218 937 
912 375 468 
===========
123 457 689 
456 189 273 
789 632 154 

297 861 435 
564 723 918 
831 594 726 

378 916 542 
645 278 391 
912 345 867 
===========
123 457 689 
456 189 273 
789 632 154 

297 861 435 
564 723 918 
831 594 762 

378 946 521 
645 218 397 
912 375 846 
===========
123 457 689 
456 189 273 
789 632 154 

297 863 415 
564 791 328 
831 524 796 

378 916 542 
645 278 931 
912 345 867 
===========
123 457 689 
456 189 273 
789 632 154 

297 863 415 
564 721 398 
831 594 726 

378 916 542 
645 278 931 
912 345 867 
===========
123 457 689 
456 189 273 
789 632 154 

297 863 415 
564 721 938 
831 594 726 

378 916 542 
645 278 391 
912 345 867 
===========
123 457 689 
456 189 273 
789 632 154 

297 863 415 
564 721 398 
831 594 762 

378 946 521 
645 218 937 
912 375 846 
===========
123 457 689 
456 189 273 
789 632 154 

297 863 415 
564 721 938 
831 594 762 

378 946 521 
645 218 397 
912 375 846 
===========
123 457 689 
456 189 273 
789 632 154 

297 514 368 
564 893 712 
831 726 495 

378 941 526 
645 278 931 
912 365 847 
===========
123 457 689 
456 189 273 
789 632 154 

297 514 836 
564 893 712 
831 726 945 

378 965 421 
645 271 398 
912 348 567 
===========
123 457 689 
456 189 273 
789 632 154 

297 514 836 
564 893 721 
831 726 945 

378 965 412 
645 271 398 
912 348 567 
===========
123 457 689 
456 189 273 
789 632 154 

297 514 836 
564 823 917 
831 796 425 

378 961 542 
645 278 391 
912 345 768 
===========
123 457 689 
456 189 273 
789 632 154 

297 514 836 
564 823 917 
831 796 542 

378 961 425 
645 278 391 
912 345 768 
===========
123 457 689 
456 189 273 
789 632 154 

297 514 836 
564 823 917 
831 796 542 

378 965 421 
645 271 398 
912 348 765 
===========
123 457 689 
456 189 273 
789 632 154 

297 514 836 
564 823 917 
831 796 425 

378 941 562 
645 278 391 
912 365 748 
===========
123 457 689 
456 189 273 
789 632 154 

297 516 348 
564 893 712 
831 724 596 

378 961 425 
645 278 931 
912 345 867 
===========
123 457 689 
456 189 273 
789 632 154 

297 516 438 
564 893 712 
831 724 965 

378 941 526 
645 278 391 
912 365 847 
===========
123 457 689 
456 189 273 
789 632 154 

297 541 368 
564 893 712 
831 726 495 

378 914 526 
645 278 931 
912 365 847 
===========
123 457 689 
456 189 273 
789 632 154 

297 541 368 
564 893 712 
831 726 495 

378 964 521 
645 218 937 
912 375 846 
===========
123 457 689 
456 189 273 
789 632 154 

297 541 368 
564 893 721 
831 726 495 

378 964 512 
645 218 937 
912 375 846 
===========
123 457 689 
456 189 273 
789 632 154 

297 541 368 
564 823 791 
831 796 425 

378 964 512 
645 218 937 
912 375 846 
===========
123 457 689 
456 189 273 
789 632 154 

297 541 836 
564 823 917 
831 796 425 

378 914 562 
645 278 391 
912 365 748 
===========
123 457 689 
456 189 273 
789 632 154 

297 541 836 
564 893 712 
831 726 945 

378 965 421 
645 218 397 
912 374 568 
===========
123 457 689 
456 189 273 
789 632 154 

297 541 836 
564 893 712 
831 726 945 

378 964 521 
645 218 397 
912 375 468 
===========
123 457 689 
456 189 273 
789 632 154 

297 541 836 
564 893 721 
831 726 945 

378 965 412 
645 218 397 
912 374 568 
===========
123 457 689 
456 189 273 
789 632 154 

297 541 836 
564 893 721 
831 726 945 

378 964 512 
645 218 397 
912 375 468 
===========
123 457 689 
456 189 273 
789 632 154 

297 543 816 
564 891 327 
831 726 495 

378 914 562 
645 278 931 
912 365 748 
===========
123 457 689 
456 189 273 
789 632 154 

297 543 816 
564 821 397 
831 796 425 

378 914 562 
645 278 931 
912 365 748 
===========
123 457 689 
456 189 273 
789 632 154 

297 543 816 
564 821 937 
831 796 425 

378 914 562 
645 278 391 
912 365 748 
===========
123 457 689 
456 189 273 
789 632 154 

297 543 816 
564 891 732 
831 726 945 

378 965 421 
645 218 397 
912 374 568 
===========
123 457 689 
456 189 273 
789 632 154 

297 543 816 
564 891 732 
831 726 945 

378 964 521 
645 218 397 
912 375 468 
===========
123 457 689 
456 189 273 
789 632 154 

297 561 348 
564 893 712 
831 724 596 

378 916 425 
645 278 931 
912 345 867 
===========
123 457 689 
456 189 273 
789 632 154 

297 561 438 
564 893 712 
831 724 965 

378 946 521 
645 218 397 
912 375 846 
===========
123 457 689 
456 189 273 
789 632 154 

297 561 438 
564 893 721 
831 724 965 

378 946 512 
645 218 397 
912 375 846 
===========
123 457 689 
456 189 273 
789 632 154 

297 563 418 
564 891 732 
831 724 965 

378 946 521 
645 218 397 
912 375 846 
===========
123 457 689 
456 189 273 
789 632 154 

297 814 536 
564 973 812 
831 526 497 

378 261 945 
645 798 321 
912 345 768 
===========
123 457 689 
456 189 273 
789 632 154 

297 814 536 
564 973 812 
831 526 947 

378 261 495 
645 798 321 
912 345 768 
===========
123 457 689 
456 189 273 
789 632 154 

297 814 536 
564 973 812 
831 526 497 

378 265 941 
645 791 328 
912 348 765 
===========
123 457 689 
456 189 273 
789 632 154 

297 814 536 
564 973 812 
831 526 947 

378 265 491 
645 791 328 
912 348 765 
===========
123 457 689 
456 189 273 
789 632 154 

297 814 536 
564 973 821 
831 526 497 

378 261 945 
645 798 312 
912 345 768 
===========
123 457 689 
456 189 273 
789 632 154 

297 814 536 
564 973 821 
831 526 947 

378 261 495 
645 798 312 
912 345 768 
===========
123 457 689 
456 189 273 
789 632 154 

297 814 536 
564 923 718 
831 576 492 

378 261 945 
645 798 321 
912 345 867 
===========
123 457 689 
456 189 273 
789 632 154 

297 814 536 
564 923 718 
831 576 942 

378 261 495 
645 798 321 
912 345 867 
===========
123 457 689 
456 189 273 
789 632 154 

297 814 536 
564 923 817 
831 576 492 

378 261 945 
645 798 321 
912 345 768 
===========
123 457 689 
456 189 273 
789 632 154 

297 814 536 
564 923 817 
831 576 942 

378 261 495 
645 798 321 
912 345 768 
===========
123 457 689 
456 189 273 
789 632 154 

297 814 536 
564 923 817 
831 576 492 

378 265 941 
645 791 328 
912 348 765 
===========
123 457 689 
456 189 273 
789 632 154 

297 814 536 
564 923 817 
831 576 942 

378 265 491 
645 791 328 
912 348 765 
===========
123 457 689 
456 189 273 
789 632 154 

297 814 536 
564 973 812 
831 526 497 

378 241 965 
645 798 321 
912 365 748 
===========
123 457 689 
456 189 273 
789 632 154 

297 814 536 
564 973 812 
831 526 497 

378 245 961 
645 791 328 
912 368 745 
===========
123 457 689 
456 189 273 
789 632 154 

297 814 536 
564 973 821 
831 526 497 

378 241 965 
645 798 312 
912 365 748 
===========
123 457 689 
456 189 273 
789 632 154 

297 814 536 
564 923 718 
831 576 492 

378 241 965 
645 798 321 
912 365 847 
===========
123 457 689 
456 189 273 
789 632 154 

297 814 536 
564 923 817 
831 576 492 

378 241 965 
645 798 321 
912 365 748 
===========
123 457 689 
456 189 273 
789 632 154 

297 814 536 
564 923 817 
831 576 492 

378 245 961 
645 791 328 
912 368 745 
===========
123 457 689 
456 189 273 
789 632 154 

297 816 345 
564 923 718 
831 574 926 

378 265 491 
645 791 832 
912 348 567 
===========
123 457 689 
456 189 273 
789 632 154 

297 816 435 
564 973 812 
831 524 796 

378 265 941 
645 791 328 
912 348 567 
===========
123 457 689 
456 189 273 
789 632 154 

297 816 435 
564 973 812 
831 524 967 

378 241 596 
645 798 321 
912 365 748 
===========
123 457 689 
456 189 273 
789 632 154 

297 816 435 
564 973 812 
831 524 796 

378 245 961 
645 791 328 
912 368 547 
===========
123 457 689 
456 189 273 
789 632 154 

297 816 435 
564 973 821 
831 524 967 

378 241 596 
645 798 312 
912 365 748 
===========
123 457 689 
456 189 273 
789 632 154 

297 816 435 
564 923 718 
831 574 962 

378 241 596 
645 798 321 
912 365 847 
===========
123 457 689 
456 189 273 
789 632 154 

297 816 435 
564 923 817 
831 574 962 

378 241 596 
645 798 321 
912 365 748 
===========
123 457 689 
456 189 273 
789 632 154 

297 841 365 
564 973 821 
831 526 497 

378 294 516 
645 718 932 
912 365 748 
===========
123 457 689 
456 189 273 
789 632 154 

297 841 536 
564 973 812 
831 526 497 

378 214 965 
645 798 321 
912 365 748 
===========
123 457 689 
456 189 273 
789 632 154 

297 841 536 
564 973 821 
831 526 497 

378 214 965 
645 798 312 
912 365 748 
===========
123 457 689 
456 189 273 
789 632 154 

297 841 536 
564 923 718 
831 576 492 

378 214 965 
645 798 321 
912 365 847 
===========
123 457 689 
456 189 273 
789 632 154 

297 841 536 
564 923 817 
831 576 492 

378 214 965 
645 798 321 
912 365 748 
===========
123 457 689 
456 189 273 
789 632 154 

297 843 516 
564 971 832 
831 526 497 

378 214 965 
645 798 321 
912 365 748 
===========
123 457 689 
456 189 273 
789 632 154 

297 843 516 
564 921 738 
831 576 492 

378 214 965 
645 798 321 
912 365 847 
===========
123 457 689 
456 189 273 
789 632 154 

297 843 516 
564 921 837 
831 576 492 

378 214 965 
645 798 321 
912 365 748 
===========
123 457 689 
456 189 273 
789 632 154 

297 861 435 
564 923 718 
831 574 926 

378 296 541 
645 718 392 
912 345 867 
===========
123 457 689 
456 189 273 
789 632 154 

297 861 435 
564 923 817 
831 574 926 

378 296 541 
645 718 392 
912 345 768 
===========
123 457 689 
456 189 273 
789 632 154 

297 863 415 
564 971 328 
831 524 796 

378 296 541 
645 718 932 
912 345 867 
===========
123 457 689 
456 189 273 
789 632 154 

297 863 415 
564 921 738 
831 574 926 

378 296 541 
645 718 392 
912 345 867 
===========
123 457 689 
456 189 273 
789 632 154 

297 863 415 
564 921 837 
831 574 926 

378 296 541 
645 718 392 
912 345 768 
===========
123 457 689 
456 189 273 
789 632 154 

297 863 541 
564 971 328 
831 524 796 

378 296 415 
645 718 932 
912 345 867 
===========
123 457 689 
456 189 273 
789 632 154 

297 863 541 
564 921 738 
831 574 926 

378 296 415 
645 718 392 
912 345 867 
===========
123 457 689 
456 189 273 
789 632 154 

297 863 541 
564 921 837 
831 574 926 

378 296 415 
645 718 392 
912 345 768 
===========
123 457 689 
456 189 273 
789 632 154 

297 863 541 
564 921 738 
831 574 926 

378 216 495 
645 798 312 
912 345 867 
===========
123 457 689 
456 189 273 
789 632 154 

297 863 541 
564 921 837 
831 574 926 

378 216 495 
645 798 312 
912 345 768 
===========
123 457 689 
456 189 273 
789 632 154 

297 514 368 
564 823 791 
831 976 425 

378 245 916 
645 791 832 
912 368 547 
===========
123 457 689 
456 189 273 
789 632 154 

297 514 836 
564 873 912 
831 926 547 

378 261 495 
645 798 321 
912 345 768 
===========
123 457 689 
456 189 273 
789 632 154 

297 514 836 
564 873 912 
831 926 547 

378 265 491 
645 791 328 
912 348 765 
===========
123 457 689 
456 189 273 
789 632 154 

297 514 836 
564 873 912 
831 926 745 

378 265 491 
645 791 328 
912 348 567 
===========
123 457 689 
456 189 273 
789 632 154 

297 514 836 
564 873 921 
831 926 547 

378 261 495 
645 798 312 
912 345 768 
===========
123 457 689 
456 189 273 
789 632 154 

297 514 836 
564 823 917 
831 976 542 

378 261 495 
645 798 321 
912 345 768 
===========
123 457 689 
456 189 273 
789 632 154 

297 514 836 
564 823 917 
831 976 542 

378 265 491 
645 791 328 
912 348 765 
===========
123 457 689 
456 189 273 
789 632 154 

297 516 348 
564 823 917 
831 974 526 

378 265 491 
645 791 832 
912 348 765 
===========
123 457 689 
456 189 273 
789 632 154 

297 516 438 
564 823 791 
831 974 526 

378 261 945 
645 798 312 
912 345 867 
===========
123 457 689 
456 189 273 
789 632 154 

297 516 438 
564 873 912 
831 924 765 

378 241 596 
645 798 321 
912 365 847 
===========
123 457 689 
456 189 273 
789 632 154 

297 516 438 
564 873 921 
831 924 765 

378 241 596 
645 798 312 
912 365 847 
===========
123 457 689 
456 189 273 
789 632 154 

297 516 438 
564 823 791 
831 974 526 

378 241 965 
645 798 312 
912 365 847 
===========
123 457 689 
456 189 273 
789 632 154 

297 541 368 
564 823 791 
831 976 425 

378 294 516 
645 718 932 
912 365 847 
===========
123 457 689 
456 189 273 
789 632 154 

297 541 836 
564 823 917 
831 976 425 

378 294 561 
645 718 392 
912 365 748 
===========
123 457 689 
456 189 273 
789 632 154 

297 543 816 
564 821 397 
831 976 425 

378 294 561 
645 718 932 
912 365 748 
===========
123 457 689 
456 189 273 
789 632 154 

297 543 816 
564 821 937 
831 976 425 

378 294 561 
645 718 392 
912 365 748 
===========
123 457 689 
456 189 273 
789 632 154 

297 543 861 
564 821 397 
831 976 425 

378 294 516 
645 718 932 
912 365 748 
===========
123 457 689 
456 189 273 
789 632 154 

297 543 861 
564 821 937 
831 976 425 

378 294 516 
645 718 392 
912 365 748 
===========
123 457 689 
456 189 273 
789 632 154 

297 543 861 
564 821 937 
831 976 425 

378 214 596 
645 798 312 
912 365 748 
===========
123 457 689 
456 189 273 
789 632 154 

297 561 348 
564 823 791 
831 974 526 

378 296 415 
645 718 932 
912 345 867 
===========
123 457 689 
456 189 273 
789 632 154 

297 561 438 
564 823 791 
831 974 526 

378 216 945 
645 798 312 
912 345 867 
===========
123 457 689 
456 189 273 
789 632 154 

297 563 841 
564 821 397 
831 974 526 

378 296 415 
645 718 932 
912 345 768 
===========
123 457 689 
456 189 273 
789 632 154 

297 563 841 
564 821 937 
831 974 526 

378 296 415 
645 718 392 
912 345 768 
===========
123 457 689 
456 189 273 
789 632 154 

297 563 841 
564 821 937 
831 974 526 

378 216 495 
645 798 312 
912 345 768 
===========
123 457 689 
456 189 273 
789 632 154 

297 814 536 
564 973 812 
831 265 947 

378 596 421 
645 721 398 
912 348 765 
===========
123 457 689 
456 189 273 
789 632 154 

297 814 536 
564 973 821 
831 265 947 

378 596 412 
645 721 398 
912 348 765 
===========
123 457 689 
456 189 273 
789 632 154 

297 814 536 
564 973 812 
831 265 497 

378 526 941 
645 791 328 
912 348 765 
===========
123 457 689 
456 189 273 
789 632 154 

297 814 536 
564 973 812 
831 265 947 

378 526 491 
645 791 328 
912 348 765 
===========
123 457 689 
456 189 273 
789 632 154 

297 815 346 
564 973 812 
831 264 597 

378 596 421 
645 721 938 
912 348 765 
===========
123 457 689 
456 189 273 
789 632 154 

297 815 346 
564 973 812 
831 264 795 

378 596 421 
645 721 938 
912 348 567 
===========
123 457 689 
456 189 273 
789 632 154 

297 815 346 
564 973 821 
831 264 597 

378 596 412 
645 721 938 
912 348 765 
===========
123 457 689 
456 189 273 
789 632 154 

297 815 346 
564 973 821 
831 264 795 

378 596 412 
645 721 938 
912 348 567 
===========
123 457 689 
456 189 273 
789 632 154 

297 815 436 
564 973 812 
831 264 597 

378 526 941 
645 791 328 
912 348 765 
===========
123 457 689 
456 189 273 
789 632 154 

297 815 436 
564 973 812 
831 264 795 

378 526 941 
645 791 328 
912 348 567 
===========
123 457 689 
456 189 273 
789 632 154 

297 815 436 
564 973 812 
831 246 597 

378 524 961 
645 791 328 
912 368 745 
===========
123 457 689 
456 189 273 
789 632 154 

297 815 436 
564 973 812 
831 246 795 

378 524 961 
645 791 328 
912 368 547 
===========
123 457 689 
456 189 273 
789 632 154 

297 816 435 
564 973 812 
831 245 796 

378 524 961 
645 791 328 
912 368 547 
===========
123 457 689 
456 189 273 
789 632 154 

297 845 316 
564 913 728 
831 276 495 

378 524 961 
645 791 832 
912 368 547 
===========
123 457 689 
456 189 273 
789 632 154 

297 845 361 
564 913 728 
831 276 495 

378 524 916 
645 791 832 
912 368 547 
===========
123 457 689 
456 189 273 
789 632 154 

297 846 315 
564 913 728 
831 275 496 

378 524 961 
645 791 832 
912 368 547 
===========
123 457 689 
456 189 273 
789 632 154 

297 864 315 
564 913 728 
831 275 496 

378 526 941 
645 791 832 
912 348 567 
===========
123 457 689 
456 189 273 
789 632 154 

297 864 315 
564 913 728 
831 275 946 

378 526 491 
645 791 832 
912 348 567 
===========
123 457 689 
456 189 273 
789 632 154 

297 864 531 
564 913 827 
831 275 946 

378 596 412 
645 721 398 
912 348 765 
===========
