123 457 689 
456 189 273 
789 632 514 

297 843 156 
564 921 738 
831 765 942 

378 596 421 
645 218 397 
912 374 865 
===========
123 457 689 
456 189 273 
789 632 514 

297 843 165 
564 921 738 
831 765 942 

378 596 421 
645 218 397 
912 374 856 
===========
123 457 689 
456 189 273 
789 632 514 

297 845 136 
564 913 728 
831 726 945 

378 591 462 
645 278 391 
912 364 857 
===========
123 457 689 
456 189 273 
789 632 514 

297 845 136 
564 913 827 
831 726 945 

378 591 462 
645 278 391 
912 364 758 
===========
123 457 689 
456 189 273 
789 632 514 

297 845 361 
564 913 728 
831 726 495 

378 561 942 
645 298 137 
912 374 856 
===========
123 457 689 
456 189 273 
789 632 514 

297 845 361 
564 913 728 
831 726 945 

378 561 492 
645 298 137 
912 374 856 
===========
123 457 689 
456 189 273 
789 632 514 

297 845 361 
564 913 728 
831 726 945 

378 564 192 
645 291 837 
912 378 456 
===========
123 457 689 
456 189 273 
789 632 514 

297 845 361 
564 913 827 
831 726 945 

378 564 192 
645 291 738 
912 378 456 
===========
123 457 689 
456 189 273 
789 632 514 

297 846 135 
564 913 728 
831 725 946 

378 591 462 
645 278 391 
912 364 857 
===========
123 457 689 
456 189 273 
789 632 514 

297 846 135 
564 913 827 
831 725 946 

378 591 462 
645 278 391 
912 364 758 
===========
123 457 689 
456 189 273 
789 632 514 

297 846 351 
564 913 827 
831 725 496 

378 594 162 
645 271 938 
912 368 745 
===========
123 457 689 
456 189 273 
789 632 514 

297 846 351 
564 913 728 
831 725 496 

378 561 942 
645 298 137 
912 374 865 
===========
123 457 689 
456 189 273 
789 632 514 

297 846 351 
564 913 728 
831 725 946 

378 561 492 
645 298 137 
912 374 865 
===========
123 457 689 
456 189 273 
789 632 514 

297 846 351 
564 913 728 
831 725 946 

378 564 192 
645 291 837 
912 378 465 
===========
123 457 689 
456 189 273 
789 632 514 

297 846 351 
564 913 827 
831 725 946 

378 564 192 
645 291 738 
912 378 465 
===========
123 457 689 
456 189 273 
789 632 514 

297 863 145 
564 921 738 
831 745 962 

378 596 421 
645 218 397 
912 374 856 
===========
123 457 689 
456 189 273 
789 632 514 

297 863 451 
564 921 738 
831 745 926 

378 596 142 
645 218 397 
912 374 865 
===========
123 457 689 
456 189 273 
789 632 514 

297 863 451 
564 921 738 
831 745 926 

378 594 162 
645 218 397 
912 376 845 
===========
123 457 689 
456 189 273 
789 632 514 

297 863 451 
564 921 738 
831 745 962 

378 594 126 
645 218 397 
912 376 845 
===========
123 457 689 
456 189 273 
789 632 514 

297 864 135 
564 913 728 
831 725 946 

378 591 462 
645 278 391 
912 346 857 
===========
123 457 689 
456 189 273 
789 632 514 

297 864 135 
564 913 827 
831 725 946 

378 591 462 
645 278 391 
912 346 758 
===========
123 457 689 
456 189 273 
789 632 514 

297 864 351 
564 913 827 
831 725 496 

378 596 142 
645 271 938 
912 348 765 
===========
123 457 689 
456 189 273 
789 632 514 

297 864 351 
564 913 728 
831 725 496 

378 541 962 
645 298 137 
912 376 845 
===========
123 457 689 
456 189 273 
789 632 514 

297 864 351 
564 913 728 
831 725 946 

378 546 192 
645 291 837 
912 378 465 
===========
123 457 689 
456 189 273 
789 632 514 

297 864 351 
564 913 827 
831 725 946 

378 546 192 
645 291 738 
912 378 465 
===========
123 457 689 
456 189 273 
789 632 514 

297 865 341 
564 913 728 
831 724 956 

378 546 192 
645 291 837 
912 378 465 
===========
123 457 689 
456 189 273 
789 632 514 

297 865 341 
564 913 728 
831 724 965 

378 546 192 
645 291 837 
912 378 456 
===========
123 457 689 
456 189 273 
789 632 514 

297 865 341 
564 913 827 
831 724 956 

378 546 192 
645 291 738 
912 378 465 
===========
123 457 689 
456 189 273 
789 632 514 

297 865 341 
564 913 827 
831 724 965 

378 546 192 
645 291 738 
912 378 456 
===========
123 457 689 
456 189 273 
789 632 514 

297 865 431 
564 913 827 
831 724 956 

378 596 142 
645 271 398 
912 348 765 
===========
123 457 689 
456 189 273 
789 632 514 

297 865 431 
564 913 827 
831 724 965 

378 596 142 
645 271 398 
912 348 756 
===========
123 457 689 
456 189 273 
789 632 514 

297 814 356 
564 723 891 
831 965 427 

378 596 142 
645 271 938 
912 348 765 
===========
123 457 689 
456 189 273 
789 632 514 

297 814 356 
564 723 198 
831 965 427 

378 541 962 
645 298 731 
912 376 845 
===========
123 457 689 
456 189 273 
789 632 514 

297 814 356 
564 723 198 
831 965 742 

378 546 921 
645 291 837 
912 378 465 
===========
123 457 689 
456 189 273 
789 632 514 

297 814 365 
564 723 198 
831 965 742 

378 591 426 
645 278 931 
912 346 857 
===========
123 457 689 
456 189 273 
789 632 514 

297 814 365 
564 723 891 
831 965 427 

378 596 142 
645 271 938 
912 348 756 
===========
123 457 689 
456 189 273 
789 632 514 

297 814 365 
564 723 198 
831 965 742 

378 546 921 
645 291 837 
912 378 456 
===========
123 457 689 
456 189 273 
789 632 514 

297 814 365 
564 723 891 
831 965 742 

378 541 926 
645 298 137 
912 376 458 
===========
123 457 689 
456 189 273 
789 632 514 

297 815 346 
564 723 198 
831 964 725 

378 591 462 
645 278 931 
912 346 857 
===========
123 457 689 
456 189 273 
789 632 514 

297 815 346 
564 723 198 
831 946 725 

378 591 462 
645 278 931 
912 364 857 
===========
123 457 689 
456 189 273 
789 632 514 

297 815 346 
564 723 891 
831 946 725 

378 594 162 
645 271 938 
912 368 457 
===========
123 457 689 
456 189 273 
789 632 514 

297 815 346 
564 723 198 
831 964 752 

378 546 921 
645 291 837 
912 378 465 
===========
123 457 689 
456 189 273 
789 632 514 

297 815 346 
564 723 891 
831 964 725 

378 541 962 
645 298 137 
912 376 458 
===========
123 457 689 
456 189 273 
789 632 514 

297 815 346 
564 723 198 
831 946 752 

378 564 921 
645 291 837 
912 378 465 
===========
123 457 689 
456 189 273 
789 632 514 

297 816 345 
564 723 198 
831 945 726 

378 591 462 
645 278 931 
912 364 857 
===========
123 457 689 
456 189 273 
789 632 514 

297 816 345 
564 723 198 
831 945 762 

378 591 426 
645 278 931 
912 364 857 
===========
123 457 689 
456 189 273 
789 632 514 

297 816 345 
564 723 891 
831 945 726 

378 594 162 
645 271 938 
912 368 457 
===========
123 457 689 
456 189 273 
789 632 514 

297 816 345 
564 723 891 
831 945 762 

378 594 126 
645 271 938 
912 368 457 
===========
123 457 689 
456 189 273 
789 632 514 

297 816 345 
564 723 198 
831 945 762 

378 564 921 
645 291 837 
912 378 456 
===========
123 457 689 
456 189 273 
789 632 514 

297 841 356 
564 723 198 
831 965 742 

378 596 421 
645 218 937 
912 374 865 
===========
123 457 689 
456 189 273 
789 632 514 

297 841 356 
564 723 198 
831 965 427 

378 516 942 
645 298 731 
912 374 865 
===========
123 457 689 
456 189 273 
789 632 514 

297 841 356 
564 723 198 
831 965 427 

378 514 962 
645 298 731 
912 376 845 
===========
123 457 689 
456 189 273 
789 632 514 

297 841 365 
564 723 198 
831 965 742 

378 596 421 
645 218 937 
912 374 856 
===========
123 457 689 
456 189 273 
789 632 514 

297 841 365 
564 723 891 
831 965 742 

378 594 126 
645 218 937 
912 376 458 
===========
123 457 689 
456 189 273 
789 632 514 

297 841 365 
564 723 198 
831 965 427 

378 516 942 
645 298 731 
912 374 856 
===========
123 457 689 
456 189 273 
789 632 514 

297 841 365 
564 723 891 
831 965 742 

378 514 926 
645 298 137 
912 376 458 
===========
123 457 689 
456 189 273 
789 632 514 

297 843 156 
564 721 398 
831 965 742 

378 596 421 
645 218 937 
912 374 865 
===========
123 457 689 
456 189 273 
789 632 514 

297 843 156 
564 721 938 
831 965 742 

378 596 421 
645 218 397 
912 374 865 
===========
123 457 689 
456 189 273 
789 632 514 

297 843 156 
564 721 398 
831 965 427 

378 516 942 
645 298 731 
912 374 865 
===========
123 457 689 
456 189 273 
789 632 514 

297 843 156 
564 721 398 
831 965 427 

378 514 962 
645 298 731 
912 376 845 
===========
123 457 689 
456 189 273 
789 632 514 

297 843 165 
564 721 398 
831 965 742 

378 596 421 
645 218 937 
912 374 856 
===========
123 457 689 
456 189 273 
789 632 514 

297 843 165 
564 721 938 
831 965 742 

378 596 421 
645 218 397 
912 374 856 
===========
123 457 689 
456 189 273 
789 632 514 

297 843 165 
564 721 398 
831 965 427 

378 516 942 
645 298 731 
912 374 856 
===========
123 457 689 
456 189 273 
789 632 514 

297 845 136 
564 713 928 
831 926 745 

378 591 462 
645 278 391 
912 364 857 
===========
123 457 689 
456 189 273 
789 632 514 

297 845 361 
564 713 892 
831 926 457 

378 594 126 
645 271 938 
912 368 745 
===========
123 457 689 
456 189 273 
789 632 514 

297 845 361 
564 713 892 
831 926 745 

378 594 126 
645 271 938 
912 368 457 
===========
123 457 689 
456 189 273 
789 632 514 

297 845 361 
564 713 928 
831 926 745 

378 561 492 
645 298 137 
912 374 856 
===========
123 457 689 
456 189 273 
789 632 514 

297 845 361 
564 713 928 
831 926 745 

378 564 192 
645 291 837 
912 378 456 
===========
123 457 689 
456 189 273 
789 632 514 

297 846 135 
564 713 928 
831 925 746 

378 591 462 
645 278 391 
912 364 857 
===========
123 457 689 
456 189 273 
789 632 514 

297 846 351 
564 713 892 
831 925 467 

378 594 126 
645 271 938 
912 368 745 
===========
123 457 689 
456 189 273 
789 632 514 

297 846 351 
564 713 928 
831 925 746 

378 561 492 
645 298 137 
912 374 865 
===========
123 457 689 
456 189 273 
789 632 514 

297 846 351 
564 713 928 
831 925 746 

378 564 192 
645 291 837 
912 378 465 
===========
123 457 689 
456 189 273 
789 632 514 

297 861 345 
564 723 198 
831 945 762 

378 596 421 
645 218 937 
912 374 856 
===========
123 457 689 
456 189 273 
789 632 514 

297 861 345 
564 723 891 
831 945 726 

378 594 162 
645 218 937 
912 376 458 
===========
123 457 689 
456 189 273 
789 632 514 

297 861 345 
564 723 891 
831 945 762 

378 594 126 
645 218 937 
912 376 458 
===========
123 457 689 
456 189 273 
789 632 514 

297 861 345 
564 723 891 
831 945 726 

378 514 962 
645 298 137 
912 376 458 
===========
123 457 689 
456 189 273 
789 632 514 

297 861 345 
564 723 891 
831 945 762 

378 514 926 
645 298 137 
912 376 458 
===========
123 457 689 
456 189 273 
789 632 514 

297 863 145 
564 721 398 
831 945 762 

378 596 421 
645 218 937 
912 374 856 
===========
123 457 689 
456 189 273 
789 632 514 

297 863 145 
564 721 938 
831 945 762 

378 596 421 
645 218 397 
912 374 856 
===========
123 457 689 
456 189 273 
789 632 514 

297 863 451 
564 721 398 
831 945 726 

378 596 142 
645 218 937 
912 374 865 
===========
123 457 689 
456 189 273 
789 632 514 

297 863 451 
564 721 398 
831 945 726 

378 594 162 
645 218 937 
912 376 845 
===========
123 457 689 
456 189 273 
789 632 514 

297 863 451 
564 721 398 
831 945 762 

378 594 126 
645 218 937 
912 376 845 
===========
123 457 689 
456 189 273 
789 632 514 

297 863 451 
564 721 938 
831 945 726 

378 596 142 
645 218 397 
912 374 865 
===========
123 457 689 
456 189 273 
789 632 514 

297 863 451 
564 721 938 
831 945 726 

378 594 162 
645 218 397 
912 376 845 
===========
123 457 689 
456 189 273 
789 632 514 

297 863 451 
564 721 938 
831 945 762 

378 594 126 
645 218 397 
912 376 845 
===========
123 457 689 
456 189 273 
789 632 514 

297 863 451 
564 721 398 
831 945 726 

378 516 942 
645 298 137 
912 374 865 
===========
123 457 689 
456 189 273 
789 632 514 

297 863 451 
564 721 398 
831 945 726 

378 514 962 
645 298 137 
912 376 845 
===========
123 457 689 
456 189 273 
789 632 514 

297 863 451 
564 721 398 
831 945 762 

378 514 926 
645 298 137 
912 376 845 
===========
123 457 689 
456 189 273 
789 632 514 

297 864 135 
564 713 928 
831 925 746 

378 591 462 
645 278 391 
912 346 857 
===========
123 457 689 
456 189 273 
789 632 514 

297 864 351 
564 713 928 
831 925 746 

378 546 192 
645 291 837 
912 378 465 
===========
123 457 689 
456 189 273 
789 632 514 

297 865 341 
564 713 892 
831 924 765 

378 541 926 
645 298 137 
912 376 458 
===========
123 457 689 
456 189 273 
789 632 514 

297 865 341 
564 713 928 
831 924 756 

378 546 192 
645 291 837 
912 378 465 
===========
123 457 689 
456 189 273 
789 632 514 

297 865 341 
564 713 928 
831 924 765 

378 546 192 
645 291 837 
912 378 456 
===========
123 457 689 
456 189 273 
789 632 514 

297 814 356 
564 793 821 
831 526 497 

378 965 142 
645 271 938 
912 348 765 
===========
123 457 689 
456 189 273 
789 632 514 

297 814 356 
564 723 198 
831 596 742 

378 961 425 
645 278 931 
912 345 867 
===========
123 457 689 
456 189 273 
789 632 514 

297 814 356 
564 723 891 
831 596 427 

378 965 142 
645 271 938 
912 348 765 
===========
123 457 689 
456 189 273 
789 632 514 

297 814 356 
564 793 821 
831 526 497 

378 945 162 
645 271 938 
912 368 745 
===========
123 457 689 
456 189 273 
789 632 514 

297 814 356 
564 723 891 
831 596 427 

378 945 162 
645 271 938 
912 368 745 
===========
123 457 689 
456 189 273 
789 632 514 

297 814 365 
564 793 821 
831 526 497 

378 965 142 
645 271 938 
912 348 756 
===========
123 457 689 
456 189 273 
789 632 514 

297 814 365 
564 723 891 
831 596 427 

378 965 142 
645 271 938 
912 348 756 
===========
123 457 689 
456 189 273 
789 632 514 

297 814 365 
564 723 891 
831 596 742 

378 945 126 
645 271 938 
912 368 457 
===========
123 457 689 
456 189 273 
789 632 514 

297 816 345 
564 793 128 
831 524 796 

378 961 452 
645 278 931 
912 345 867 
===========
123 457 689 
456 189 273 
789 632 514 

297 816 345 
564 723 198 
831 594 726 

378 961 452 
645 278 931 
912 345 867 
===========
123 457 689 
456 189 273 
789 632 514 

297 816 345 
564 793 821 
831 524 796 

378 945 162 
645 271 938 
912 368 457 
===========
123 457 689 
456 189 273 
789 632 514 

297 816 345 
564 723 891 
831 594 726 

378 945 162 
645 271 938 
912 368 457 
===========
123 457 689 
456 189 273 
789 632 514 

297 816 345 
564 723 891 
831 594 762 

378 945 126 
645 271 938 
912 368 457 
===========
123 457 689 
456 189 273 
789 632 514 

297 816 435 
564 793 821 
831 524 967 

378 965 142 
645 271 398 
912 348 756 
===========
123 457 689 
456 189 273 
789 632 514 

297 841 356 
564 723 198 
831 596 742 

378 965 421 
645 218 937 
912 374 865 
===========
123 457 689 
456 189 273 
789 632 514 

297 841 356 
564 723 891 
831 596 742 

378 964 125 
645 218 937 
912 375 468 
===========
123 457 689 
456 189 273 
789 632 514 

297 841 365 
564 723 198 
831 596 742 

378 915 426 
645 278 931 
912 364 857 
===========
123 457 689 
456 189 273 
789 632 514 

297 841 365 
564 723 198 
831 596 742 

378 965 421 
645 218 937 
912 374 856 
===========
123 457 689 
456 189 273 
789 632 514 

297 843 156 
564 721 398 
831 596 742 

378 965 421 
645 218 937 
912 374 865 
===========
123 457 689 
456 189 273 
789 632 514 

297 843 156 
564 721 938 
831 596 742 

378 965 421 
645 218 397 
912 374 865 
===========
123 457 689 
456 189 273 
789 632 514 

297 843 165 
564 791 832 
831 526 947 

378 915 426 
645 278 391 
912 364 758 
===========
123 457 689 
456 189 273 
789 632 514 

297 843 165 
564 721 398 
831 596 742 

378 915 426 
645 278 931 
912 364 857 
===========
123 457 689 
456 189 273 
789 632 514 

297 843 165 
564 721 938 
831 596 742 

378 915 426 
645 278 391 
912 364 857 
===========
123 457 689 
456 189 273 
789 632 514 

297 843 165 
564 721 398 
831 596 742 

378 965 421 
645 218 937 
912 374 856 
===========
123 457 689 
456 189 273 
789 632 514 

297 843 165 
564 721 938 
831 596 742 

378 965 421 
645 218 397 
912 374 856 
===========
123 457 689 
456 189 273 
789 632 514 

297 861 345 
564 793 128 
831 524 796 

378 916 452 
645 278 931 
912 345 867 
===========
123 457 689 
456 189 273 
789 632 514 

297 861 345 
564 793 128 
831 524 796 

378 915 462 
645 278 931 
912 346 857 
===========
123 457 689 
456 189 273 
789 632 514 

297 861 345 
564 723 198 
831 594 726 

378 916 452 
645 278 931 
912 345 867 
===========
123 457 689 
456 189 273 
789 632 514 

297 861 345 
564 723 198 
831 594 726 

378 915 462 
645 278 931 
912 346 857 
===========
123 457 689 
456 189 273 
789 632 514 

297 861 345 
564 723 198 
831 594 762 

378 915 426 
645 278 931 
912 346 857 
===========
123 457 689 
456 189 273 
789 632 514 

297 861 345 
564 793 821 
831 524 796 

378 946 152 
645 218 937 
912 375 468 
===========
123 457 689 
456 189 273 
789 632 514 

297 861 345 
564 793 821 
831 524 796 

378 945 162 
645 218 937 
912 376 458 
===========
123 457 689 
456 189 273 
789 632 514 

297 861 345 
564 723 891 
831 594 726 

378 946 152 
645 218 937 
912 375 468 
===========
123 457 689 
456 189 273 
789 632 514 

297 861 345 
564 723 891 
831 594 726 

378 945 162 
645 218 937 
912 376 458 
===========
123 457 689 
456 189 273 
789 632 514 

297 861 345 
564 723 891 
831 594 762 

378 945 126 
645 218 937 
912 376 458 
===========
123 457 689 
456 189 273 
789 632 514 

297 863 145 
564 791 328 
831 524 796 

378 916 452 
645 278 931 
912 345 867 
===========
123 457 689 
456 189 273 
789 632 514 

297 863 145 
564 791 328 
831 524 796 

378 915 462 
645 278 931 
912 346 857 
===========
123 457 689 
456 189 273 
789 632 514 

297 863 145 
564 791 832 
831 524 967 

378 915 426 
645 278 391 
912 346 758 
===========
123 457 689 
456 189 273 
789 632 514 

297 863 145 
564 721 398 
831 594 726 

378 916 452 
645 278 931 
912 345 867 
===========
123 457 689 
456 189 273 
789 632 514 

297 863 145 
564 721 398 
831 594 726 

378 915 462 
645 278 931 
912 346 857 
===========
123 457 689 
456 189 273 
789 632 514 

297 863 145 
564 721 398 
831 594 762 

378 915 426 
645 278 931 
912 346 857 
===========
123 457 689 
456 189 273 
789 632 514 

297 863 145 
564 721 938 
831 594 726 

378 916 452 
645 278 391 
912 345 867 
===========
123 457 689 
456 189 273 
789 632 514 

297 863 145 
564 721 938 
831 594 726 

378 915 462 
645 278 391 
912 346 857 
===========
123 457 689 
456 189 273 
789 632 514 

297 863 145 
564 721 938 
831 594 762 

378 915 426 
645 278 391 
912 346 857 
===========
123 457 689 
456 189 273 
789 632 514 

297 863 451 
564 791 328 
831 524 796 

378 945 162 
645 218 937 
912 376 845 
===========
123 457 689 
456 189 273 
789 632 514 

297 863 451 
564 721 398 
831 594 762 

378 946 125 
645 218 937 
912 375 846 
===========
123 457 689 
456 189 273 
789 632 514 

297 863 451 
564 721 398 
831 594 726 

378 945 162 
645 218 937 
912 376 845 
===========
123 457 689 
456 189 273 
789 632 514 

297 863 451 
564 721 398 
831 594 762 

378 945 126 
645 218 937 
912 376 845 
===========
123 457 689 
456 189 273 
789 632 514 

297 863 451 
564 721 938 
831 594 762 

378 946 125 
645 218 397 
912 375 846 
===========
123 457 689 
456 189 273 
789 632 514 

297 863 451 
564 721 938 
831 594 726 

378 945 162 
645 218 397 
912 376 845 
===========
123 457 689 
456 189 273 
789 632 514 

297 863 451 
564 721 938 
831 594 762 

378 945 126 
645 218 397 
912 376 845 
===========
123 457 689 
456 189 273 
789 632 514 

297 514 836 
564 893 127 
831 726 945 

378 961 452 
645 278 391 
912 345 768 
===========
123 457 689 
456 189 273 
789 632 514 

297 514 836 
564 893 721 
831 726 945 

378 945 162 
645 271 398 
912 368 457 
===========
123 457 689 
456 189 273 
789 632 514 

297 541 368 
564 893 721 
831 726 495 

378 965 142 
645 218 937 
912 374 856 
===========
123 457 689 
456 189 273 
789 632 514 

297 541 368 
564 893 721 
831 726 495 

378 964 152 
645 218 937 
912 375 846 
===========
123 457 689 
456 189 273 
789 632 514 

297 541 368 
564 823 791 
831 796 425 

378 965 142 
645 218 937 
912 374 856 
===========
123 457 689 
456 189 273 
789 632 514 

297 541 368 
564 823 791 
831 796 425 

378 964 152 
645 218 937 
912 375 846 
===========
123 457 689 
456 189 273 
789 632 514 

297 541 368 
564 823 791 
831 796 452 

378 964 125 
645 218 937 
912 375 846 
===========
123 457 689 
456 189 273 
789 632 514 

297 541 836 
564 893 127 
831 726 945 

378 915 462 
645 278 391 
912 364 758 
===========
123 457 689 
456 189 273 
789 632 514 

297 541 836 
564 893 721 
831 726 945 

378 964 152 
645 218 397 
912 375 468 
===========
123 457 689 
456 189 273 
789 632 514 

297 543 168 
564 891 732 
831 726 945 

378 915 426 
645 278 391 
912 364 857 
===========
123 457 689 
456 189 273 
789 632 514 

297 543 168 
564 891 732 
831 726 945 

378 965 421 
645 218 397 
912 374 856 
===========
123 457 689 
456 189 273 
789 632 514 

297 561 438 
564 893 721 
831 724 965 

378 946 152 
645 218 397 
912 375 846 
===========
123 457 689 
456 189 273 
789 632 514 

297 561 438 
564 893 721 
831 724 956 

378 945 162 
645 218 397 
912 376 845 
===========
123 457 689 
456 189 273 
789 632 514 

297 563 148 
564 891 732 
831 724 956 

378 916 425 
645 278 391 
912 345 867 
===========
123 457 689 
456 189 273 
789 632 514 

297 563 148 
564 891 732 
831 724 965 

378 915 426 
645 278 391 
912 346 857 
===========
123 457 689 
456 189 273 
789 632 514 

297 563 841 
564 891 732 
831 724 956 

378 946 125 
645 218 397 
912 375 468 
===========
123 457 689 
456 189 273 
789 632 514 

297 563 841 
564 891 732 
831 724 965 

378 945 126 
645 218 397 
912 376 458 
===========
123 457 689 
456 189 273 
789 632 514 

297 814 356 
564 973 128 
831 526 497 

378 265 941 
645 791 832 
912 348 765 
===========
123 457 689 
456 189 273 
789 632 514 

297 814 356 
564 973 128 
831 526 947 

378 265 491 
645 791 832 
912 348 765 
===========
123 457 689 
456 189 273 
789 632 514 

297 814 356 
564 973 821 
831 526 497 

378 261 945 
645 798 132 
912 345 768 
===========
123 457 689 
456 189 273 
789 632 514 

297 814 356 
564 973 821 
831 526 947 

378 261 495 
645 798 132 
912 345 768 
===========
123 457 689 
456 189 273 
789 632 514 

297 814 356 
564 973 128 
831 526 497 

378 245 961 
645 791 832 
912 368 745 
===========
123 457 689 
456 189 273 
789 632 514 

297 814 356 
564 973 821 
831 526 497 

378 241 965 
645 798 132 
912 365 748 
===========
123 457 689 
456 189 273 
789 632 514 

297 814 365 
564 973 128 
831 526 497 

378 265 941 
645 791 832 
912 348 756 
===========
123 457 689 
456 189 273 
789 632 514 

297 814 365 
564 973 128 
831 526 947 

378 265 491 
645 791 832 
912 348 756 
===========
123 457 689 
456 189 273 
789 632 514 

297 814 365 
564 973 821 
831 526 497 

378 241 956 
645 798 132 
912 365 748 
===========
123 457 689 
456 189 273 
789 632 514 

297 816 345 
564 973 128 
831 524 967 

378 265 491 
645 791 832 
912 348 756 
===========
123 457 689 
456 189 273 
789 632 514 

297 816 345 
564 973 128 
831 524 796 

378 245 961 
645 791 832 
912 368 457 
===========
123 457 689 
456 189 273 
789 632 514 

297 841 356 
564 973 821 
831 526 497 

378 294 165 
645 718 932 
912 365 748 
===========
123 457 689 
456 189 273 
789 632 514 

297 841 356 
564 973 821 
831 526 497 

378 214 965 
645 798 132 
912 365 748 
===========
123 457 689 
456 189 273 
789 632 514 

297 841 365 
564 973 821 
831 526 497 

378 295 146 
645 718 932 
912 364 758 
===========
123 457 689 
456 189 273 
789 632 514 

297 841 365 
564 973 821 
831 526 497 

378 294 156 
645 718 932 
912 365 748 
===========
123 457 689 
456 189 273 
789 632 514 

297 841 365 
564 973 821 
831 526 497 

378 215 946 
645 798 132 
912 364 758 
===========
123 457 689 
456 189 273 
789 632 514 

297 841 365 
564 973 821 
831 526 947 

378 215 496 
645 798 132 
912 364 758 
===========
123 457 689 
456 189 273 
789 632 514 

297 841 365 
564 973 821 
831 526 497 

378 214 956 
645 798 132 
912 365 748 
===========
123 457 689 
456 189 273 
789 632 514 

297 843 156 
564 971 832 
831 526 497 

378 214 965 
645 798 321 
912 365 748 
===========
123 457 689 
456 189 273 
789 632 514 

297 843 156 
564 921 738 
831 576 492 

378 214 965 
645 798 321 
912 365 847 
===========
123 457 689 
456 189 273 
789 632 514 

297 843 156 
564 921 837 
831 576 492 

378 214 965 
645 798 321 
912 365 748 
===========
123 457 689 
456 189 273 
789 632 514 

297 843 165 
564 971 832 
831 526 497 

378 215 946 
645 798 321 
912 364 758 
===========
123 457 689 
456 189 273 
789 632 514 

297 843 165 
564 971 832 
831 526 947 

378 215 496 
645 798 321 
912 364 758 
===========
123 457 689 
456 189 273 
789 632 514 

297 843 165 
564 971 832 
831 526 497 

378 214 956 
645 798 321 
912 365 748 
===========
123 457 689 
456 189 273 
789 632 514 

297 843 165 
564 921 738 
831 576 492 

378 215 946 
645 798 321 
912 364 857 
===========
123 457 689 
456 189 273 
789 632 514 

297 843 165 
564 921 738 
831 576 942 

378 215 496 
645 798 321 
912 364 857 
===========
123 457 689 
456 189 273 
789 632 514 

297 843 165 
564 921 738 
831 576 492 

378 214 956 
645 798 321 
912 365 847 
===========
123 457 689 
456 189 273 
789 632 514 

297 843 165 
564 921 837 
831 576 492 

378 215 946 
645 798 321 
912 364 758 
===========
123 457 689 
456 189 273 
789 632 514 

297 843 165 
564 921 837 
831 576 942 

378 215 496 
645 798 321 
912 364 758 
===========
123 457 689 
456 189 273 
789 632 514 

297 843 165 
564 921 837 
831 576 492 

378 214 956 
645 798 321 
912 365 748 
===========
123 457 689 
456 189 273 
789 632 514 

297 861 345 
564 973 128 
831 524 796 

378 296 451 
645 718 932 
912 345 867 
===========
123 457 689 
456 189 273 
789 632 514 

297 861 345 
564 973 128 
831 524 796 

378 295 461 
645 718 932 
912 346 857 
===========
123 457 689 
456 189 273 
789 632 514 

297 861 345 
564 973 821 
831 524 967 

378 215 496 
645 798 132 
912 346 758 
===========
123 457 689 
456 189 273 
789 632 514 

297 861 435 
564 973 821 
831 524 967 

378 295 146 
645 718 392 
912 346 758 
===========
123 457 689 
456 189 273 
789 632 514 

297 863 145 
564 971 328 
831 524 796 

378 296 451 
645 718 932 
912 345 867 
===========
123 457 689 
456 189 273 
789 632 514 

297 863 145 
564 971 328 
831 524 796 

378 295 461 
645 718 932 
912 346 857 
===========
123 457 689 
456 189 273 
789 632 514 

297 863 145 
564 921 738 
831 574 926 

378 296 451 
645 718 392 
912 345 867 
===========
123 457 689 
456 189 273 
789 632 514 

297 863 145 
564 921 738 
831 574 926 

378 295 461 
645 718 392 
912 346 857 
===========
123 457 689 
456 189 273 
789 632 514 

297 863 145 
564 921 837 
831 574 926 

378 296 451 
645 718 392 
912 345 768 
===========
123 457 689 
456 189 273 
789 632 514 

297 863 145 
564 921 837 
831 574 926 

378 295 461 
645 718 392 
912 346 758 
===========
