123 456 789 
456 789 123 
789 132 546 

297 813 465 
564 927 318 
831 645 972 

378 564 291 
645 291 837 
912 378 654 
===========
123 456 789 
456 789 123 
789 132 546 

297 813 465 
564 927 831 
831 645 972 

378 561 294 
645 298 317 
912 374 658 
===========
123 456 789 
456 789 123 
789 132 546 

297 813 465 
564 927 831 
831 645 297 

378 564 912 
645 291 378 
912 378 654 
===========
123 456 789 
456 789 123 
789 132 546 

297 813 654 
564 927 318 
831 645 297 

378 591 462 
645 278 931 
912 364 875 
===========
123 456 789 
456 789 123 
789 132 546 

297 813 654 
564 927 318 
831 645 972 

378 564 291 
645 291 837 
912 378 465 
===========
123 456 789 
456 789 123 
789 132 546 

297 813 654 
564 927 831 
831 645 297 

378 564 912 
645 291 378 
912 378 465 
===========
123 456 789 
456 789 123 
789 132 546 

297 814 365 
564 973 218 
831 625 974 

378 561 492 
645 297 831 
912 348 657 
===========
123 456 789 
456 789 123 
789 132 546 

297 814 365 
564 973 218 
831 625 974 

378 541 692 
645 297 831 
912 368 457 
===========
123 456 789 
456 789 123 
789 132 546 

297 814 635 
564 973 218 
831 625 497 

378 541 962 
645 298 371 
912 367 854 
===========
123 456 789 
456 789 123 
789 132 546 

297 814 635 
564 923 817 
831 675 294 

378 541 962 
645 298 371 
912 367 458 
===========
123 456 789 
456 789 123 
789 132 546 

297 814 635 
564 923 871 
831 675 294 

378 541 962 
645 298 317 
912 367 458 
===========
123 456 789 
456 789 123 
789 132 546 

297 814 635 
564 923 871 
831 675 294 

378 541 962 
645 297 318 
912 368 457 
===========
123 456 789 
456 789 123 
789 132 546 

297 815 364 
564 973 218 
831 624 957 

378 561 492 
645 297 831 
912 348 675 
===========
123 456 789 
456 789 123 
789 132 546 

297 815 364 
564 973 218 
831 624 975 

378 561 492 
645 297 831 
912 348 657 
===========
123 456 789 
456 789 123 
789 132 546 

297 815 364 
564 923 871 
831 647 295 

378 594 612 
645 271 938 
912 368 457 
===========
123 456 789 
456 789 123 
789 132 546 

297 815 364 
564 973 218 
831 624 957 

378 541 692 
645 297 831 
912 368 475 
===========
123 456 789 
456 789 123 
789 132 546 

297 815 364 
564 973 218 
831 624 975 

378 541 692 
645 297 831 
912 368 457 
===========
123 456 789 
456 789 123 
789 132 546 

297 815 634 
564 973 218 
831 624 957 

378 561 492 
645 298 371 
912 347 865 
===========
123 456 789 
456 789 123 
789 132 546 

297 815 634 
564 923 817 
831 647 952 

378 594 261 
645 271 398 
912 368 475 
===========
123 456 789 
456 789 123 
789 132 546 

297 815 634 
564 923 817 
831 674 295 

378 541 962 
645 298 371 
912 367 458 
===========
123 456 789 
456 789 123 
789 132 546 

297 815 634 
564 923 871 
831 674 295 

378 541 962 
645 298 317 
912 367 458 
===========
123 456 789 
456 789 123 
789 132 546 

297 815 634 
564 923 871 
831 674 295 

378 541 962 
645 297 318 
912 368 457 
===========
123 456 789 
456 789 123 
789 132 546 

297 815 634 
564 923 817 
831 647 952 

378 564 291 
645 291 378 
912 378 465 
===========
123 456 789 
456 789 123 
789 132 546 

297 841 365 
564 923 871 
831 675 294 

378 594 612 
645 218 937 
912 367 458 
===========
123 456 789 
456 789 123 
789 132 546 

297 841 365 
564 923 871 
831 675 294 

378 594 612 
645 217 938 
912 368 457 
===========
123 456 789 
456 789 123 
789 132 546 

297 841 365 
564 973 218 
831 625 974 

378 514 692 
645 297 831 
912 368 457 
===========
123 456 789 
456 789 123 
789 132 546 

297 841 635 
564 973 812 
831 625 974 

378 594 261 
645 218 397 
912 367 458 
===========
123 456 789 
456 789 123 
789 132 546 

297 841 635 
564 973 812 
831 625 974 

378 594 261 
645 217 398 
912 368 457 
===========
123 456 789 
456 789 123 
789 132 546 

297 841 635 
564 973 218 
831 625 497 

378 514 962 
645 298 371 
912 367 854 
===========
123 456 789 
456 789 123 
789 132 546 

297 841 635 
564 923 817 
831 675 294 

378 514 962 
645 298 371 
912 367 458 
===========
123 456 789 
456 789 123 
789 132 546 

297 841 635 
564 923 871 
831 675 294 

378 514 962 
645 298 317 
912 367 458 
===========
123 456 789 
456 789 123 
789 132 546 

297 841 635 
564 923 871 
831 675 294 

378 514 962 
645 297 318 
912 368 457 
===========
123 456 789 
456 789 123 
789 132 546 

297 843 615 
564 971 832 
831 625 974 

378 594 261 
645 218 397 
912 367 458 
===========
123 456 789 
456 789 123 
789 132 546 

297 843 615 
564 971 832 
831 625 974 

378 594 261 
645 217 398 
912 368 457 
===========
123 456 789 
456 789 123 
789 132 546 

297 843 615 
564 921 378 
831 675 492 

378 594 261 
645 218 937 
912 367 854 
===========
123 456 789 
456 789 123 
789 132 546 

297 843 615 
564 917 238 
831 625 974 

378 591 462 
645 278 391 
912 364 857 
===========
123 456 789 
456 789 123 
789 132 546 

297 843 615 
564 917 832 
831 625 974 

378 594 261 
645 271 398 
912 368 457 
===========
123 456 789 
456 789 123 
789 132 546 

297 843 615 
564 971 238 
831 625 497 

378 514 962 
645 298 371 
912 367 854 
===========
123 456 789 
456 789 123 
789 132 546 

297 843 615 
564 921 378 
831 675 294 

378 514 962 
645 297 831 
912 368 457 
===========
123 456 789 
456 789 123 
789 132 546 

297 843 615 
564 921 837 
831 675 294 

378 514 962 
645 298 371 
912 367 458 
===========
123 456 789 
456 789 123 
789 132 546 

297 843 651 
564 921 837 
831 675 294 

378 514 962 
645 297 318 
912 368 475 
===========
123 456 789 
456 789 123 
789 132 546 

297 843 651 
564 917 238 
831 625 974 

378 561 492 
645 298 317 
912 374 865 
===========
123 456 789 
456 789 123 
789 132 546 

297 845 361 
564 913 278 
831 627 495 

378 564 912 
645 291 837 
912 378 654 
===========
123 456 789 
456 789 123 
789 132 546 

297 845 631 
564 913 278 
831 627 954 

378 561 492 
645 298 317 
912 374 865 
===========
123 456 789 
456 789 123 
789 132 546 

297 613 458 
564 827 931 
831 945 672 

378 561 294 
645 298 317 
912 374 865 
===========
123 456 789 
456 789 123 
789 132 546 

297 613 854 
564 827 391 
831 945 267 

378 594 612 
645 271 938 
912 368 475 
===========
123 456 789 
456 789 123 
789 132 546 

297 613 854 
564 827 931 
831 945 267 

378 594 612 
645 271 398 
912 368 475 
===========
123 456 789 
456 789 123 
789 132 546 

297 614 358 
564 873 912 
831 925 467 

378 561 294 
645 297 831 
912 348 675 
===========
123 456 789 
456 789 123 
789 132 546 

297 614 358 
564 823 917 
831 975 264 

378 561 492 
645 297 831 
912 348 675 
===========
123 456 789 
456 789 123 
789 132 546 

297 614 358 
564 823 917 
831 975 462 

378 561 294 
645 297 831 
912 348 675 
===========
123 456 789 
456 789 123 
789 132 546 

297 614 358 
564 823 917 
831 975 264 

378 541 692 
645 297 831 
912 368 475 
===========
123 456 789 
456 789 123 
789 132 546 

297 614 835 
564 873 912 
831 925 467 

378 561 294 
645 298 371 
912 347 658 
===========
123 456 789 
456 789 123 
789 132 546 

297 614 835 
564 823 917 
831 975 264 

378 561 492 
645 298 371 
912 347 658 
===========
123 456 789 
456 789 123 
789 132 546 

297 614 835 
564 823 917 
831 975 462 

378 561 294 
645 298 371 
912 347 658 
===========
123 456 789 
456 789 123 
789 132 546 

297 614 835 
564 823 971 
831 975 264 

378 561 492 
645 298 317 
912 347 658 
===========
123 456 789 
456 789 123 
789 132 546 

297 614 835 
564 823 971 
831 975 462 

378 561 294 
645 298 317 
912 347 658 
===========
123 456 789 
456 789 123 
789 132 546 

297 614 835 
564 823 971 
831 975 264 

378 561 492 
645 297 318 
912 348 657 
===========
123 456 789 
456 789 123 
789 132 546 

297 614 835 
564 823 971 
831 975 462 

378 561 294 
645 297 318 
912 348 657 
===========
123 456 789 
456 789 123 
789 132 546 

297 614 835 
564 873 291 
831 925 674 

378 541 962 
645 298 317 
912 367 458 
===========
123 456 789 
456 789 123 
789 132 546 

297 614 835 
564 873 291 
831 925 674 

378 541 962 
645 297 318 
912 368 457 
===========
123 456 789 
456 789 123 
789 132 546 

297 614 835 
564 823 917 
831 975 264 

378 541 692 
645 298 371 
912 367 458 
===========
123 456 789 
456 789 123 
789 132 546 

297 614 835 
564 823 971 
831 975 264 

378 541 692 
645 298 317 
912 367 458 
===========
123 456 789 
456 789 123 
789 132 546 

297 614 835 
564 823 971 
831 975 264 

378 541 692 
645 297 318 
912 368 457 
===========
123 456 789 
456 789 123 
789 132 546 

297 615 438 
564 873 912 
831 924 657 

378 561 294 
645 298 371 
912 347 865 
===========
123 456 789 
456 789 123 
789 132 546 

297 615 438 
564 823 917 
831 974 652 

378 561 294 
645 298 371 
912 347 865 
===========
123 456 789 
456 789 123 
789 132 546 

297 615 438 
564 823 971 
831 974 652 

378 561 294 
645 298 317 
912 347 865 
===========
123 456 789 
456 789 123 
789 132 546 

297 615 438 
564 823 917 
831 947 652 

378 591 264 
645 278 391 
912 364 875 
===========
123 456 789 
456 789 123 
789 132 546 

297 615 438 
564 873 291 
831 924 675 

378 541 962 
645 298 317 
912 367 854 
===========
123 456 789 
456 789 123 
789 132 546 

297 615 438 
564 823 917 
831 974 265 

378 541 692 
645 298 371 
912 367 854 
===========
123 456 789 
456 789 123 
789 132 546 

297 615 438 
564 823 971 
831 974 265 

378 541 692 
645 298 317 
912 367 854 
===========
123 456 789 
456 789 123 
789 132 546 

297 615 438 
564 823 917 
831 947 652 

378 561 294 
645 298 371 
912 374 865 
===========
123 456 789 
456 789 123 
789 132 546 

297 615 438 
564 823 971 
831 947 652 

378 561 294 
645 298 317 
912 374 865 
===========
123 456 789 
456 789 123 
789 132 546 

297 615 834 
564 823 917 
831 974 265 

378 561 492 
645 298 371 
912 347 658 
===========
123 456 789 
456 789 123 
789 132 546 

297 615 834 
564 823 971 
831 974 265 

378 561 492 
645 298 317 
912 347 658 
===========
123 456 789 
456 789 123 
789 132 546 

297 615 834 
564 823 971 
831 974 265 

378 561 492 
645 297 318 
912 348 657 
===========
123 456 789 
456 789 123 
789 132 546 

297 615 834 
564 823 917 
831 947 652 

378 594 261 
645 271 398 
912 368 475 
===========
123 456 789 
456 789 123 
789 132 546 

297 615 834 
564 823 971 
831 947 265 

378 594 612 
645 271 398 
912 368 457 
===========
123 456 789 
456 789 123 
789 132 546 

297 615 834 
564 873 291 
831 924 675 

378 541 962 
645 298 317 
912 367 458 
===========
123 456 789 
456 789 123 
789 132 546 

297 615 834 
564 873 291 
831 924 657 

378 541 962 
645 297 318 
912 368 475 
===========
123 456 789 
456 789 123 
789 132 546 

297 615 834 
564 873 291 
831 924 675 

378 541 962 
645 297 318 
912 368 457 
===========
123 456 789 
456 789 123 
789 132 546 

297 615 834 
564 823 917 
831 974 265 

378 541 692 
645 298 371 
912 367 458 
===========
123 456 789 
456 789 123 
789 132 546 

297 615 834 
564 823 971 
831 974 265 

378 541 692 
645 298 317 
912 367 458 
===========
123 456 789 
456 789 123 
789 132 546 

297 615 834 
564 823 971 
831 974 265 

378 541 692 
645 297 318 
912 368 457 
===========
123 456 789 
456 789 123 
789 132 546 

297 615 834 
564 823 917 
831 947 265 

378 561 492 
645 298 371 
912 374 658 
===========
123 456 789 
456 789 123 
789 132 546 

297 615 834 
564 823 917 
831 947 652 

378 564 291 
645 291 378 
912 378 465 
===========
123 456 789 
456 789 123 
789 132 546 

297 615 834 
564 823 971 
831 947 265 

378 561 492 
645 298 317 
912 374 658 
===========
123 456 789 
456 789 123 
789 132 546 

297 641 358 
564 823 917 
831 975 264 

378 514 692 
645 297 831 
912 368 475 
===========
123 456 789 
456 789 123 
789 132 546 

297 641 835 
564 873 912 
831 925 674 

378 594 261 
645 218 397 
912 367 458 
===========
123 456 789 
456 789 123 
789 132 546 

297 641 835 
564 873 912 
831 925 674 

378 594 261 
645 217 398 
912 368 457 
===========
123 456 789 
456 789 123 
789 132 546 

297 641 835 
564 823 971 
831 975 264 

378 594 612 
645 218 397 
912 367 458 
===========
123 456 789 
456 789 123 
789 132 546 

297 641 835 
564 823 971 
831 975 264 

378 594 612 
645 217 398 
912 368 457 
===========
123 456 789 
456 789 123 
789 132 546 

297 641 835 
564 873 291 
831 925 674 

378 514 962 
645 298 317 
912 367 458 
===========
123 456 789 
456 789 123 
789 132 546 

297 641 835 
564 873 291 
831 925 674 

378 514 962 
645 297 318 
912 368 457 
===========
123 456 789 
456 789 123 
789 132 546 

297 641 835 
564 823 917 
831 975 264 

378 514 692 
645 298 371 
912 367 458 
===========
123 456 789 
456 789 123 
789 132 546 

297 641 835 
564 823 971 
831 975 264 

378 514 692 
645 298 317 
912 367 458 
===========
123 456 789 
456 789 123 
789 132 546 

297 641 835 
564 823 971 
831 975 264 

378 514 692 
645 297 318 
912 368 457 
===========
123 456 789 
456 789 123 
789 132 546 

297 643 815 
564 871 392 
831 925 674 

378 594 261 
645 218 937 
912 367 458 
===========
123 456 789 
456 789 123 
789 132 546 

297 643 815 
564 871 392 
831 925 674 

378 594 261 
645 217 938 
912 368 457 
===========
123 456 789 
456 789 123 
789 132 546 

297 643 815 
564 871 932 
831 925 674 

378 594 261 
645 218 397 
912 367 458 
===========
123 456 789 
456 789 123 
789 132 546 

297 643 815 
564 871 932 
831 925 674 

378 594 261 
645 217 398 
912 368 457 
===========
123 456 789 
456 789 123 
789 132 546 

297 643 815 
564 817 392 
831 925 674 

378 594 261 
645 271 938 
912 368 457 
===========
123 456 789 
456 789 123 
789 132 546 

297 643 815 
564 817 932 
831 925 674 

378 594 261 
645 271 398 
912 368 457 
===========
123 456 789 
456 789 123 
789 132 546 

297 643 815 
564 821 937 
831 975 264 

378 514 692 
645 298 371 
912 367 458 
===========
123 456 789 
456 789 123 
789 132 546 

297 643 815 
564 817 932 
831 925 467 

378 561 294 
645 298 371 
912 374 658 
===========
123 456 789 
456 789 123 
789 132 546 

297 643 815 
564 817 932 
831 925 467 

378 564 291 
645 291 378 
912 378 654 
===========
123 456 789 
456 789 123 
789 132 546 

297 643 851 
564 821 397 
831 975 264 

378 594 612 
645 217 938 
912 368 475 
===========
123 456 789 
456 789 123 
789 132 546 

297 643 851 
564 821 937 
831 975 264 

378 594 612 
645 217 398 
912 368 475 
===========
123 456 789 
456 789 123 
789 132 546 

297 643 851 
564 821 937 
831 975 264 

378 514 692 
645 297 318 
912 368 475 
===========
123 456 789 
456 789 123 
789 132 546 

297 645 318 
564 813 297 
831 927 654 

378 591 462 
645 278 931 
912 364 875 
===========
123 456 789 
456 789 123 
789 132 546 

297 645 318 
564 813 972 
831 927 465 

378 564 291 
645 291 837 
912 378 654 
===========
123 456 789 
456 789 123 
789 132 546 

297 645 318 
564 813 972 
831 927 654 

378 564 291 
645 291 837 
912 378 465 
===========
123 456 789 
456 789 123 
789 132 546 

297 645 831 
564 813 297 
831 927 465 

378 564 912 
645 291 378 
912 378 654 
===========
123 456 789 
456 789 123 
789 132 546 

297 645 831 
564 813 297 
831 927 654 

378 564 912 
645 291 378 
912 378 465 
===========
123 456 789 
456 789 123 
789 132 546 

297 645 831 
564 813 972 
831 927 465 

378 561 294 
645 298 317 
912 374 658 
===========
123 456 789 
456 789 123 
789 132 546 

297 813 465 
564 927 831 
831 564 972 

378 695 214 
645 271 398 
912 348 657 
===========
123 456 789 
456 789 123 
789 132 546 

297 813 465 
564 927 318 
831 564 972 

378 645 291 
645 291 837 
912 378 654 
===========
123 456 789 
456 789 123 
789 132 546 

297 813 465 
564 927 831 
831 564 297 

378 645 912 
645 291 378 
912 378 654 
===========
123 456 789 
456 789 123 
789 132 546 

297 813 654 
564 927 318 
831 564 972 

378 645 291 
645 291 837 
912 378 465 
===========
123 456 789 
456 789 123 
789 132 546 

297 813 654 
564 927 831 
831 564 972 

378 641 295 
645 298 317 
912 375 468 
===========
123 456 789 
456 789 123 
789 132 546 

297 813 654 
564 927 831 
831 564 297 

378 645 912 
645 291 378 
912 378 465 
===========
123 456 789 
456 789 123 
789 132 546 

297 814 365 
564 923 817 
831 567 294 

378 691 452 
645 278 931 
912 345 678 
===========
123 456 789 
456 789 123 
789 132 546 

297 814 365 
564 923 817 
831 567 492 

378 691 254 
645 278 931 
912 345 678 
===========
123 456 789 
456 789 123 
789 132 546 

297 814 365 
564 923 871 
831 567 294 

378 695 412 
645 271 938 
912 348 657 
===========
123 456 789 
456 789 123 
789 132 546 

297 814 365 
564 923 871 
831 567 492 

378 695 214 
645 271 938 
912 348 657 
===========
123 456 789 
456 789 123 
789 132 546 

297 814 635 
564 923 817 
831 567 294 

378 641 952 
645 298 371 
912 375 468 
===========
123 456 789 
456 789 123 
789 132 546 

297 814 635 
564 923 871 
831 567 294 

378 641 952 
645 298 317 
912 375 468 
===========
123 456 789 
456 789 123 
789 132 546 

297 841 365 
564 923 871 
831 567 294 

378 695 412 
645 218 937 
912 374 658 
===========
123 456 789 
456 789 123 
789 132 546 

297 841 365 
564 923 871 
831 567 492 

378 695 214 
645 218 937 
912 374 658 
===========
123 456 789 
456 789 123 
789 132 546 

297 841 635 
564 923 817 
831 567 294 

378 614 952 
645 298 371 
912 375 468 
===========
123 456 789 
456 789 123 
789 132 546 

297 841 635 
564 923 871 
831 567 294 

378 614 952 
645 298 317 
912 375 468 
===========
123 456 789 
456 789 123 
789 132 546 

297 843 615 
564 921 378 
831 567 492 

378 694 251 
645 218 937 
912 375 864 
===========
123 456 789 
456 789 123 
789 132 546 

297 843 615 
564 921 837 
831 567 294 

378 614 952 
645 298 371 
912 375 468 
===========
123 456 789 
456 789 123 
789 132 546 

297 843 651 
564 921 378 
831 567 294 

378 695 412 
645 218 937 
912 374 865 
===========
123 456 789 
456 789 123 
789 132 546 

297 843 651 
564 921 378 
831 567 492 

378 695 214 
645 218 937 
912 374 865 
===========
123 456 789 
456 789 123 
789 132 546 

297 843 651 
564 921 378 
831 567 492 

378 694 215 
645 218 937 
912 375 864 
===========
123 456 789 
456 789 123 
789 132 546 

297 861 354 
564 973 218 
831 524 967 

378 615 492 
645 297 831 
912 348 675 
===========
123 456 789 
456 789 123 
789 132 546 

297 861 354 
564 923 871 
831 547 692 

378 694 215 
645 218 937 
912 375 468 
===========
123 456 789 
456 789 123 
789 132 546 

297 861 435 
564 923 871 
831 574 962 

378 695 214 
645 218 397 
912 347 658 
===========
123 456 789 
456 789 123 
789 132 546 

297 861 435 
564 923 871 
831 574 962 

378 695 214 
645 217 398 
912 348 657 
===========
123 456 789 
456 789 123 
789 132 546 

297 861 435 
564 973 812 
831 524 967 

378 615 294 
645 298 371 
912 347 658 
===========
123 456 789 
456 789 123 
789 132 546 

297 861 435 
564 923 817 
831 574 962 

378 615 294 
645 298 371 
912 347 658 
===========
123 456 789 
456 789 123 
789 132 546 

297 861 435 
564 923 871 
831 574 962 

378 615 294 
645 298 317 
912 347 658 
===========
123 456 789 
456 789 123 
789 132 546 

297 861 435 
564 923 871 
831 574 962 

378 615 294 
645 297 318 
912 348 657 
===========
123 456 789 
456 789 123 
789 132 546 

297 861 435 
564 923 871 
831 547 962 

378 695 214 
645 218 397 
912 374 658 
===========
123 456 789 
456 789 123 
789 132 546 

297 861 435 
564 923 817 
831 547 962 

378 615 294 
645 298 371 
912 374 658 
===========
123 456 789 
456 789 123 
789 132 546 

297 861 435 
564 923 871 
831 547 962 

378 615 294 
645 298 317 
912 374 658 
===========
123 456 789 
456 789 123 
789 132 546 

297 863 415 
564 917 832 
831 524 967 

378 691 254 
645 278 391 
912 345 678 
===========
123 456 789 
456 789 123 
789 132 546 

297 863 415 
564 971 832 
831 524 967 

378 615 294 
645 298 371 
912 347 658 
===========
123 456 789 
456 789 123 
789 132 546 

297 863 415 
564 921 378 
831 574 962 

378 615 294 
645 297 831 
912 348 657 
===========
123 456 789 
456 789 123 
789 132 546 

297 863 415 
564 921 837 
831 574 962 

378 615 294 
645 298 371 
912 347 658 
===========
123 456 789 
456 789 123 
789 132 546 

297 863 415 
564 921 378 
831 547 692 

378 694 251 
645 218 937 
912 375 864 
===========
123 456 789 
456 789 123 
789 132 546 

297 863 415 
564 921 837 
831 547 962 

378 615 294 
645 298 371 
912 374 658 
===========
123 456 789 
456 789 123 
789 132 546 

297 863 415 
564 917 238 
831 524 697 

378 641 952 
645 298 371 
912 375 864 
===========
123 456 789 
456 789 123 
789 132 546 

297 863 415 
564 917 832 
831 524 967 

378 645 291 
645 291 378 
912 378 654 
===========
123 456 789 
456 789 123 
789 132 546 

297 863 451 
564 971 832 
831 524 967 

378 695 214 
645 217 398 
912 348 675 
===========
123 456 789 
456 789 123 
789 132 546 

297 863 451 
564 921 378 
831 574 692 

378 695 214 
645 218 937 
912 347 865 
===========
123 456 789 
456 789 123 
789 132 546 

297 863 451 
564 921 837 
831 574 962 

378 695 214 
645 217 398 
912 348 675 
===========
123 456 789 
456 789 123 
789 132 546 

297 863 451 
564 917 832 
831 524 967 

378 695 214 
645 271 398 
912 348 675 
===========
123 456 789 
456 789 123 
789 132 546 

297 863 451 
564 971 832 
831 524 967 

378 615 294 
645 297 318 
912 348 675 
===========
123 456 789 
456 789 123 
789 132 546 

297 863 451 
564 921 837 
831 574 962 

378 615 294 
645 297 318 
912 348 675 
===========
123 456 789 
456 789 123 
789 132 546 

297 863 451 
564 921 378 
831 547 692 

378 695 214 
645 218 937 
912 374 865 
===========
123 456 789 
456 789 123 
789 132 546 

297 863 451 
564 921 378 
831 547 692 

378 694 215 
645 218 937 
912 375 864 
===========
123 456 789 
456 789 123 
789 132 546 

297 864 315 
564 913 278 
831 527 694 

378 691 452 
645 278 931 
912 345 867 
===========
123 456 789 
456 789 123 
789 132 546 

297 864 351 
564 913 278 
831 527 694 

378 645 912 
645 291 837 
912 378 465 
===========
123 456 789 
456 789 123 
789 132 546 

297 513 468 
564 827 391 
831 964 275 

378 645 912 
645 291 837 
912 378 654 
===========
123 456 789 
456 789 123 
789 132 546 

297 513 864 
564 827 391 
831 964 257 

378 695 412 
645 271 938 
912 348 675 
===========
123 456 789 
456 789 123 
789 132 546 

297 513 864 
564 827 391 
831 964 275 

378 695 412 
645 271 938 
912 348 657 
===========
123 456 789 
456 789 123 
789 132 546 

297 513 864 
564 827 931 
831 964 257 

378 695 412 
645 271 398 
912 348 675 
===========
123 456 789 
456 789 123 
789 132 546 

297 513 864 
564 827 931 
831 964 275 

378 695 412 
645 271 398 
912 348 657 
===========
123 456 789 
456 789 123 
789 132 546 

297 514 638 
564 823 917 
831 967 452 

378 641 295 
645 298 371 
912 375 864 
===========
123 456 789 
456 789 123 
789 132 546 

297 514 638 
564 823 971 
831 967 452 

378 641 295 
645 298 317 
912 375 864 
===========
123 456 789 
456 789 123 
789 132 546 

297 541 638 
564 823 971 
831 967 254 

378 695 412 
645 218 397 
912 374 865 
===========
123 456 789 
456 789 123 
789 132 546 

297 541 638 
564 823 971 
831 967 452 

378 695 214 
645 218 397 
912 374 865 
===========
123 456 789 
456 789 123 
789 132 546 

297 541 638 
564 823 971 
831 967 452 

378 694 215 
645 218 397 
912 375 864 
===========
123 456 789 
456 789 123 
789 132 546 

297 541 638 
564 823 917 
831 967 254 

378 615 492 
645 298 371 
912 374 865 
===========
123 456 789 
456 789 123 
789 132 546 

297 541 638 
564 823 917 
831 967 452 

378 615 294 
645 298 371 
912 374 865 
===========
123 456 789 
456 789 123 
789 132 546 

297 541 638 
564 823 917 
831 967 452 

378 614 295 
645 298 371 
912 375 864 
===========
123 456 789 
456 789 123 
789 132 546 

297 541 638 
564 823 971 
831 967 254 

378 615 492 
645 298 317 
912 374 865 
===========
123 456 789 
456 789 123 
789 132 546 

297 541 638 
564 823 971 
831 967 452 

378 615 294 
645 298 317 
912 374 865 
===========
123 456 789 
456 789 123 
789 132 546 

297 541 638 
564 823 971 
831 967 452 

378 614 295 
645 298 317 
912 375 864 
===========
123 456 789 
456 789 123 
789 132 546 

297 543 618 
564 821 937 
831 967 254 

378 615 492 
645 298 371 
912 374 865 
===========
123 456 789 
456 789 123 
789 132 546 

297 543 618 
564 821 937 
831 967 452 

378 615 294 
645 298 371 
912 374 865 
===========
123 456 789 
456 789 123 
789 132 546 

297 543 618 
564 821 937 
831 967 452 

378 614 295 
645 298 371 
912 375 864 
===========
123 456 789 
456 789 123 
789 132 546 

297 561 438 
564 823 971 
831 974 652 

378 695 214 
645 218 397 
912 347 865 
===========
123 456 789 
456 789 123 
789 132 546 

297 561 438 
564 873 912 
831 924 657 

378 615 294 
645 298 371 
912 347 865 
===========
123 456 789 
456 789 123 
789 132 546 

297 561 438 
564 823 917 
831 974 652 

378 615 294 
645 298 371 
912 347 865 
===========
123 456 789 
456 789 123 
789 132 546 

297 561 438 
564 823 971 
831 974 652 

378 615 294 
645 298 317 
912 347 865 
===========
123 456 789 
456 789 123 
789 132 546 

297 561 438 
564 823 971 
831 947 652 

378 695 214 
645 218 397 
912 374 865 
===========
123 456 789 
456 789 123 
789 132 546 

297 561 438 
564 823 971 
831 947 652 

378 694 215 
645 218 397 
912 375 864 
===========
123 456 789 
456 789 123 
789 132 546 

297 561 438 
564 823 917 
831 947 652 

378 615 294 
645 298 371 
912 374 865 
===========
123 456 789 
456 789 123 
789 132 546 

297 561 438 
564 823 917 
831 947 652 

378 614 295 
645 298 371 
912 375 864 
===========
123 456 789 
456 789 123 
789 132 546 

297 561 438 
564 823 971 
831 947 652 

378 615 294 
645 298 317 
912 374 865 
===========
123 456 789 
456 789 123 
789 132 546 

297 561 438 
564 823 971 
831 947 652 

378 614 295 
645 298 317 
912 375 864 
===========
123 456 789 
456 789 123 
789 132 546 

297 561 834 
564 823 971 
831 974 265 

378 695 412 
645 218 397 
912 347 658 
===========
123 456 789 
456 789 123 
789 132 546 

297 561 834 
564 823 971 
831 974 265 

378 695 412 
645 217 398 
912 348 657 
===========
123 456 789 
456 789 123 
789 132 546 

297 561 834 
564 823 917 
831 974 265 

378 615 492 
645 298 371 
912 347 658 
===========
123 456 789 
456 789 123 
789 132 546 

297 561 834 
564 823 971 
831 974 265 

378 615 492 
645 298 317 
912 347 658 
===========
123 456 789 
456 789 123 
789 132 546 

297 561 834 
564 823 971 
831 974 265 

378 615 492 
645 297 318 
912 348 657 
===========
123 456 789 
456 789 123 
789 132 546 

297 561 834 
564 823 971 
831 947 265 

378 695 412 
645 218 397 
912 374 658 
===========
123 456 789 
456 789 123 
789 132 546 

297 561 834 
564 823 971 
831 947 652 

378 694 215 
645 218 397 
912 375 468 
===========
123 456 789 
456 789 123 
789 132 546 

297 561 834 
564 823 917 
831 947 265 

378 615 492 
645 298 371 
912 374 658 
===========
