123 457 689 
456 189 327 
789 362 145 

297 815 436 
564 923 871 
831 746 592 

378 691 254 
645 278 913 
912 534 768 
===========
123 457 689 
456 189 327 
789 362 145 

297 815 436 
564 923 718 
831 746 592 

378 691 254 
645 238 971 
912 574 863 
===========
123 457 689 
456 189 327 
789 362 145 

297 815 463 
564 923 718 
831 746 592 

378 691 254 
645 278 931 
912 534 876 
===========
123 457 689 
456 189 327 
789 362 145 

297 815 463 
564 923 718 
831 746 592 

378 691 254 
645 238 971 
912 574 836 
===========
123 457 689 
456 189 327 
789 362 145 

297 816 453 
564 923 871 
831 745 296 

378 694 512 
645 271 938 
912 538 764 
===========
123 457 689 
456 189 327 
789 362 145 

297 816 534 
564 923 718 
831 745 962 

378 694 251 
645 271 893 
912 538 476 
===========
123 457 689 
456 189 327 
789 362 145 

297 816 534 
564 923 871 
831 745 296 

378 691 452 
645 278 913 
912 534 768 
===========
123 457 689 
456 189 327 
789 362 145 

297 816 534 
564 923 718 
831 745 296 

378 691 452 
645 238 971 
912 574 863 
===========
123 457 689 
456 189 327 
789 362 145 

297 835 416 
564 921 738 
831 746 592 

378 694 251 
645 218 973 
912 573 864 
===========
123 457 689 
456 189 327 
789 362 145 

297 836 451 
564 921 738 
831 745 296 

378 694 512 
645 218 973 
912 573 864 
===========
123 457 689 
456 189 327 
789 362 145 

297 836 514 
564 921 873 
831 745 962 

378 694 251 
645 213 798 
912 578 436 
===========
123 457 689 
456 189 327 
789 362 145 

297 836 514 
564 921 738 
831 745 296 

378 614 952 
645 293 871 
912 578 463 
===========
123 457 689 
456 189 327 
789 362 145 

297 836 514 
564 921 873 
831 745 296 

378 614 952 
645 298 731 
912 573 468 
===========
123 457 689 
456 189 327 
789 362 145 

297 846 513 
564 913 872 
831 725 496 

378 691 254 
645 278 931 
912 534 768 
===========
123 457 689 
456 189 327 
789 362 145 

297 846 513 
564 913 872 
831 725 496 

378 694 251 
645 271 938 
912 538 764 
===========
123 457 689 
456 189 327 
789 362 145 

297 846 513 
564 931 872 
831 725 964 

378 694 251 
645 213 798 
912 578 436 
===========
123 457 689 
456 189 327 
789 362 145 

297 846 513 
564 913 278 
831 725 964 

378 691 452 
645 238 791 
912 574 836 
===========
123 457 689 
456 189 327 
789 362 145 

297 846 513 
564 913 872 
831 725 964 

378 694 251 
645 231 798 
912 578 436 
===========
123 457 689 
456 189 327 
789 362 145 

297 846 513 
564 931 278 
831 725 496 

378 614 952 
645 298 731 
912 573 864 
===========
123 457 689 
456 189 327 
789 362 145 

297 846 531 
564 913 872 
831 725 496 

378 691 254 
645 278 913 
912 534 768 
===========
123 457 689 
456 189 327 
789 362 145 

297 846 531 
564 931 278 
831 725 496 

378 614 952 
645 298 713 
912 573 864 
===========
123 457 689 
456 189 327 
789 362 145 

297 815 436 
564 723 891 
831 946 572 

378 691 254 
645 278 913 
912 534 768 
===========
123 457 689 
456 189 327 
789 362 145 

297 815 436 
564 723 918 
831 946 572 

378 694 251 
645 271 893 
912 538 764 
===========
123 457 689 
456 189 327 
789 362 145 

297 815 436 
564 723 918 
831 946 572 

378 691 254 
645 238 791 
912 574 863 
===========
123 457 689 
456 189 327 
789 362 145 

297 815 463 
564 723 918 
831 946 572 

378 691 254 
645 238 791 
912 574 836 
===========
123 457 689 
456 189 327 
789 362 145 

297 816 453 
564 723 891 
831 945 276 

378 694 512 
645 271 938 
912 538 764 
===========
123 457 689 
456 189 327 
789 362 145 

297 816 534 
564 723 891 
831 945 276 

378 691 452 
645 278 913 
912 534 768 
===========
123 457 689 
456 189 327 
789 362 145 

297 816 534 
564 723 918 
831 945 762 

378 694 251 
645 271 893 
912 538 476 
===========
123 457 689 
456 189 327 
789 362 145 

297 816 534 
564 723 918 
831 945 276 

378 691 452 
645 238 791 
912 574 863 
===========
123 457 689 
456 189 327 
789 362 145 

297 835 416 
564 721 938 
831 946 572 

378 694 251 
645 218 793 
912 573 864 
===========
123 457 689 
456 189 327 
789 362 145 

297 836 451 
564 721 938 
831 945 276 

378 694 512 
645 218 793 
912 573 864 
===========
123 457 689 
456 189 327 
789 362 145 

297 836 451 
564 721 938 
831 945 276 

378 614 592 
645 298 713 
912 573 864 
===========
123 457 689 
456 189 327 
789 362 145 

297 836 514 
564 721 893 
831 945 762 

378 694 251 
645 213 978 
912 578 436 
===========
123 457 689 
456 189 327 
789 362 145 

297 836 514 
564 721 893 
831 945 276 

378 614 952 
645 298 731 
912 573 468 
===========
123 457 689 
456 189 327 
789 362 145 

297 846 513 
564 713 298 
831 925 764 

378 691 452 
645 278 931 
912 534 876 
===========
123 457 689 
456 189 327 
789 362 145 

297 846 513 
564 713 892 
831 925 476 

378 691 254 
645 278 931 
912 534 768 
===========
123 457 689 
456 189 327 
789 362 145 

297 846 513 
564 713 892 
831 925 476 

378 694 251 
645 271 938 
912 538 764 
===========
123 457 689 
456 189 327 
789 362 145 

297 846 513 
564 713 892 
831 925 764 

378 694 251 
645 271 938 
912 538 476 
===========
123 457 689 
456 189 327 
789 362 145 

297 846 513 
564 731 892 
831 925 764 

378 694 251 
645 213 978 
912 578 436 
===========
123 457 689 
456 189 327 
789 362 145 

297 846 513 
564 713 298 
831 925 764 

378 691 452 
645 238 971 
912 574 836 
===========
123 457 689 
456 189 327 
789 362 145 

297 846 513 
564 713 892 
831 925 764 

378 694 251 
645 231 978 
912 578 436 
===========
123 457 689 
456 189 327 
789 362 145 

297 846 513 
564 731 298 
831 925 476 

378 614 952 
645 298 731 
912 573 864 
===========
123 457 689 
456 189 327 
789 362 145 

297 846 513 
564 731 298 
831 925 764 

378 614 952 
645 293 871 
912 578 436 
===========
123 457 689 
456 189 327 
789 362 145 

297 846 531 
564 713 298 
831 925 764 

378 691 452 
645 278 913 
912 534 876 
===========
123 457 689 
456 189 327 
789 362 145 

297 846 531 
564 713 892 
831 925 476 

378 691 254 
645 278 913 
912 534 768 
===========
123 457 689 
456 189 327 
789 362 145 

297 846 531 
564 731 298 
831 925 476 

378 614 952 
645 298 713 
912 573 864 
===========
123 457 689 
456 189 327 
789 362 145 

297 814 536 
564 723 918 
831 695 472 

378 946 251 
645 271 893 
912 538 764 
===========
123 457 689 
456 189 327 
789 362 145 

297 814 536 
564 793 812 
831 625 794 

378 946 251 
645 231 978 
912 578 463 
===========
123 457 689 
456 189 327 
789 362 145 

297 814 536 
564 793 812 
831 625 974 

378 946 251 
645 231 798 
912 578 463 
===========
123 457 689 
456 189 327 
789 362 145 

297 814 563 
564 793 812 
831 625 794 

378 941 256 
645 278 931 
912 536 478 
===========
123 457 689 
456 189 327 
789 362 145 

297 814 563 
564 793 812 
831 625 794 

378 946 251 
645 271 938 
912 538 476 
===========
123 457 689 
456 189 327 
789 362 145 

297 814 563 
564 793 812 
831 625 794 

378 941 256 
645 238 971 
912 576 438 
===========
123 457 689 
456 189 327 
789 362 145 

297 814 563 
564 793 812 
831 625 974 

378 941 256 
645 238 791 
912 576 438 
===========
123 457 689 
456 189 327 
789 362 145 

297 814 563 
564 793 812 
831 625 794 

378 946 251 
645 231 978 
912 578 436 
===========
123 457 689 
456 189 327 
789 362 145 

297 814 563 
564 793 812 
831 625 974 

378 946 251 
645 231 798 
912 578 436 
===========
123 457 689 
456 189 327 
789 362 145 

297 814 563 
564 723 918 
831 695 472 

378 941 256 
645 238 791 
912 576 834 
===========
123 457 689 
456 189 327 
789 362 145 

297 815 436 
564 723 918 
831 694 572 

378 946 251 
645 271 893 
912 538 764 
===========
123 457 689 
456 189 327 
789 362 145 

297 815 463 
564 723 918 
831 694 572 

378 941 256 
645 238 791 
912 576 834 
===========
123 457 689 
456 189 327 
789 362 145 

297 834 516 
564 791 238 
831 625 974 

378 916 452 
645 273 891 
912 548 763 
===========
123 457 689 
456 189 327 
789 362 145 

297 834 516 
564 721 893 
831 695 274 

378 916 452 
645 278 931 
912 543 768 
===========
123 457 689 
456 189 327 
789 362 145 

297 834 516 
564 721 893 
831 695 472 

378 916 254 
645 278 931 
912 543 768 
===========
123 457 689 
456 189 327 
789 362 145 

297 834 516 
564 721 938 
831 695 274 

378 916 452 
645 273 891 
912 548 763 
===========
123 457 689 
456 189 327 
789 362 145 

297 834 516 
564 721 938 
831 695 472 

378 916 254 
645 273 891 
912 548 763 
===========
123 457 689 
456 189 327 
789 362 145 

297 834 516 
564 791 832 
831 625 794 

378 946 251 
645 218 973 
912 573 468 
===========
123 457 689 
456 189 327 
789 362 145 

297 834 516 
564 791 832 
831 625 974 

378 946 251 
645 218 793 
912 573 468 
===========
123 457 689 
456 189 327 
789 362 145 

297 834 516 
564 791 832 
831 625 794 

378 946 251 
645 213 978 
912 578 463 
===========
123 457 689 
456 189 327 
789 362 145 

297 834 516 
564 791 832 
831 625 974 

378 946 251 
645 213 798 
912 578 463 
===========
123 457 689 
456 189 327 
789 362 145 

297 834 516 
564 721 938 
831 695 472 

378 946 251 
645 218 793 
912 573 864 
===========
123 457 689 
456 189 327 
789 362 145 

297 834 561 
564 791 238 
831 625 794 

378 916 452 
645 278 913 
912 543 876 
===========
123 457 689 
456 189 327 
789 362 145 

297 834 561 
564 721 893 
831 695 274 

378 916 452 
645 273 918 
912 548 736 
===========
123 457 689 
456 189 327 
789 362 145 

297 834 561 
564 721 893 
831 695 472 

378 916 254 
645 273 918 
912 548 736 
===========
123 457 689 
456 189 327 
789 362 145 

297 835 416 
564 721 893 
831 694 572 

378 916 254 
645 278 931 
912 543 768 
===========
123 457 689 
456 189 327 
789 362 145 

297 835 416 
564 721 938 
831 694 572 

378 916 254 
645 273 891 
912 548 763 
===========
123 457 689 
456 189 327 
789 362 145 

297 835 416 
564 721 938 
831 694 572 

378 946 251 
645 218 793 
912 573 864 
===========
123 457 689 
456 189 327 
789 362 145 

297 835 461 
564 721 893 
831 694 572 

378 916 254 
645 273 918 
912 548 736 
===========
123 457 689 
456 189 327 
789 362 145 

297 841 536 
564 723 891 
831 695 274 

378 916 452 
645 278 913 
912 534 768 
===========
123 457 689 
456 189 327 
789 362 145 

297 841 536 
564 723 891 
831 695 472 

378 916 254 
645 278 913 
912 534 768 
===========
123 457 689 
456 189 327 
789 362 145 

297 841 536 
564 793 218 
831 625 794 

378 916 452 
645 238 971 
912 574 863 
===========
123 457 689 
456 189 327 
789 362 145 

297 841 536 
564 793 218 
831 625 974 

378 916 452 
645 238 791 
912 574 863 
===========
123 457 689 
456 189 327 
789 362 145 

297 841 536 
564 723 918 
831 695 274 

378 916 452 
645 238 791 
912 574 863 
===========
123 457 689 
456 189 327 
789 362 145 

297 841 536 
564 723 918 
831 695 472 

378 916 254 
645 238 791 
912 574 863 
===========
123 457 689 
456 189 327 
789 362 145 

297 841 563 
564 793 218 
831 625 794 

378 916 452 
645 278 931 
912 534 876 
===========
123 457 689 
456 189 327 
789 362 145 

297 841 563 
564 793 812 
831 625 794 

378 914 256 
645 278 931 
912 536 478 
===========
123 457 689 
456 189 327 
789 362 145 

297 841 563 
564 793 218 
831 625 794 

378 916 452 
645 238 971 
912 574 836 
===========
123 457 689 
456 189 327 
789 362 145 

297 841 563 
564 793 218 
831 625 974 

378 916 452 
645 238 791 
912 574 836 
===========
123 457 689 
456 189 327 
789 362 145 

297 841 563 
564 793 812 
831 625 794 

378 914 256 
645 238 971 
912 576 438 
===========
123 457 689 
456 189 327 
789 362 145 

297 841 563 
564 793 812 
831 625 974 

378 914 256 
645 238 791 
912 576 438 
===========
123 457 689 
456 189 327 
789 362 145 

297 841 563 
564 723 918 
831 695 274 

378 916 452 
645 238 791 
912 574 836 
===========
123 457 689 
456 189 327 
789 362 145 

297 841 563 
564 723 918 
831 695 472 

378 916 254 
645 238 791 
912 574 836 
===========
123 457 689 
456 189 327 
789 362 145 

297 841 563 
564 723 918 
831 695 472 

378 914 256 
645 238 791 
912 576 834 
===========
123 457 689 
456 189 327 
789 362 145 

297 843 516 
564 721 893 
831 695 274 

378 916 452 
645 278 931 
912 534 768 
===========
123 457 689 
456 189 327 
789 362 145 

297 843 516 
564 721 893 
831 695 472 

378 916 254 
645 278 931 
912 534 768 
===========
123 457 689 
456 189 327 
789 362 145 

297 843 516 
564 791 238 
831 625 794 

378 916 452 
645 238 971 
912 574 863 
===========
123 457 689 
456 189 327 
789 362 145 

297 843 516 
564 791 238 
831 625 974 

378 916 452 
645 238 791 
912 574 863 
===========
123 457 689 
456 189 327 
789 362 145 

297 843 516 
564 721 938 
831 695 274 

378 916 452 
645 238 791 
912 574 863 
===========
123 457 689 
456 189 327 
789 362 145 

297 843 516 
564 721 938 
831 695 472 

378 916 254 
645 238 791 
912 574 863 
===========
123 457 689 
456 189 327 
789 362 145 

297 843 561 
564 791 238 
831 625 794 

378 916 452 
645 278 913 
912 534 876 
===========
123 457 689 
456 189 327 
789 362 145 

297 843 561 
564 791 832 
831 625 794 

378 914 256 
645 278 913 
912 536 478 
===========
123 457 689 
456 189 327 
789 362 145 

297 614 538 
564 893 712 
831 725 964 

378 946 251 
645 271 893 
912 538 476 
===========
123 457 689 
456 189 327 
789 362 145 

297 614 538 
564 823 791 
831 795 462 

378 941 256 
645 278 913 
912 536 874 
===========
123 457 689 
456 189 327 
789 362 145 

297 614 853 
564 893 271 
831 725 496 

378 946 512 
645 271 938 
912 538 764 
===========
123 457 689 
456 189 327 
789 362 145 

297 614 853 
564 823 791 
831 795 264 

378 946 512 
645 271 938 
912 538 476 
===========
123 457 689 
456 189 327 
789 362 145 

297 614 853 
564 893 271 
831 725 964 

378 946 512 
645 231 798 
912 578 436 
===========
123 457 689 
456 189 327 
789 362 145 

297 614 853 
564 823 791 
831 795 264 

378 946 512 
645 231 978 
912 578 436 
===========
123 457 689 
456 189 327 
789 362 145 

297 614 853 
564 823 971 
831 795 264 

378 946 512 
645 231 798 
912 578 436 
===========
123 457 689 
456 189 327 
789 362 145 

297 615 438 
564 893 271 
831 724 956 

378 946 512 
645 271 893 
912 538 764 
===========
123 457 689 
456 189 327 
789 362 145 

297 615 438 
564 823 791 
831 794 256 

378 941 562 
645 278 913 
912 536 874 
===========
123 457 689 
456 189 327 
789 362 145 

297 615 438 
564 823 791 
831 794 562 

378 941 256 
645 278 913 
912 536 874 
===========
123 457 689 
456 189 327 
789 362 145 

297 615 438 
564 823 971 
831 794 256 

378 946 512 
645 271 893 
912 538 764 
===========
123 457 689 
456 189 327 
789 362 145 

297 615 834 
564 823 791 
831 794 256 

378 941 562 
645 278 913 
912 536 478 
===========
123 457 689 
456 189 327 
789 362 145 

297 615 834 
564 823 791 
831 794 562 

378 941 256 
645 278 913 
912 536 478 
===========
123 457 689 
456 189 327 
789 362 145 

297 615 834 
564 893 271 
831 724 956 

378 946 512 
645 231 798 
912 578 463 
===========
123 457 689 
456 189 327 
789 362 145 

297 615 834 
564 893 712 
831 724 596 

378 946 251 
645 231 978 
912 578 463 
===========
123 457 689 
456 189 327 
789 362 145 

297 615 834 
564 823 791 
831 794 256 

378 946 512 
645 231 978 
912 578 463 
===========
123 457 689 
456 189 327 
789 362 145 

297 615 834 
564 823 971 
831 794 256 

378 946 512 
645 231 798 
912 578 463 
===========
123 457 689 
456 189 327 
789 362 145 

297 634 518 
564 891 273 
831 725 964 

378 916 452 
645 273 891 
912 548 736 
===========
123 457 689 
456 189 327 
789 362 145 

297 634 518 
564 821 793 
831 795 264 

378 916 452 
645 278 931 
912 543 876 
===========
123 457 689 
456 189 327 
789 362 145 

297 634 518 
564 821 793 
831 795 462 

378 916 254 
645 278 931 
912 543 876 
===========
123 457 689 
456 189 327 
789 362 145 

297 634 518 
564 821 973 
831 795 264 

378 916 452 
645 273 891 
912 548 736 
===========
123 457 689 
456 189 327 
789 362 145 

297 634 518 
564 821 973 
831 795 462 

378 916 254 
645 273 891 
912 548 736 
===========
123 457 689 
456 189 327 
789 362 145 

297 634 518 
564 891 732 
831 725 496 

378 946 251 
645 218 973 
912 573 864 
===========
123 457 689 
456 189 327 
789 362 145 

297 634 851 
564 891 273 
831 725 964 

378 946 512 
645 213 798 
912 578 436 
===========
123 457 689 
456 189 327 
789 362 145 

297 634 851 
564 821 793 
831 795 264 

378 946 512 
645 213 978 
912 578 436 
===========
123 457 689 
456 189 327 
789 362 145 

297 634 851 
564 821 973 
831 795 264 

378 946 512 
645 213 798 
912 578 436 
===========
123 457 689 
456 189 327 
789 362 145 

297 635 418 
564 821 793 
831 794 562 

378 916 254 
645 278 931 
912 543 876 
===========
123 457 689 
456 189 327 
789 362 145 

297 635 418 
564 821 973 
831 794 562 

378 916 254 
645 273 891 
912 548 736 
===========
123 457 689 
456 189 327 
789 362 145 

297 635 418 
564 891 732 
831 724 596 

378 946 251 
645 218 973 
912 573 864 
===========
123 457 689 
456 189 327 
789 362 145 

297 635 814 
564 891 273 
831 724 596 

378 916 452 
645 278 931 
912 543 768 
===========
123 457 689 
456 189 327 
789 362 145 

297 635 814 
564 891 732 
831 724 596 

378 946 251 
645 218 973 
912 573 468 
===========
123 457 689 
456 189 327 
789 362 145 

297 635 814 
564 891 732 
831 724 596 

378 946 251 
645 213 978 
912 578 463 
===========
123 457 689 
456 189 327 
789 362 145 

297 635 814 
564 821 793 
831 794 562 

378 946 251 
645 213 978 
912 578 436 
===========
123 457 689 
456 189 327 
789 362 145 

297 635 814 
564 821 973 
831 794 562 

378 946 251 
645 213 798 
912 578 436 
===========
123 457 689 
456 189 327 
789 362 145 

297 641 538 
564 823 791 
831 795 264 

378 916 452 
645 278 913 
912 534 876 
===========
123 457 689 
456 189 327 
789 362 145 

297 641 538 
564 823 791 
831 795 462 

378 916 254 
645 278 913 
912 534 876 
===========
123 457 689 
456 189 327 
789 362 145 

297 641 538 
564 823 791 
831 795 462 

378 914 256 
645 278 913 
912 536 874 
===========
123 457 689 
456 189 327 
789 362 145 

297 641 538 
564 893 712 
831 725 496 

378 916 254 
645 238 971 
912 574 863 
===========
123 457 689 
456 189 327 
789 362 145 

297 643 518 
564 821 793 
831 795 264 

378 916 452 
645 278 931 
912 534 876 
===========
123 457 689 
456 189 327 
789 362 145 

297 643 518 
564 821 793 
831 795 462 

378 916 254 
645 278 931 
912 534 876 
===========
123 457 689 
456 189 327 
789 362 145 

297 643 518 
564 821 793 
831 795 462 

378 914 256 
645 278 931 
912 536 874 
===========
123 457 689 
456 189 327 
789 362 145 

297 643 518 
564 891 273 
831 725 964 

378 916 452 
645 238 791 
912 574 836 
===========
123 457 689 
456 189 327 
789 362 145 

297 643 518 
564 891 732 
831 725 496 

378 916 254 
645 238 971 
912 574 863 
===========
123 457 689 
456 189 327 
789 362 145 

297 643 518 
564 821 793 
831 795 264 

378 916 452 
645 238 971 
912 574 836 
===========
123 457 689 
456 189 327 
789 362 145 

297 643 518 
564 821 793 
831 795 462 

378 916 254 
645 238 971 
912 574 836 
===========
123 457 689 
456 189 327 
789 362 145 

297 643 518 
564 821 793 
831 795 462 

378 914 256 
645 238 971 
912 576 834 
===========
123 457 689 
456 189 327 
789 362 145 

297 643 518 
564 821 973 
831 795 264 

378 916 452 
645 238 791 
912 574 836 
===========
123 457 689 
456 189 327 
789 362 145 

297 643 518 
564 821 973 
831 795 462 

378 916 254 
645 238 791 
912 574 836 
===========
123 457 689 
456 189 327 
789 362 145 

297 643 518 
564 821 973 
831 795 462 

378 914 256 
645 238 791 
912 576 834 
===========
123 457 689 
456 189 327 
789 362 145 

297 814 536 
564 973 218 
831 625 974 

378 296 451 
645 731 892 
912 548 763 
===========
123 457 689 
456 189 327 
789 362 145 

297 814 536 
564 973 812 
831 625 974 

378 296 451 
645 731 298 
912 548 763 
===========
123 457 689 
456 189 327 
789 362 145 

297 814 563 
564 973 218 
831 625 794 

378 246 951 
645 791 832 
912 538 476 
===========
123 457 689 
456 189 327 
789 362 145 

297 814 563 
564 973 812 
831 625 794 

378 241 956 
645 798 231 
912 536 478 
===========
123 457 689 
456 189 327 
789 362 145 

297 814 563 
564 973 812 
831 625 794 

378 246 951 
645 791 238 
912 538 476 
===========
123 457 689 
456 189 327 
789 362 145 

297 814 563 
564 923 718 
831 675 492 

378 241 956 
645 798 231 
912 536 874 
===========
123 457 689 
456 189 327 
789 362 145 

297 814 563 
564 923 718 
831 675 294 

378 246 951 
645 791 832 
912 538 476 
===========
123 457 689 
456 189 327 
789 362 145 

297 814 563 
564 973 218 
831 625 974 

378 296 451 
645 731 892 
912 548 736 
===========
123 457 689 
456 189 327 
789 362 145 

297 814 563 
564 973 812 
831 625 974 

378 291 456 
645 738 291 
912 546 738 
===========
123 457 689 
456 189 327 
789 362 145 

297 814 563 
564 973 812 
831 625 974 

378 296 451 
645 731 298 
912 548 736 
===========
123 457 689 
456 189 327 
789 362 145 

297 814 563 
564 923 871 
831 675 294 

378 291 456 
645 738 912 
912 546 738 
===========
123 457 689 
456 189 327 
789 362 145 

297 815 436 
564 923 718 
831 674 952 

378 291 564 
645 738 291 
912 546 873 
===========
123 457 689 
456 189 327 
789 362 145 

297 815 436 
564 923 871 
831 674 952 

378 296 514 
645 731 298 
912 548 763 
===========
123 457 689 
456 189 327 
789 362 145 

297 815 463 
564 923 718 
831 674 592 

378 241 956 
645 798 231 
912 536 874 
===========
123 457 689 
456 189 327 
789 362 145 

297 815 463 
564 923 718 
831 674 952 

378 241 596 
645 798 231 
912 536 874 
===========
123 457 689 
456 189 327 
789 362 145 

297 815 463 
564 923 871 
831 674 952 

378 296 514 
645 731 298 
912 548 736 
===========
123 457 689 
456 189 327 
789 362 145 

297 834 516 
564 971 238 
831 625 974 

378 296 451 
645 713 892 
912 548 763 
===========
123 457 689 
456 189 327 
789 362 145 

297 834 516 
564 971 832 
831 625 974 

378 296 451 
645 718 293 
912 543 768 
===========
123 457 689 
456 189 327 
789 362 145 

297 834 516 
564 971 832 
831 625 974 

378 296 451 
645 713 298 
912 548 763 
===========
123 457 689 
456 189 327 
789 362 145 

297 834 516 
564 921 873 
831 675 294 

378 296 451 
645 718 932 
912 543 768 
===========
123 457 689 
456 189 327 
789 362 145 

297 834 516 
564 921 873 
831 675 492 

378 216 954 
645 798 231 
912 543 768 
===========
123 457 689 
456 189 327 
789 362 145 

297 834 561 
564 921 738 
831 675 492 

378 216 954 
645 798 213 
912 543 876 
===========
123 457 689 
456 189 327 
789 362 145 

297 834 561 
564 921 873 
831 675 492 

378 216 954 
645 793 218 
912 548 736 
===========
123 457 689 
456 189 327 
789 362 145 

297 835 416 
564 921 873 
831 674 592 

378 216 954 
645 798 231 
912 543 768 
===========
123 457 689 
456 189 327 
789 362 145 

297 835 416 
564 921 873 
831 674 952 

378 216 594 
645 798 231 
912 543 768 
===========
123 457 689 
456 189 327 
789 362 145 

297 835 461 
564 921 738 
831 674 952 

378 296 514 
645 718 293 
912 543 876 
===========
123 457 689 
456 189 327 
789 362 145 

297 835 461 
564 921 873 
831 674 952 

378 296 514 
645 713 298 
912 548 736 
===========
123 457 689 
456 189 327 
789 362 145 

297 835 461 
564 921 738 
831 674 592 

378 216 954 
645 798 213 
912 543 876 
===========
123 457 689 
456 189 327 
789 362 145 

297 835 461 
564 921 738 
831 674 952 

378 216 594 
645 798 213 
912 543 876 
===========
123 457 689 
456 189 327 
789 362 145 

297 835 461 
564 921 873 
831 674 592 

378 216 954 
645 793 218 
912 548 736 
===========
123 457 689 
456 189 327 
789 362 145 

297 835 461 
564 921 873 
831 674 952 

378 216 594 
645 793 218 
912 548 736 
===========
123 457 689 
456 189 327 
789 362 145 

297 841 536 
564 973 812 
831 625 974 

378 296 451 
645 718 293 
912 534 768 
===========
123 457 689 
456 189 327 
789 362 145 

297 841 536 
564 923 871 
831 675 492 

378 216 954 
645 798 213 
912 534 768 
===========
123 457 689 
456 189 327 
789 362 145 

297 841 563 
564 973 218 
831 625 794 

378 296 451 
645 718 932 
912 534 876 
===========
123 457 689 
456 189 327 
789 362 145 

297 841 563 
564 923 718 
831 675 294 

378 296 451 
645 718 932 
912 534 876 
===========
123 457 689 
456 189 327 
789 362 145 

297 841 563 
564 973 812 
831 625 794 

378 214 956 
645 798 231 
912 536 478 
===========
123 457 689 
456 189 327 
789 362 145 

297 841 563 
564 923 718 
831 675 492 

378 216 954 
645 798 231 
912 534 876 
===========
123 457 689 
456 189 327 
789 362 145 

297 841 563 
564 923 718 
831 675 492 

378 214 956 
645 798 231 
912 536 874 
===========
123 457 689 
456 189 327 
789 362 145 

297 843 516 
564 971 832 
831 625 974 

378 296 451 
645 718 293 
912 534 768 
===========
123 457 689 
456 189 327 
789 362 145 

297 843 516 
564 921 873 
831 675 294 

378 296 451 
645 718 932 
912 534 768 
===========
123 457 689 
456 189 327 
789 362 145 

297 843 516 
564 921 873 
831 675 492 

378 216 954 
645 798 231 
912 534 768 
===========
123 457 689 
456 189 327 
789 362 145 

297 843 561 
564 971 832 
831 625 794 

378 214 956 
645 798 213 
912 536 478 
===========
123 457 689 
456 189 327 
789 362 145 

297 843 561 
564 921 738 
831 675 492 

378 216 954 
645 798 213 
912 534 876 
===========
123 457 689 
456 189 327 
789 362 145 

297 843 561 
564 921 738 
831 675 492 

378 214 956 
645 798 213 
912 536 874 
===========
123 457 689 
456 189 327 
789 362 145 

297 614 538 
564 823 791 
831 975 462 

378 241 956 
645 798 213 
912 536 874 
===========
123 457 689 
456 189 327 
789 362 145 

297 614 538 
564 873 291 
831 925 764 

378 291 456 
645 738 912 
912 546 873 
===========
123 457 689 
456 189 327 
789 362 145 

297 614 538 
564 873 912 
831 925 764 

378 291 456 
645 738 291 
912 546 873 
===========
123 457 689 
456 189 327 
789 362 145 

297 614 538 
564 823 791 
831 975 264 

378 291 456 
645 738 912 
912 546 873 
===========
123 457 689 
456 189 327 
789 362 145 

297 614 853 
564 873 912 
831 925 764 

378 241 596 
645 798 231 
912 536 478 
===========
123 457 689 
456 189 327 
789 362 145 

297 614 853 
564 873 912 
831 925 476 

378 246 591 
645 791 238 
912 538 764 
===========
123 457 689 
456 189 327 
789 362 145 

297 614 853 
564 873 912 
831 925 764 

378 246 591 
645 791 238 
912 538 476 
===========
123 457 689 
456 189 327 
789 362 145 

297 614 853 
564 873 291 
831 925 476 

378 291 564 
645 738 912 
912 546 738 
===========
123 457 689 
456 189 327 
789 362 145 

297 614 853 
564 873 912 
831 925 476 

378 291 564 
645 738 291 
912 546 738 
===========
123 457 689 
456 189 327 
789 362 145 

297 614 853 
564 823 971 
831 975 462 

378 296 514 
645 731 298 
912 548 736 
===========
