123 457 689 
456 189 723 
789 623 145 

297 814 356 
564 932 817 
831 765 294 

378 591 462 
645 278 931 
912 346 578 
===========
123 457 689 
456 189 723 
789 623 145 

297 814 356 
564 932 817 
831 765 492 

378 591 264 
645 278 931 
912 346 578 
===========
123 457 689 
456 189 723 
789 623 145 

297 814 356 
564 932 871 
831 765 294 

378 596 412 
645 271 938 
912 348 567 
===========
123 457 689 
456 189 723 
789 623 145 

297 814 356 
564 932 871 
831 765 492 

378 596 214 
645 271 938 
912 348 567 
===========
123 457 689 
456 189 723 
789 623 145 

297 814 536 
564 932 817 
831 765 294 

378 541 962 
645 298 371 
912 376 458 
===========
123 457 689 
456 189 723 
789 623 145 

297 814 536 
564 932 871 
831 765 294 

378 541 962 
645 298 317 
912 376 458 
===========
123 457 689 
456 189 723 
789 623 145 

297 815 364 
564 932 871 
831 746 592 

378 594 216 
645 271 938 
912 368 457 
===========
123 457 689 
456 189 723 
789 623 145 

297 815 436 
564 932 817 
831 764 952 

378 591 264 
645 278 391 
912 346 578 
===========
123 457 689 
456 189 723 
789 623 145 

297 815 436 
564 932 871 
831 764 952 

378 596 214 
645 271 398 
912 348 567 
===========
123 457 689 
456 189 723 
789 623 145 

297 815 436 
564 932 817 
831 746 952 

378 591 264 
645 278 391 
912 364 578 
===========
123 457 689 
456 189 723 
789 623 145 

297 815 436 
564 932 817 
831 746 952 

378 594 261 
645 271 398 
912 368 574 
===========
123 457 689 
456 189 723 
789 623 145 

297 815 436 
564 932 817 
831 764 952 

378 546 291 
645 291 378 
912 378 564 
===========
123 457 689 
456 189 723 
789 623 145 

297 815 436 
564 932 817 
831 746 952 

378 561 294 
645 298 371 
912 374 568 
===========
123 457 689 
456 189 723 
789 623 145 

297 815 436 
564 932 817 
831 746 952 

378 564 291 
645 291 378 
912 378 564 
===========
123 457 689 
456 189 723 
789 623 145 

297 815 436 
564 932 871 
831 746 952 

378 561 294 
645 298 317 
912 374 568 
===========
123 457 689 
456 189 723 
789 623 145 

297 816 354 
564 932 817 
831 745 296 

378 591 462 
645 278 931 
912 364 578 
===========
123 457 689 
456 189 723 
789 623 145 

297 816 534 
564 932 871 
831 745 962 

378 594 216 
645 271 398 
912 368 457 
===========
123 457 689 
456 189 723 
789 623 145 

297 816 534 
564 932 817 
831 745 962 

378 564 291 
645 291 378 
912 378 456 
===========
123 457 689 
456 189 723 
789 623 145 

297 834 516 
564 912 378 
831 765 294 

378 591 462 
645 278 931 
912 346 857 
===========
123 457 689 
456 189 723 
789 623 145 

297 834 516 
564 912 378 
831 765 492 

378 591 264 
645 278 931 
912 346 857 
===========
123 457 689 
456 189 723 
789 623 145 

297 834 516 
564 912 837 
831 765 294 

378 541 962 
645 298 371 
912 376 458 
===========
123 457 689 
456 189 723 
789 623 145 

297 834 561 
564 912 378 
831 765 294 

378 546 912 
645 291 837 
912 378 456 
===========
123 457 689 
456 189 723 
789 623 145 

297 834 561 
564 912 837 
831 765 294 

378 546 912 
645 291 378 
912 378 456 
===========
123 457 689 
456 189 723 
789 623 145 

297 835 416 
564 912 378 
831 764 592 

378 591 264 
645 278 931 
912 346 857 
===========
123 457 689 
456 189 723 
789 623 145 

297 835 416 
564 912 837 
831 764 952 

378 591 264 
645 278 391 
912 346 578 
===========
123 457 689 
456 189 723 
789 623 145 

297 835 416 
564 912 378 
831 746 592 

378 591 264 
645 278 931 
912 364 857 
===========
123 457 689 
456 189 723 
789 623 145 

297 835 416 
564 912 837 
831 746 952 

378 591 264 
645 278 391 
912 364 578 
===========
123 457 689 
456 189 723 
789 623 145 

297 835 416 
564 912 837 
831 746 952 

378 594 261 
645 271 398 
912 368 574 
===========
123 457 689 
456 189 723 
789 623 145 

297 835 416 
564 912 378 
831 764 952 

378 546 291 
645 291 837 
912 378 564 
===========
123 457 689 
456 189 723 
789 623 145 

297 835 416 
564 912 837 
831 764 952 

378 546 291 
645 291 378 
912 378 564 
===========
123 457 689 
456 189 723 
789 623 145 

297 835 416 
564 912 378 
831 746 952 

378 564 291 
645 291 837 
912 378 564 
===========
123 457 689 
456 189 723 
789 623 145 

297 835 416 
564 912 837 
831 746 952 

378 561 294 
645 298 371 
912 374 568 
===========
123 457 689 
456 189 723 
789 623 145 

297 835 416 
564 912 837 
831 746 952 

378 564 291 
645 291 378 
912 378 564 
===========
123 457 689 
456 189 723 
789 623 145 

297 835 461 
564 912 837 
831 764 952 

378 596 214 
645 271 398 
912 348 576 
===========
123 457 689 
456 189 723 
789 623 145 

297 835 461 
564 912 837 
831 746 952 

378 594 216 
645 271 398 
912 368 574 
===========
123 457 689 
456 189 723 
789 623 145 

297 836 451 
564 912 837 
831 745 962 

378 594 216 
645 271 398 
912 368 574 
===========
123 457 689 
456 189 723 
789 623 145 

297 836 451 
564 912 378 
831 745 296 

378 564 912 
645 291 837 
912 378 564 
===========
123 457 689 
456 189 723 
789 623 145 

297 836 451 
564 912 837 
831 745 296 

378 564 912 
645 291 378 
912 378 564 
===========
123 457 689 
456 189 723 
789 623 145 

297 836 514 
564 912 378 
831 745 296 

378 591 462 
645 278 931 
912 364 857 
===========
123 457 689 
456 189 723 
789 623 145 

297 836 514 
564 912 378 
831 745 962 

378 564 291 
645 291 837 
912 378 456 
===========
123 457 689 
456 189 723 
789 623 145 

297 836 514 
564 912 837 
831 745 962 

378 564 291 
645 291 378 
912 378 456 
===========
123 457 689 
456 189 723 
789 623 145 

297 841 356 
564 932 871 
831 765 294 

378 596 412 
645 218 937 
912 374 568 
===========
123 457 689 
456 189 723 
789 623 145 

297 841 356 
564 932 871 
831 765 492 

378 596 214 
645 218 937 
912 374 568 
===========
123 457 689 
456 189 723 
789 623 145 

297 841 536 
564 932 817 
831 765 294 

378 514 962 
645 298 371 
912 376 458 
===========
123 457 689 
456 189 723 
789 623 145 

297 841 536 
564 932 871 
831 765 294 

378 514 962 
645 298 317 
912 376 458 
===========
123 457 689 
456 189 723 
789 623 145 

297 845 316 
564 931 872 
831 762 594 

378 594 261 
645 218 937 
912 376 458 
===========
123 457 689 
456 189 723 
789 623 145 

297 845 361 
564 931 278 
831 762 594 

378 596 412 
645 218 937 
912 374 856 
===========
123 457 689 
456 189 723 
789 623 145 

297 845 361 
564 931 872 
831 762 594 

378 594 216 
645 218 937 
912 376 458 
===========
123 457 689 
456 189 723 
789 623 145 

297 861 354 
564 932 871 
831 745 296 

378 596 412 
645 218 937 
912 374 568 
===========
123 457 689 
456 189 723 
789 623 145 

297 861 534 
564 932 871 
831 745 962 

378 594 216 
645 218 397 
912 376 458 
===========
123 457 689 
456 189 723 
789 623 145 

297 861 534 
564 932 817 
831 745 296 

378 514 962 
645 298 371 
912 376 458 
===========
123 457 689 
456 189 723 
789 623 145 

297 861 534 
564 932 817 
831 745 962 

378 514 296 
645 298 371 
912 376 458 
===========
123 457 689 
456 189 723 
789 623 145 

297 861 534 
564 932 871 
831 745 296 

378 514 962 
645 298 317 
912 376 458 
===========
123 457 689 
456 189 723 
789 623 145 

297 861 534 
564 932 871 
831 745 962 

378 514 296 
645 298 317 
912 376 458 
===========
123 457 689 
456 189 723 
789 623 145 

297 865 314 
564 931 872 
831 742 596 

378 594 261 
645 218 937 
912 376 458 
===========
123 457 689 
456 189 723 
789 623 145 

297 865 431 
564 931 872 
831 742 956 

378 596 214 
645 218 397 
912 374 568 
===========
123 457 689 
456 189 723 
789 623 145 

297 865 431 
564 931 278 
831 742 596 

378 514 962 
645 298 317 
912 376 854 
===========
123 457 689 
456 189 723 
789 623 145 

297 865 431 
564 931 872 
831 742 956 

378 516 294 
645 298 317 
912 374 568 
===========
123 457 689 
456 189 723 
789 623 145 

297 814 356 
564 732 891 
831 965 274 

378 596 412 
645 271 938 
912 348 567 
===========
123 457 689 
456 189 723 
789 623 145 

297 814 356 
564 732 891 
831 965 472 

378 596 214 
645 271 938 
912 348 567 
===========
123 457 689 
456 189 723 
789 623 145 

297 814 356 
564 732 918 
831 965 472 

378 546 291 
645 291 837 
912 378 564 
===========
123 457 689 
456 189 723 
789 623 145 

297 814 536 
564 732 918 
831 965 274 

378 591 462 
645 278 391 
912 346 857 
===========
123 457 689 
456 189 723 
789 623 145 

297 814 536 
564 732 918 
831 965 472 

378 591 264 
645 278 391 
912 346 857 
===========
123 457 689 
456 189 723 
789 623 145 

297 814 536 
564 732 891 
831 965 274 

378 541 962 
645 298 317 
912 376 458 
===========
123 457 689 
456 189 723 
789 623 145 

297 815 364 
564 732 891 
831 964 257 

378 596 412 
645 271 938 
912 348 576 
===========
123 457 689 
456 189 723 
789 623 145 

297 815 364 
564 732 891 
831 946 572 

378 594 216 
645 271 938 
912 368 457 
===========
123 457 689 
456 189 723 
789 623 145 

297 815 364 
564 732 918 
831 964 572 

378 546 291 
645 291 837 
912 378 456 
===========
123 457 689 
456 189 723 
789 623 145 

297 815 364 
564 732 918 
831 946 572 

378 564 291 
645 291 837 
912 378 456 
===========
123 457 689 
456 189 723 
789 623 145 

297 815 436 
564 732 918 
831 964 572 

378 591 264 
645 278 391 
912 346 857 
===========
123 457 689 
456 189 723 
789 623 145 

297 815 436 
564 732 918 
831 946 572 

378 591 264 
645 278 391 
912 364 857 
===========
123 457 689 
456 189 723 
789 623 145 

297 815 436 
564 732 891 
831 964 257 

378 546 912 
645 291 378 
912 378 564 
===========
123 457 689 
456 189 723 
789 623 145 

297 815 436 
564 732 891 
831 946 257 

378 564 912 
645 291 378 
912 378 564 
===========
123 457 689 
456 189 723 
789 623 145 

297 816 534 
564 732 918 
831 945 276 

378 591 462 
645 278 391 
912 364 857 
===========
123 457 689 
456 189 723 
789 623 145 

297 816 534 
564 732 891 
831 945 267 

378 564 912 
645 291 378 
912 378 456 
===========
123 457 689 
456 189 723 
789 623 145 

297 816 534 
564 732 918 
831 945 267 

378 561 492 
645 298 371 
912 374 856 
===========
123 457 689 
456 189 723 
789 623 145 

297 834 516 
564 712 398 
831 965 274 

378 591 462 
645 278 931 
912 346 857 
===========
123 457 689 
456 189 723 
789 623 145 

297 834 516 
564 712 398 
831 965 472 

378 591 264 
645 278 931 
912 346 857 
===========
123 457 689 
456 189 723 
789 623 145 

297 834 516 
564 712 938 
831 965 274 

378 591 462 
645 278 391 
912 346 857 
===========
123 457 689 
456 189 723 
789 623 145 

297 834 516 
564 712 938 
831 965 472 

378 591 264 
645 278 391 
912 346 857 
===========
123 457 689 
456 189 723 
789 623 145 

297 834 561 
564 712 398 
831 965 274 

378 546 912 
645 291 837 
912 378 456 
===========
123 457 689 
456 189 723 
789 623 145 

297 834 561 
564 712 938 
831 965 472 

378 541 296 
645 298 317 
912 376 854 
===========
123 457 689 
456 189 723 
789 623 145 

297 835 416 
564 712 398 
831 964 572 

378 591 264 
645 278 931 
912 346 857 
===========
123 457 689 
456 189 723 
789 623 145 

297 835 416 
564 712 938 
831 964 572 

378 591 264 
645 278 391 
912 346 857 
===========
123 457 689 
456 189 723 
789 623 145 

297 835 416 
564 712 398 
831 946 572 

378 591 264 
645 278 931 
912 364 857 
===========
123 457 689 
456 189 723 
789 623 145 

297 835 416 
564 712 938 
831 946 572 

378 591 264 
645 278 391 
912 364 857 
===========
123 457 689 
456 189 723 
789 623 145 

297 835 461 
564 712 938 
831 964 572 

378 541 296 
645 298 317 
912 376 854 
===========
123 457 689 
456 189 723 
789 623 145 

297 835 461 
564 712 938 
831 946 572 

378 561 294 
645 298 317 
912 374 856 
===========
123 457 689 
456 189 723 
789 623 145 

297 836 451 
564 712 398 
831 945 276 

378 564 912 
645 291 837 
912 378 564 
===========
123 457 689 
456 189 723 
789 623 145 

297 836 514 
564 712 398 
831 945 276 

378 591 462 
645 278 931 
912 364 857 
===========
123 457 689 
456 189 723 
789 623 145 

297 836 514 
564 712 938 
831 945 276 

378 591 462 
645 278 391 
912 364 857 
===========
123 457 689 
456 189 723 
789 623 145 

297 836 514 
564 712 938 
831 945 267 

378 561 492 
645 298 371 
912 374 856 
===========
123 457 689 
456 189 723 
789 623 145 

297 841 356 
564 732 891 
831 965 274 

378 596 412 
645 218 937 
912 374 568 
===========
123 457 689 
456 189 723 
789 623 145 

297 841 356 
564 732 891 
831 965 472 

378 596 214 
645 218 937 
912 374 568 
===========
123 457 689 
456 189 723 
789 623 145 

297 841 536 
564 732 918 
831 965 472 

378 594 261 
645 218 397 
912 376 854 
===========
123 457 689 
456 189 723 
789 623 145 

297 841 536 
564 732 891 
831 965 274 

378 514 962 
645 298 317 
912 376 458 
===========
123 457 689 
456 189 723 
789 623 145 

297 845 316 
564 731 892 
831 962 574 

378 594 261 
645 218 937 
912 376 458 
===========
123 457 689 
456 189 723 
789 623 145 

297 845 361 
564 731 298 
831 962 574 

378 596 412 
645 218 937 
912 374 856 
===========
123 457 689 
456 189 723 
789 623 145 

297 845 361 
564 731 892 
831 962 574 

378 594 216 
645 218 937 
912 376 458 
===========
123 457 689 
456 189 723 
789 623 145 

297 861 354 
564 732 891 
831 945 276 

378 596 412 
645 218 937 
912 374 568 
===========
123 457 689 
456 189 723 
789 623 145 

297 861 534 
564 732 891 
831 945 276 

378 514 962 
645 298 317 
912 376 458 
===========
123 457 689 
456 189 723 
789 623 145 

297 861 534 
564 732 918 
831 945 267 

378 516 492 
645 298 371 
912 374 856 
===========
123 457 689 
456 189 723 
789 623 145 

297 865 314 
564 731 892 
831 942 576 

378 594 261 
645 218 937 
912 376 458 
===========
123 457 689 
456 189 723 
789 623 145 

297 865 431 
564 731 298 
831 942 576 

378 514 962 
645 298 317 
912 376 854 
===========
123 457 689 
456 189 723 
789 623 145 

297 814 356 
564 732 891 
831 596 274 

378 965 412 
645 271 938 
912 348 567 
===========
123 457 689 
456 189 723 
789 623 145 

297 814 356 
564 732 891 
831 596 472 

378 965 214 
645 271 938 
912 348 567 
===========
123 457 689 
456 189 723 
789 623 145 

297 814 536 
564 732 918 
831 596 274 

378 961 452 
645 278 391 
912 345 867 
===========
123 457 689 
456 189 723 
789 623 145 

297 814 536 
564 732 918 
831 596 472 

378 961 254 
645 278 391 
912 345 867 
===========
123 457 689 
456 189 723 
789 623 145 

297 816 354 
564 732 891 
831 594 267 

378 965 412 
645 271 938 
912 348 576 
===========
123 457 689 
456 189 723 
789 623 145 

297 816 354 
564 732 891 
831 594 276 

378 965 412 
645 271 938 
912 348 567 
===========
123 457 689 
456 189 723 
789 623 145 

297 816 534 
564 732 918 
831 594 267 

378 961 452 
645 278 391 
912 345 876 
===========
123 457 689 
456 189 723 
789 623 145 

297 816 534 
564 732 918 
831 594 276 

378 961 452 
645 278 391 
912 345 867 
===========
123 457 689 
456 189 723 
789 623 145 

297 831 456 
564 792 318 
831 546 297 

378 914 562 
645 278 931 
912 365 874 
===========
123 457 689 
456 189 723 
789 623 145 

297 831 456 
564 792 831 
831 546 972 

378 965 214 
645 218 397 
912 374 568 
===========
123 457 689 
456 189 723 
789 623 145 

297 831 564 
564 792 318 
831 564 297 

378 916 452 
645 278 931 
912 345 876 
===========
123 457 689 
456 189 723 
789 623 145 

297 831 564 
564 792 831 
831 564 972 

378 945 216 
645 218 397 
912 376 458 
===========
123 457 689 
456 189 723 
789 623 145 

297 834 516 
564 791 238 
831 562 974 

378 916 452 
645 278 391 
912 345 867 
===========
123 457 689 
456 189 723 
789 623 145 

297 834 516 
564 791 238 
831 562 974 

378 915 462 
645 278 391 
912 346 857 
===========
123 457 689 
456 189 723 
789 623 145 

297 834 516 
564 712 398 
831 596 274 

378 961 452 
645 278 931 
912 345 867 
===========
123 457 689 
456 189 723 
789 623 145 

297 834 516 
564 712 398 
831 596 472 

378 961 254 
645 278 931 
912 345 867 
===========
123 457 689 
456 189 723 
789 623 145 

297 834 516 
564 712 938 
831 596 274 

378 961 452 
645 278 391 
912 345 867 
===========
123 457 689 
456 189 723 
789 623 145 

297 834 516 
564 712 938 
831 596 472 

378 961 254 
645 278 391 
912 345 867 
===========
123 457 689 
456 189 723 
789 623 145 

297 834 516 
564 791 832 
831 562 974 

378 946 251 
645 218 397 
912 375 468 
===========
123 457 689 
456 189 723 
789 623 145 

297 834 516 
564 791 832 
831 562 974 

378 945 261 
645 218 397 
912 376 458 
===========
123 457 689 
456 189 723 
789 623 145 

297 834 561 
564 791 832 
831 562 974 

378 945 216 
645 218 397 
912 376 458 
===========
123 457 689 
456 189 723 
789 623 145 

297 836 451 
564 791 238 
831 542 976 

378 964 512 
645 218 397 
912 375 864 
===========
123 457 689 
456 189 723 
789 623 145 

297 836 451 
564 791 832 
831 542 976 

378 965 214 
645 218 397 
912 374 568 
===========
123 457 689 
456 189 723 
789 623 145 

297 836 514 
564 712 398 
831 594 267 

378 961 452 
645 278 931 
912 345 876 
===========
123 457 689 
456 189 723 
789 623 145 

297 836 514 
564 712 398 
831 594 276 

378 961 452 
645 278 931 
912 345 867 
===========
123 457 689 
456 189 723 
789 623 145 

297 836 514 
564 712 938 
831 594 267 

378 961 452 
645 278 391 
912 345 876 
===========
123 457 689 
456 189 723 
789 623 145 

297 836 514 
564 712 938 
831 594 276 

378 961 452 
645 278 391 
912 345 867 
===========
123 457 689 
456 189 723 
789 623 145 

297 836 514 
564 791 238 
831 542 976 

378 915 462 
645 278 391 
912 364 857 
===========
123 457 689 
456 189 723 
789 623 145 

297 836 514 
564 791 832 
831 542 967 

378 914 256 
645 278 391 
912 365 478 
===========
123 457 689 
456 189 723 
789 623 145 

297 836 514 
564 791 832 
831 542 976 

378 964 251 
645 218 397 
912 375 468 
===========
123 457 689 
456 189 723 
789 623 145 

297 841 356 
564 732 891 
831 596 274 

378 965 412 
645 218 937 
912 374 568 
===========
123 457 689 
456 189 723 
789 623 145 

297 841 356 
564 732 891 
831 596 472 

378 965 214 
645 218 937 
912 374 568 
===========
123 457 689 
456 189 723 
789 623 145 

297 841 356 
564 732 891 
831 596 274 

378 964 512 
645 218 937 
912 375 468 
===========
123 457 689 
456 189 723 
789 623 145 

297 841 536 
564 732 918 
831 596 274 

378 915 462 
645 278 391 
912 364 857 
===========
123 457 689 
456 189 723 
789 623 145 

297 841 536 
564 732 918 
831 596 472 

378 915 264 
645 278 391 
912 364 857 
===========
123 457 689 
456 189 723 
789 623 145 

297 841 536 
564 732 918 
831 596 472 

378 964 251 
645 218 397 
912 375 864 
===========
123 457 689 
456 189 723 
789 623 145 

297 846 351 
564 731 298 
831 592 476 

378 964 512 
645 218 937 
912 375 864 
===========
123 457 689 
456 189 723 
789 623 145 

297 846 351 
564 731 892 
831 592 476 

378 965 214 
645 218 937 
912 374 568 
===========
123 457 689 
456 189 723 
789 623 145 

297 861 354 
564 732 891 
831 594 276 

378 946 512 
645 218 937 
912 375 468 
===========
123 457 689 
456 189 723 
789 623 145 

297 861 534 
564 732 918 
831 594 267 

378 916 452 
645 278 391 
912 345 876 
===========
123 457 689 
456 189 723 
789 623 145 

297 861 534 
564 732 918 
831 594 276 

378 916 452 
645 278 391 
912 345 867 
===========
123 457 689 
456 189 723 
789 623 145 

297 861 534 
564 732 918 
831 594 276 

378 915 462 
645 278 391 
912 346 857 
===========
123 457 689 
456 189 723 
789 623 145 

297 864 351 
564 731 298 
831 592 476 

378 946 512 
645 218 937 
912 375 864 
===========
123 457 689 
456 189 723 
789 623 145 

297 514 836 
564 832 971 
831 796 254 

378 965 412 
645 271 398 
912 348 567 
===========
123 457 689 
456 189 723 
789 623 145 

297 514 836 
564 832 971 
831 796 452 

378 965 214 
645 271 398 
912 348 567 
===========
123 457 689 
456 189 723 
789 623 145 

297 514 836 
564 832 917 
831 796 254 

378 941 562 
645 278 391 
912 365 478 
===========
123 457 689 
456 189 723 
789 623 145 

297 514 836 
564 832 917 
831 796 452 

378 945 261 
645 271 398 
912 368 574 
===========
123 457 689 
456 189 723 
789 623 145 

297 516 438 
564 832 917 
831 794 562 

378 961 254 
645 278 391 
912 345 876 
===========
123 457 689 
456 189 723 
789 623 145 

297 516 438 
564 832 917 
831 794 256 

378 941 562 
645 278 391 
912 365 874 
===========
123 457 689 
456 189 723 
789 623 145 

297 516 438 
564 832 917 
831 794 562 

378 941 256 
645 278 391 
912 365 874 
===========
123 457 689 
456 189 723 
789 623 145 

297 516 834 
564 832 971 
831 794 256 

378 965 412 
645 271 398 
912 348 567 
===========
123 457 689 
456 189 723 
789 623 145 

297 516 834 
564 832 917 
831 794 256 

378 941 562 
645 278 391 
912 365 478 
===========
123 457 689 
456 189 723 
789 623 145 

297 516 834 
564 832 917 
831 794 562 

378 941 256 
645 278 391 
912 365 478 
===========
123 457 689 
456 189 723 
789 623 145 

297 516 834 
564 832 971 
831 794 562 

378 945 216 
645 271 398 
912 368 457 
===========
123 457 689 
456 189 723 
789 623 145 

297 531 468 
564 892 317 
831 764 592 

378 916 254 
645 278 931 
912 345 876 
===========
123 457 689 
456 189 723 
789 623 145 

297 531 468 
564 892 317 
831 746 592 

378 914 256 
645 278 931 
912 365 874 
===========
123 457 689 
456 189 723 
789 623 145 

297 531 468 
564 892 371 
831 764 592 

378 945 216 
645 218 937 
912 376 854 
===========
123 457 689 
456 189 723 
789 623 145 

297 531 468 
564 892 371 
831 746 592 

378 965 214 
645 218 937 
912 374 856 
===========
123 457 689 
456 189 723 
789 623 145 

297 531 864 
564 892 317 
831 746 592 

378 914 256 
645 278 931 
912 365 478 
===========
123 457 689 
456 189 723 
789 623 145 

297 531 864 
564 892 371 
831 764 592 

378 945 216 
645 218 937 
912 376 458 
===========
123 457 689 
456 189 723 
789 623 145 

297 534 816 
564 891 237 
831 762 954 

378 915 462 
645 278 391 
912 346 578 
===========
123 457 689 
456 189 723 
789 623 145 

297 534 816 
564 812 397 
831 796 254 

378 941 562 
645 278 931 
912 365 478 
===========
123 457 689 
456 189 723 
789 623 145 

297 534 816 
564 812 397 
831 796 452 

378 945 261 
645 271 938 
912 368 574 
===========
123 457 689 
456 189 723 
789 623 145 

297 534 816 
564 812 937 
831 796 254 

378 941 562 
645 278 391 
912 365 478 
===========
123 457 689 
456 189 723 
789 623 145 

297 534 816 
564 812 937 
831 796 452 

378 945 261 
645 271 398 
912 368 574 
===========
123 457 689 
456 189 723 
789 623 145 

297 534 816 
564 891 372 
831 762 594 

378 946 251 
645 218 937 
912 375 468 
===========
123 457 689 
456 189 723 
789 623 145 

297 534 816 
564 891 372 
831 762 594 

378 945 261 
645 218 937 
912 376 458 
===========
123 457 689 
456 189 723 
789 623 145 

297 534 861 
564 812 397 
831 796 254 

378 965 412 
645 271 938 
912 348 576 
===========
123 457 689 
456 189 723 
789 623 145 

297 534 861 
564 812 397 
831 796 452 

378 965 214 
645 271 938 
912 348 576 
===========
123 457 689 
456 189 723 
789 623 145 

297 534 861 
564 812 937 
831 796 254 

378 965 412 
645 271 398 
912 348 576 
===========
123 457 689 
456 189 723 
789 623 145 

297 534 861 
564 812 937 
831 796 452 

378 965 214 
645 271 398 
912 348 576 
===========
123 457 689 
456 189 723 
789 623 145 

297 534 861 
564 812 397 
831 796 452 

378 945 216 
645 271 938 
912 368 574 
===========
123 457 689 
456 189 723 
789 623 145 

297 534 861 
564 812 937 
831 796 452 

378 945 216 
645 271 398 
912 368 574 
===========
123 457 689 
456 189 723 
789 623 145 

297 534 861 
564 891 372 
831 762 594 

378 945 216 
645 218 937 
912 376 458 
===========
123 457 689 
456 189 723 
789 623 145 

297 536 418 
564 812 397 
831 794 562 

378 961 254 
645 278 931 
912 345 876 
===========
123 457 689 
456 189 723 
789 623 145 

297 536 418 
564 812 937 
831 794 562 

378 961 254 
645 278 391 
912 345 876 
===========
123 457 689 
456 189 723 
789 623 145 

297 536 418 
564 891 237 
831 742 956 

378 914 562 
645 278 391 
912 365 874 
===========
123 457 689 
456 189 723 
789 623 145 

297 536 418 
564 891 372 
831 742 596 

378 915 264 
645 278 931 
912 364 857 
===========
123 457 689 
456 189 723 
789 623 145 

297 536 418 
564 812 397 
831 794 256 

378 941 562 
645 278 931 
912 365 874 
===========
123 457 689 
456 189 723 
789 623 145 

297 536 418 
564 812 397 
831 794 562 

378 941 256 
645 278 931 
912 365 874 
===========
123 457 689 
456 189 723 
789 623 145 

297 536 418 
564 812 937 
831 794 256 

378 941 562 
645 278 391 
912 365 874 
===========
123 457 689 
456 189 723 
789 623 145 

297 536 418 
564 812 937 
831 794 562 

378 941 256 
645 278 391 
912 365 874 
===========
123 457 689 
456 189 723 
789 623 145 

297 536 418 
564 891 372 
831 742 596 

378 964 251 
645 218 937 
912 375 864 
===========
123 457 689 
456 189 723 
789 623 145 

297 536 814 
564 891 237 
831 742 956 

378 915 462 
645 278 391 
912 364 578 
===========
123 457 689 
456 189 723 
789 623 145 

297 536 814 
564 891 237 
831 742 956 

378 914 562 
645 278 391 
912 365 478 
===========
123 457 689 
456 189 723 
789 623 145 

297 536 814 
564 812 397 
831 794 256 

378 941 562 
645 278 931 
912 365 478 
===========
123 457 689 
456 189 723 
789 623 145 

297 536 814 
564 812 397 
831 794 562 

378 941 256 
645 278 931 
912 365 478 
===========
123 457 689 
456 189 723 
789 623 145 

297 536 814 
564 812 937 
831 794 256 

378 941 562 
645 278 391 
912 365 478 
===========
123 457 689 
456 189 723 
789 623 145 

297 536 814 
564 812 937 
831 794 562 

378 941 256 
645 278 391 
912 365 478 
===========
123 457 689 
456 189 723 
789 623 145 

297 536 814 
564 891 372 
831 742 596 

378 964 251 
645 218 937 
912 375 468 
===========
123 457 689 
456 189 723 
789 623 145 

297 541 836 
564 832 917 
831 796 254 

378 915 462 
645 278 391 
912 364 578 
===========
123 457 689 
456 189 723 
789 623 145 

297 541 836 
564 832 917 
831 796 452 

378 915 264 
645 278 391 
912 364 578 
===========
123 457 689 
456 189 723 
789 623 145 

297 541 836 
564 832 917 
831 796 254 

378 914 562 
645 278 391 
912 365 478 
===========
123 457 689 
456 189 723 
789 623 145 

297 541 836 
564 832 971 
831 796 254 

378 965 412 
645 218 397 
912 374 568 
===========
123 457 689 
456 189 723 
789 623 145 

297 541 836 
564 832 971 
831 796 452 

378 965 214 
645 218 397 
912 374 568 
===========
123 457 689 
456 189 723 
789 623 145 

297 541 836 
564 832 971 
831 796 254 

378 964 512 
645 218 397 
912 375 468 
===========
123 457 689 
456 189 723 
789 623 145 

297 546 318 
564 831 297 
831 792 456 

378 914 562 
645 278 931 
912 365 874 
===========
123 457 689 
456 189 723 
789 623 145 

297 546 831 
564 831 972 
831 792 456 

378 965 214 
645 218 397 
912 374 568 
===========
