123 457 689 
456 189 723 
789 623 154 

297 814 365 
564 932 817 
831 765 492 

378 591 246 
645 278 931 
912 346 578 
===========
123 457 689 
456 189 723 
789 623 154 

297 814 365 
564 932 817 
831 765 492 

378 596 241 
645 271 938 
912 348 576 
===========
123 457 689 
456 189 723 
789 623 154 

297 814 536 
564 932 817 
831 765 942 

378 546 291 
645 291 378 
912 378 465 
===========
123 457 689 
456 189 723 
789 623 154 

297 815 346 
564 932 817 
831 764 295 

378 591 462 
645 278 931 
912 346 578 
===========
123 457 689 
456 189 723 
789 623 154 

297 815 346 
564 932 871 
831 764 295 

378 596 412 
645 271 938 
912 348 567 
===========
123 457 689 
456 189 723 
789 623 154 

297 815 346 
564 932 817 
831 746 295 

378 591 462 
645 278 931 
912 364 578 
===========
123 457 689 
456 189 723 
789 623 154 

297 815 346 
564 932 817 
831 746 592 

378 594 261 
645 271 938 
912 368 475 
===========
123 457 689 
456 189 723 
789 623 154 

297 815 436 
564 932 817 
831 764 295 

378 541 962 
645 298 371 
912 376 548 
===========
123 457 689 
456 189 723 
789 623 154 

297 815 436 
564 932 871 
831 764 295 

378 541 962 
645 298 317 
912 376 548 
===========
123 457 689 
456 189 723 
789 623 154 

297 815 436 
564 932 817 
831 746 295 

378 561 942 
645 298 371 
912 374 568 
===========
123 457 689 
456 189 723 
789 623 154 

297 815 436 
564 932 871 
831 746 295 

378 561 942 
645 298 317 
912 374 568 
===========
123 457 689 
456 189 723 
789 623 154 

297 816 345 
564 932 817 
831 745 296 

378 591 462 
645 278 931 
912 364 578 
===========
123 457 689 
456 189 723 
789 623 154 

297 816 435 
564 932 817 
831 745 962 

378 591 246 
645 278 391 
912 364 578 
===========
123 457 689 
456 189 723 
789 623 154 

297 816 435 
564 932 871 
831 745 962 

378 594 216 
645 271 398 
912 368 547 
===========
123 457 689 
456 189 723 
789 623 154 

297 816 435 
564 932 817 
831 745 296 

378 561 942 
645 298 371 
912 374 568 
===========
123 457 689 
456 189 723 
789 623 154 

297 816 435 
564 932 817 
831 745 962 

378 564 291 
645 291 378 
912 378 546 
===========
123 457 689 
456 189 723 
789 623 154 

297 816 435 
564 932 871 
831 745 296 

378 561 942 
645 298 317 
912 374 568 
===========
123 457 689 
456 189 723 
789 623 154 

297 834 516 
564 912 378 
831 765 942 

378 546 291 
645 291 837 
912 378 465 
===========
123 457 689 
456 189 723 
789 623 154 

297 834 516 
564 912 837 
831 765 942 

378 546 291 
645 291 378 
912 378 465 
===========
123 457 689 
456 189 723 
789 623 154 

297 835 416 
564 912 837 
831 764 295 

378 541 962 
645 298 371 
912 376 548 
===========
123 457 689 
456 189 723 
789 623 154 

297 835 416 
564 912 837 
831 746 295 

378 561 942 
645 298 371 
912 374 568 
===========
123 457 689 
456 189 723 
789 623 154 

297 835 461 
564 912 378 
831 764 295 

378 546 912 
645 291 837 
912 378 546 
===========
123 457 689 
456 189 723 
789 623 154 

297 835 461 
564 912 837 
831 764 295 

378 546 912 
645 291 378 
912 378 546 
===========
123 457 689 
456 189 723 
789 623 154 

297 835 461 
564 912 378 
831 746 295 

378 564 912 
645 291 837 
912 378 546 
===========
123 457 689 
456 189 723 
789 623 154 

297 835 461 
564 912 837 
831 746 295 

378 564 912 
645 291 378 
912 378 546 
===========
123 457 689 
456 189 723 
789 623 154 

297 836 415 
564 912 837 
831 745 962 

378 591 246 
645 278 391 
912 364 578 
===========
123 457 689 
456 189 723 
789 623 154 

297 836 415 
564 912 378 
831 745 962 

378 564 291 
645 291 837 
912 378 546 
===========
123 457 689 
456 189 723 
789 623 154 

297 836 415 
564 912 837 
831 745 296 

378 561 942 
645 298 371 
912 374 568 
===========
123 457 689 
456 189 723 
789 623 154 

297 836 415 
564 912 837 
831 745 962 

378 564 291 
645 291 378 
912 378 546 
===========
123 457 689 
456 189 723 
789 623 154 

297 836 541 
564 912 837 
831 745 962 

378 594 216 
645 271 398 
912 368 475 
===========
123 457 689 
456 189 723 
789 623 154 

297 836 541 
564 912 378 
831 745 296 

378 564 912 
645 291 837 
912 378 465 
===========
123 457 689 
456 189 723 
789 623 154 

297 836 541 
564 912 837 
831 745 296 

378 564 912 
645 291 378 
912 378 465 
===========
123 457 689 
456 189 723 
789 623 154 

297 841 365 
564 932 871 
831 765 492 

378 594 216 
645 218 937 
912 376 548 
===========
123 457 689 
456 189 723 
789 623 154 

297 845 316 
564 931 872 
831 762 495 

378 596 241 
645 218 937 
912 374 568 
===========
123 457 689 
456 189 723 
789 623 154 

297 845 316 
564 931 872 
831 762 495 

378 594 261 
645 218 937 
912 376 548 
===========
123 457 689 
456 189 723 
789 623 154 

297 845 361 
564 931 872 
831 762 495 

378 594 216 
645 218 937 
912 376 548 
===========
123 457 689 
456 189 723 
789 623 154 

297 861 345 
564 932 871 
831 745 296 

378 596 412 
645 218 937 
912 374 568 
===========
123 457 689 
456 189 723 
789 623 154 

297 861 435 
564 932 871 
831 745 962 

378 594 216 
645 218 397 
912 376 548 
===========
123 457 689 
456 189 723 
789 623 154 

297 861 435 
564 932 817 
831 745 296 

378 516 942 
645 298 371 
912 374 568 
===========
123 457 689 
456 189 723 
789 623 154 

297 861 435 
564 932 817 
831 745 296 

378 514 962 
645 298 371 
912 376 548 
===========
123 457 689 
456 189 723 
789 623 154 

297 861 435 
564 932 817 
831 745 962 

378 514 296 
645 298 371 
912 376 548 
===========
123 457 689 
456 189 723 
789 623 154 

297 861 435 
564 932 871 
831 745 296 

378 516 942 
645 298 317 
912 374 568 
===========
123 457 689 
456 189 723 
789 623 154 

297 861 435 
564 932 871 
831 745 296 

378 514 962 
645 298 317 
912 376 548 
===========
123 457 689 
456 189 723 
789 623 154 

297 861 435 
564 932 871 
831 745 962 

378 514 296 
645 298 317 
912 376 548 
===========
123 457 689 
456 189 723 
789 623 154 

297 865 341 
564 931 278 
831 742 596 

378 596 412 
645 218 937 
912 374 865 
===========
123 457 689 
456 189 723 
789 623 154 

297 865 431 
564 931 872 
831 742 965 

378 594 216 
645 218 397 
912 376 548 
===========
123 457 689 
456 189 723 
789 623 154 

297 865 431 
564 931 278 
831 742 596 

378 516 942 
645 298 317 
912 374 865 
===========
123 457 689 
456 189 723 
789 623 154 

297 865 431 
564 931 278 
831 742 596 

378 514 962 
645 298 317 
912 376 845 
===========
123 457 689 
456 189 723 
789 623 154 

297 865 431 
564 931 872 
831 742 965 

378 514 296 
645 298 317 
912 376 548 
===========
123 457 689 
456 189 723 
789 623 154 

297 814 365 
564 732 891 
831 965 247 

378 596 412 
645 271 938 
912 348 576 
===========
123 457 689 
456 189 723 
789 623 154 

297 814 365 
564 732 918 
831 965 472 

378 546 291 
645 291 837 
912 378 546 
===========
123 457 689 
456 189 723 
789 623 154 

297 814 536 
564 732 918 
831 965 247 

378 591 462 
645 278 391 
912 346 875 
===========
123 457 689 
456 189 723 
789 623 154 

297 814 536 
564 732 891 
831 965 247 

378 546 912 
645 291 378 
912 378 465 
===========
123 457 689 
456 189 723 
789 623 154 

297 815 346 
564 732 891 
831 964 275 

378 596 412 
645 271 938 
912 348 567 
===========
123 457 689 
456 189 723 
789 623 154 

297 815 346 
564 732 918 
831 964 572 

378 546 291 
645 291 837 
912 378 465 
===========
123 457 689 
456 189 723 
789 623 154 

297 815 346 
564 732 918 
831 946 572 

378 564 291 
645 291 837 
912 378 465 
===========
123 457 689 
456 189 723 
789 623 154 

297 815 436 
564 732 891 
831 964 275 

378 541 962 
645 298 317 
912 376 548 
===========
123 457 689 
456 189 723 
789 623 154 

297 815 436 
564 732 891 
831 946 275 

378 561 942 
645 298 317 
912 374 568 
===========
123 457 689 
456 189 723 
789 623 154 

297 816 435 
564 732 891 
831 945 276 

378 561 942 
645 298 317 
912 374 568 
===========
123 457 689 
456 189 723 
789 623 154 

297 816 435 
564 732 891 
831 945 267 

378 564 912 
645 291 378 
912 378 546 
===========
123 457 689 
456 189 723 
789 623 154 

297 834 516 
564 712 398 
831 965 247 

378 591 462 
645 278 931 
912 346 875 
===========
123 457 689 
456 189 723 
789 623 154 

297 834 516 
564 712 938 
831 965 247 

378 591 462 
645 278 391 
912 346 875 
===========
123 457 689 
456 189 723 
789 623 154 

297 834 561 
564 712 938 
831 965 472 

378 541 296 
645 298 317 
912 376 845 
===========
123 457 689 
456 189 723 
789 623 154 

297 835 461 
564 712 398 
831 964 275 

378 546 912 
645 291 837 
912 378 546 
===========
123 457 689 
456 189 723 
789 623 154 

297 835 461 
564 712 938 
831 964 572 

378 541 296 
645 298 317 
912 376 845 
===========
123 457 689 
456 189 723 
789 623 154 

297 835 461 
564 712 398 
831 946 275 

378 564 912 
645 291 837 
912 378 546 
===========
123 457 689 
456 189 723 
789 623 154 

297 836 541 
564 712 398 
831 945 276 

378 564 912 
645 291 837 
912 378 465 
===========
123 457 689 
456 189 723 
789 623 154 

297 836 541 
564 712 938 
831 945 276 

378 561 492 
645 298 317 
912 374 865 
===========
123 457 689 
456 189 723 
789 623 154 

297 841 365 
564 732 891 
831 965 472 

378 594 216 
645 218 937 
912 376 548 
===========
123 457 689 
456 189 723 
789 623 154 

297 841 536 
564 732 918 
831 965 472 

378 596 241 
645 218 397 
912 374 865 
===========
123 457 689 
456 189 723 
789 623 154 

297 841 536 
564 732 918 
831 965 472 

378 594 261 
645 218 397 
912 376 845 
===========
123 457 689 
456 189 723 
789 623 154 

297 841 536 
564 732 918 
831 965 247 

378 516 492 
645 298 371 
912 374 865 
===========
123 457 689 
456 189 723 
789 623 154 

297 845 316 
564 731 892 
831 962 475 

378 596 241 
645 218 937 
912 374 568 
===========
123 457 689 
456 189 723 
789 623 154 

297 845 316 
564 731 892 
831 962 475 

378 594 261 
645 218 937 
912 376 548 
===========
123 457 689 
456 189 723 
789 623 154 

297 845 361 
564 731 892 
831 962 475 

378 594 216 
645 218 937 
912 376 548 
===========
123 457 689 
456 189 723 
789 623 154 

297 861 345 
564 732 891 
831 945 276 

378 596 412 
645 218 937 
912 374 568 
===========
123 457 689 
456 189 723 
789 623 154 

297 861 435 
564 732 891 
831 945 276 

378 516 942 
645 298 317 
912 374 568 
===========
123 457 689 
456 189 723 
789 623 154 

297 861 435 
564 732 891 
831 945 276 

378 514 962 
645 298 317 
912 376 548 
===========
123 457 689 
456 189 723 
789 623 154 

297 865 341 
564 731 298 
831 942 576 

378 596 412 
645 218 937 
912 374 865 
===========
123 457 689 
456 189 723 
789 623 154 

297 865 431 
564 731 298 
831 942 576 

378 516 942 
645 298 317 
912 374 865 
===========
123 457 689 
456 189 723 
789 623 154 

297 865 431 
564 731 298 
831 942 576 

378 514 962 
645 298 317 
912 376 845 
===========
123 457 689 
456 189 723 
789 623 154 

297 814 365 
564 732 891 
831 596 247 

378 965 412 
645 271 938 
912 348 576 
===========
123 457 689 
456 189 723 
789 623 154 

297 814 365 
564 732 891 
831 596 472 

378 945 216 
645 271 938 
912 368 547 
===========
123 457 689 
456 189 723 
789 623 154 

297 814 536 
564 732 918 
831 596 472 

378 961 245 
645 278 391 
912 345 867 
===========
123 457 689 
456 189 723 
789 623 154 

297 814 536 
564 732 918 
831 596 472 

378 941 265 
645 278 391 
912 365 847 
===========
123 457 689 
456 189 723 
789 623 154 

297 816 345 
564 732 891 
831 594 267 

378 965 412 
645 271 938 
912 348 576 
===========
123 457 689 
456 189 723 
789 623 154 

297 816 345 
564 732 891 
831 594 276 

378 965 412 
645 271 938 
912 348 567 
===========
123 457 689 
456 189 723 
789 623 154 

297 816 435 
564 732 918 
831 594 267 

378 961 542 
645 278 391 
912 345 876 
===========
123 457 689 
456 189 723 
789 623 154 

297 816 435 
564 732 918 
831 594 276 

378 961 542 
645 278 391 
912 345 867 
===========
123 457 689 
456 189 723 
789 623 154 

297 816 435 
564 732 918 
831 594 276 

378 941 562 
645 278 391 
912 365 847 
===========
123 457 689 
456 189 723 
789 623 154 

297 831 465 
564 792 318 
831 564 297 

378 916 542 
645 278 931 
912 345 876 
===========
123 457 689 
456 189 723 
789 623 154 

297 831 465 
564 792 831 
831 564 972 

378 945 216 
645 218 397 
912 376 548 
===========
123 457 689 
456 189 723 
789 623 154 

297 831 546 
564 792 318 
831 564 297 

378 915 462 
645 278 931 
912 346 875 
===========
123 457 689 
456 189 723 
789 623 154 

297 831 546 
564 792 318 
831 546 297 

378 915 462 
645 278 931 
912 364 875 
===========
123 457 689 
456 189 723 
789 623 154 

297 831 546 
564 792 831 
831 564 972 

378 946 215 
645 218 397 
912 375 468 
===========
123 457 689 
456 189 723 
789 623 154 

297 831 546 
564 792 831 
831 546 972 

378 964 215 
645 218 397 
912 375 468 
===========
123 457 689 
456 189 723 
789 623 154 

297 834 516 
564 791 238 
831 562 947 

378 915 462 
645 278 391 
912 346 875 
===========
123 457 689 
456 189 723 
789 623 154 

297 834 516 
564 712 398 
831 596 472 

378 961 245 
645 278 931 
912 345 867 
===========
123 457 689 
456 189 723 
789 623 154 

297 834 516 
564 712 938 
831 596 472 

378 961 245 
645 278 391 
912 345 867 
===========
123 457 689 
456 189 723 
789 623 154 

297 834 516 
564 712 398 
831 596 472 

378 941 265 
645 278 931 
912 365 847 
===========
123 457 689 
456 189 723 
789 623 154 

297 834 516 
564 712 938 
831 596 472 

378 941 265 
645 278 391 
912 365 847 
===========
123 457 689 
456 189 723 
789 623 154 

297 836 415 
564 712 398 
831 594 267 

378 961 542 
645 278 931 
912 345 876 
===========
123 457 689 
456 189 723 
789 623 154 

297 836 415 
564 712 398 
831 594 276 

378 961 542 
645 278 931 
912 345 867 
===========
123 457 689 
456 189 723 
789 623 154 

297 836 415 
564 712 938 
831 594 267 

378 961 542 
645 278 391 
912 345 876 
===========
123 457 689 
456 189 723 
789 623 154 

297 836 415 
564 712 938 
831 594 276 

378 961 542 
645 278 391 
912 345 867 
===========
123 457 689 
456 189 723 
789 623 154 

297 836 415 
564 791 238 
831 542 976 

378 914 562 
645 278 391 
912 365 847 
===========
123 457 689 
456 189 723 
789 623 154 

297 836 415 
564 791 832 
831 542 967 

378 915 246 
645 278 391 
912 364 578 
===========
123 457 689 
456 189 723 
789 623 154 

297 836 415 
564 712 398 
831 594 276 

378 941 562 
645 278 931 
912 365 847 
===========
123 457 689 
456 189 723 
789 623 154 

297 836 415 
564 712 938 
831 594 276 

378 941 562 
645 278 391 
912 365 847 
===========
123 457 689 
456 189 723 
789 623 154 

297 836 415 
564 791 832 
831 542 976 

378 965 241 
645 218 397 
912 374 568 
===========
123 457 689 
456 189 723 
789 623 154 

297 836 541 
564 791 238 
831 542 976 

378 965 412 
645 218 397 
912 374 865 
===========
123 457 689 
456 189 723 
789 623 154 

297 836 541 
564 791 832 
831 542 976 

378 964 215 
645 218 397 
912 375 468 
===========
123 457 689 
456 189 723 
789 623 154 

297 841 536 
564 732 918 
831 596 247 

378 915 462 
645 278 391 
912 364 875 
===========
123 457 689 
456 189 723 
789 623 154 

297 841 536 
564 732 918 
831 596 472 

378 914 265 
645 278 391 
912 365 847 
===========
123 457 689 
456 189 723 
789 623 154 

297 841 536 
564 732 918 
831 596 472 

378 965 241 
645 218 397 
912 374 865 
===========
123 457 689 
456 189 723 
789 623 154 

297 846 315 
564 731 298 
831 592 476 

378 914 562 
645 278 931 
912 365 847 
===========
123 457 689 
456 189 723 
789 623 154 

297 846 315 
564 731 892 
831 592 467 

378 915 246 
645 278 931 
912 364 578 
===========
123 457 689 
456 189 723 
789 623 154 

297 846 315 
564 731 892 
831 592 476 

378 965 241 
645 218 937 
912 374 568 
===========
123 457 689 
456 189 723 
789 623 154 

297 861 345 
564 732 891 
831 594 276 

378 946 512 
645 218 937 
912 375 468 
===========
123 457 689 
456 189 723 
789 623 154 

297 861 435 
564 732 918 
831 594 267 

378 916 542 
645 278 391 
912 345 876 
===========
123 457 689 
456 189 723 
789 623 154 

297 861 435 
564 732 918 
831 594 276 

378 916 542 
645 278 391 
912 345 867 
===========
123 457 689 
456 189 723 
789 623 154 

297 864 315 
564 731 298 
831 592 467 

378 916 542 
645 278 931 
912 345 876 
===========
123 457 689 
456 189 723 
789 623 154 

297 864 315 
564 731 298 
831 592 476 

378 916 542 
645 278 931 
912 345 867 
===========
123 457 689 
456 189 723 
789 623 154 

297 864 315 
564 731 892 
831 592 467 

378 915 246 
645 278 931 
912 346 578 
===========
123 457 689 
456 189 723 
789 623 154 

297 864 315 
564 731 892 
831 592 476 

378 945 261 
645 218 937 
912 376 548 
===========
123 457 689 
456 189 723 
789 623 154 

297 514 836 
564 832 971 
831 796 245 

378 965 412 
645 271 398 
912 348 567 
===========
123 457 689 
456 189 723 
789 623 154 

297 514 836 
564 832 917 
831 796 245 

378 941 562 
645 278 391 
912 365 478 
===========
123 457 689 
456 189 723 
789 623 154 

297 514 836 
564 832 917 
831 796 542 

378 941 265 
645 278 391 
912 365 478 
===========
123 457 689 
456 189 723 
789 623 154 

297 514 836 
564 832 917 
831 796 542 

378 945 261 
645 271 398 
912 368 475 
===========
123 457 689 
456 189 723 
789 623 154 

297 516 438 
564 832 917 
831 794 265 

378 961 542 
645 278 391 
912 345 876 
===========
123 457 689 
456 189 723 
789 623 154 

297 516 438 
564 832 917 
831 794 562 

378 961 245 
645 278 391 
912 345 876 
===========
123 457 689 
456 189 723 
789 623 154 

297 531 468 
564 892 317 
831 764 295 

378 916 542 
645 278 931 
912 345 876 
===========
123 457 689 
456 189 723 
789 623 154 

297 531 468 
564 892 317 
831 764 592 

378 916 245 
645 278 931 
912 345 876 
===========
123 457 689 
456 189 723 
789 623 154 

297 531 468 
564 892 317 
831 764 592 

378 915 246 
645 278 931 
912 346 875 
===========
123 457 689 
456 189 723 
789 623 154 

297 531 468 
564 892 317 
831 746 592 

378 915 246 
645 278 931 
912 364 875 
===========
123 457 689 
456 189 723 
789 623 154 

297 531 468 
564 892 371 
831 764 295 

378 946 512 
645 218 937 
912 375 846 
===========
123 457 689 
456 189 723 
789 623 154 

297 531 468 
564 892 371 
831 764 592 

378 946 215 
645 218 937 
912 375 846 
===========
123 457 689 
456 189 723 
789 623 154 

297 531 468 
564 892 371 
831 764 592 

378 945 216 
645 218 937 
912 376 845 
===========
123 457 689 
456 189 723 
789 623 154 

297 531 468 
564 892 371 
831 746 295 

378 964 512 
645 218 937 
912 375 846 
===========
123 457 689 
456 189 723 
789 623 154 

297 531 468 
564 892 371 
831 746 592 

378 964 215 
645 218 937 
912 375 846 
===========
123 457 689 
456 189 723 
789 623 154 

297 531 846 
564 892 317 
831 764 295 

378 915 462 
645 278 931 
912 346 578 
===========
123 457 689 
456 189 723 
789 623 154 

297 531 846 
564 892 317 
831 746 295 

378 915 462 
645 278 931 
912 364 578 
===========
123 457 689 
456 189 723 
789 623 154 

297 531 846 
564 892 317 
831 746 295 

378 914 562 
645 278 931 
912 365 478 
===========
123 457 689 
456 189 723 
789 623 154 

297 531 846 
564 892 317 
831 746 592 

378 914 265 
645 278 931 
912 365 478 
===========
123 457 689 
456 189 723 
789 623 154 

297 531 846 
564 892 371 
831 764 295 

378 946 512 
645 218 937 
912 375 468 
===========
123 457 689 
456 189 723 
789 623 154 

297 531 846 
564 892 371 
831 764 592 

378 946 215 
645 218 937 
912 375 468 
===========
123 457 689 
456 189 723 
789 623 154 

297 531 846 
564 892 371 
831 746 295 

378 965 412 
645 218 937 
912 374 568 
===========
123 457 689 
456 189 723 
789 623 154 

297 531 846 
564 892 371 
831 746 295 

378 964 512 
645 218 937 
912 375 468 
===========
123 457 689 
456 189 723 
789 623 154 

297 531 846 
564 892 371 
831 746 592 

378 964 215 
645 218 937 
912 375 468 
===========
123 457 689 
456 189 723 
789 623 154 

297 534 816 
564 891 237 
831 762 945 

378 915 462 
645 278 391 
912 346 578 
===========
123 457 689 
456 189 723 
789 623 154 

297 534 816 
564 812 397 
831 796 245 

378 941 562 
645 278 931 
912 365 478 
===========
123 457 689 
456 189 723 
789 623 154 

297 534 816 
564 812 397 
831 796 542 

378 941 265 
645 278 931 
912 365 478 
===========
123 457 689 
456 189 723 
789 623 154 

297 534 816 
564 812 397 
831 796 542 

378 945 261 
645 271 938 
912 368 475 
===========
123 457 689 
456 189 723 
789 623 154 

297 534 816 
564 812 937 
831 796 245 

378 941 562 
645 278 391 
912 365 478 
===========
123 457 689 
456 189 723 
789 623 154 

297 534 816 
564 812 937 
831 796 542 

378 941 265 
645 278 391 
912 365 478 
===========
123 457 689 
456 189 723 
789 623 154 

297 534 816 
564 812 937 
831 796 542 

378 945 261 
645 271 398 
912 368 475 
===========
123 457 689 
456 189 723 
789 623 154 

297 534 816 
564 891 372 
831 762 495 

378 945 261 
645 218 937 
912 376 548 
===========
123 457 689 
456 189 723 
789 623 154 

297 534 861 
564 812 397 
831 796 245 

378 965 412 
645 271 938 
912 348 576 
===========
123 457 689 
456 189 723 
789 623 154 

297 534 861 
564 812 937 
831 796 245 

378 965 412 
645 271 398 
912 348 576 
===========
123 457 689 
456 189 723 
789 623 154 

297 534 861 
564 812 397 
831 796 542 

378 945 216 
645 271 938 
912 368 475 
===========
123 457 689 
456 189 723 
789 623 154 

297 534 861 
564 812 937 
831 796 542 

378 945 216 
645 271 398 
912 368 475 
===========
123 457 689 
456 189 723 
789 623 154 

297 534 861 
564 891 372 
831 762 495 

378 945 216 
645 218 937 
912 376 548 
===========
123 457 689 
456 189 723 
789 623 154 

297 536 418 
564 812 397 
831 794 265 

378 961 542 
645 278 931 
912 345 876 
===========
123 457 689 
456 189 723 
789 623 154 

297 536 418 
564 812 397 
831 794 562 

378 961 245 
645 278 931 
912 345 876 
===========
123 457 689 
456 189 723 
789 623 154 

297 536 418 
564 812 937 
831 794 265 

378 961 542 
645 278 391 
912 345 876 
===========
123 457 689 
456 189 723 
789 623 154 

297 536 418 
564 812 937 
831 794 562 

378 961 245 
645 278 391 
912 345 876 
===========
123 457 689 
456 189 723 
789 623 154 

297 536 418 
564 891 372 
831 742 596 

378 914 265 
645 278 931 
912 365 847 
===========
123 457 689 
456 189 723 
789 623 154 

297 536 418 
564 891 372 
831 742 596 

378 965 241 
645 218 937 
912 374 865 
===========
123 457 689 
456 189 723 
789 623 154 

297 536 841 
564 812 397 
831 794 265 

378 965 412 
645 271 938 
912 348 576 
===========
123 457 689 
456 189 723 
789 623 154 

297 536 841 
564 812 937 
831 794 265 

378 965 412 
645 271 398 
912 348 576 
===========
123 457 689 
456 189 723 
789 623 154 

297 536 841 
564 812 397 
831 794 562 

378 945 216 
645 271 938 
912 368 475 
===========
123 457 689 
456 189 723 
789 623 154 

297 536 841 
564 812 937 
831 794 562 

378 945 216 
645 271 398 
912 368 475 
===========
123 457 689 
456 189 723 
789 623 154 

297 536 841 
564 891 372 
831 742 596 

378 964 215 
645 218 937 
912 375 468 
===========
123 457 689 
456 189 723 
789 623 154 

297 541 836 
564 832 917 
831 796 245 

378 915 462 
645 278 391 
912 364 578 
===========
123 457 689 
456 189 723 
789 623 154 

297 541 836 
564 832 917 
831 796 245 

378 914 562 
645 278 391 
912 365 478 
===========
123 457 689 
456 189 723 
789 623 154 

297 541 836 
564 832 917 
831 796 542 

378 914 265 
645 278 391 
912 365 478 
===========
123 457 689 
456 189 723 
789 623 154 

297 541 836 
564 832 971 
831 796 245 

378 965 412 
645 218 397 
912 374 568 
===========
123 457 689 
456 189 723 
789 623 154 

297 541 836 
564 832 971 
831 796 245 

378 964 512 
645 218 397 
912 375 468 
===========
123 457 689 
456 189 723 
789 623 154 

297 541 836 
564 832 971 
831 796 542 

378 964 215 
645 218 397 
912 375 468 
===========
123 457 689 
456 189 723 
789 623 154 

297 546 318 
564 831 297 
831 792 546 

378 915 462 
645 278 931 
912 364 875 
===========
123 457 689 
456 189 723 
789 623 154 

297 546 831 
564 831 972 
831 792 546 

378 964 215 
645 218 397 
912 375 468 
===========
123 457 689 
456 189 723 
789 623 154 

297 561 438 
564 832 917 
831 794 265 

378 916 542 
645 278 391 
912 345 876 
===========
123 457 689 
456 189 723 
789 623 154 

297 561 438 
564 832 917 
831 794 562 

378 916 245 
645 278 391 
912 345 876 
===========
123 457 689 
456 189 723 
789 623 154 

297 561 438 
564 832 917 
831 794 562 

378 915 246 
645 278 391 
912 346 875 
===========
123 457 689 
456 189 723 
789 623 154 

297 561 438 
564 832 971 
831 794 265 

378 946 512 
645 218 397 
912 375 846 
===========
123 457 689 
456 189 723 
789 623 154 

297 561 438 
564 832 971 
831 794 562 

378 946 215 
645 218 397 
912 375 846 
===========
123 457 689 
456 189 723 
789 623 154 

297 561 438 
564 832 971 
831 794 562 

378 945 216 
645 218 397 
912 376 845 
===========
123 457 689 
456 189 723 
789 623 154 

297 564 318 
564 831 297 
831 792 465 

378 916 542 
645 278 931 
912 345 876 
===========
123 457 689 
456 189 723 
789 623 154 

297 564 318 
564 831 297 
831 792 546 

378 915 462 
645 278 931 
912 346 875 
===========
123 457 689 
456 189 723 
789 623 154 

297 564 831 
564 831 972 
831 792 546 

378 946 215 
645 218 397 
912 375 468 
===========
123 457 689 
456 189 723 
789 623 154 

297 564 831 
564 831 972 
831 792 465 

378 945 216 
645 218 397 
912 376 548 
===========
123 457 689 
456 189 723 
789 623 154 

297 814 365 
564 932 817 
831 576 492 

378 265 941 
645 791 238 
912 348 576 
===========
123 457 689 
456 189 723 
789 623 154 

297 814 365 
564 932 817 
831 576 942 

378 265 491 
645 791 238 
912 348 576 
===========
123 457 689 
456 189 723 
789 623 154 

297 814 365 
564 932 817 
831 576 942 

378 241 596 
645 798 231 
912 365 478 
===========
123 457 689 
456 189 723 
789 623 154 

297 814 365 
564 932 871 
831 576 492 

378 245 916 
645 791 238 
912 368 547 
===========
123 457 689 
456 189 723 
789 623 154 

297 816 345 
564 932 817 
831 574 962 

378 265 491 
645 791 238 
912 348 576 
===========
123 457 689 
456 189 723 
789 623 154 

297 816 345 
564 932 817 
831 574 962 

378 241 596 
645 798 231 
912 365 478 
===========
123 457 689 
456 189 723 
789 623 154 

297 831 465 
564 972 318 
831 564 297 

378 296 541 
645 718 932 
912 345 876 
===========
123 457 689 
456 189 723 
789 623 154 

297 831 465 
564 972 831 
831 564 297 

378 215 946 
645 798 312 
912 346 578 
===========
123 457 689 
456 189 723 
789 623 154 

297 831 465 
564 972 318 
831 546 972 

378 214 596 
645 798 231 
912 365 847 
===========
123 457 689 
456 189 723 
789 623 154 

297 831 465 
564 972 831 
831 546 297 

378 215 946 
645 798 312 
912 364 578 
===========
