123 457 689 
456 189 723 
789 623 514 

297 814 356 
564 932 178 
831 765 942 

378 546 291 
645 291 837 
912 378 465 
===========
123 457 689 
456 189 723 
789 623 514 

297 814 365 
564 932 178 
831 765 492 

378 591 246 
645 278 931 
912 346 857 
===========
123 457 689 
456 189 723 
789 623 514 

297 814 365 
564 932 178 
831 765 942 

378 546 291 
645 291 837 
912 378 456 
===========
123 457 689 
456 189 723 
789 623 514 

297 814 365 
564 932 871 
831 765 942 

378 541 296 
645 298 137 
912 376 458 
===========
123 457 689 
456 189 723 
789 623 514 

297 815 346 
564 932 178 
831 764 295 

378 591 462 
645 278 931 
912 346 857 
===========
123 457 689 
456 189 723 
789 623 514 

297 815 346 
564 932 178 
831 746 295 

378 591 462 
645 278 931 
912 364 857 
===========
123 457 689 
456 189 723 
789 623 514 

297 815 346 
564 932 871 
831 746 295 

378 594 162 
645 271 938 
912 368 457 
===========
123 457 689 
456 189 723 
789 623 514 

297 815 346 
564 932 178 
831 764 952 

378 546 291 
645 291 837 
912 378 465 
===========
123 457 689 
456 189 723 
789 623 514 

297 815 346 
564 932 871 
831 764 295 

378 541 962 
645 298 137 
912 376 458 
===========
123 457 689 
456 189 723 
789 623 514 

297 815 346 
564 932 178 
831 746 952 

378 564 291 
645 291 837 
912 378 465 
===========
123 457 689 
456 189 723 
789 623 514 

297 816 345 
564 932 178 
831 745 296 

378 591 462 
645 278 931 
912 364 857 
===========
123 457 689 
456 189 723 
789 623 514 

297 816 345 
564 932 871 
831 745 296 

378 594 162 
645 271 938 
912 368 457 
===========
123 457 689 
456 189 723 
789 623 514 

297 816 345 
564 932 178 
831 745 962 

378 564 291 
645 291 837 
912 378 456 
===========
123 457 689 
456 189 723 
789 623 514 

297 816 435 
564 932 178 
831 745 962 

378 591 246 
645 278 391 
912 364 857 
===========
123 457 689 
456 189 723 
789 623 514 

297 834 156 
564 912 378 
831 765 942 

378 546 291 
645 291 837 
912 378 465 
===========
123 457 689 
456 189 723 
789 623 514 

297 834 156 
564 912 837 
831 765 942 

378 546 291 
645 291 378 
912 378 465 
===========
123 457 689 
456 189 723 
789 623 514 

297 834 165 
564 912 378 
831 765 492 

378 591 246 
645 278 931 
912 346 857 
===========
123 457 689 
456 189 723 
789 623 514 

297 834 165 
564 912 378 
831 765 942 

378 546 291 
645 291 837 
912 378 456 
===========
123 457 689 
456 189 723 
789 623 514 

297 834 165 
564 912 837 
831 765 942 

378 541 296 
645 298 371 
912 376 458 
===========
123 457 689 
456 189 723 
789 623 514 

297 834 165 
564 912 837 
831 765 942 

378 546 291 
645 291 378 
912 378 456 
===========
123 457 689 
456 189 723 
789 623 514 

297 835 146 
564 912 378 
831 764 295 

378 591 462 
645 278 931 
912 346 857 
===========
123 457 689 
456 189 723 
789 623 514 

297 835 146 
564 912 378 
831 746 295 

378 591 462 
645 278 931 
912 364 857 
===========
123 457 689 
456 189 723 
789 623 514 

297 835 146 
564 912 837 
831 746 952 

378 594 261 
645 271 398 
912 368 475 
===========
123 457 689 
456 189 723 
789 623 514 

297 835 146 
564 912 378 
831 764 952 

378 546 291 
645 291 837 
912 378 465 
===========
123 457 689 
456 189 723 
789 623 514 

297 835 146 
564 912 837 
831 764 295 

378 541 962 
645 298 371 
912 376 458 
===========
123 457 689 
456 189 723 
789 623 514 

297 835 146 
564 912 837 
831 764 952 

378 546 291 
645 291 378 
912 378 465 
===========
123 457 689 
456 189 723 
789 623 514 

297 835 146 
564 912 378 
831 746 952 

378 564 291 
645 291 837 
912 378 465 
===========
123 457 689 
456 189 723 
789 623 514 

297 835 146 
564 912 837 
831 746 952 

378 564 291 
645 291 378 
912 378 465 
===========
123 457 689 
456 189 723 
789 623 514 

297 835 461 
564 912 378 
831 764 952 

378 541 296 
645 298 137 
912 376 845 
===========
123 457 689 
456 189 723 
789 623 514 

297 835 461 
564 912 378 
831 746 295 

378 561 942 
645 298 137 
912 374 856 
===========
123 457 689 
456 189 723 
789 623 514 

297 836 145 
564 912 378 
831 745 296 

378 591 462 
645 278 931 
912 364 857 
===========
123 457 689 
456 189 723 
789 623 514 

297 836 145 
564 912 378 
831 745 962 

378 564 291 
645 291 837 
912 378 456 
===========
123 457 689 
456 189 723 
789 623 514 

297 836 145 
564 912 837 
831 745 962 

378 564 291 
645 291 378 
912 378 456 
===========
123 457 689 
456 189 723 
789 623 514 

297 836 451 
564 912 378 
831 745 296 

378 561 942 
645 298 137 
912 374 865 
===========
123 457 689 
456 189 723 
789 623 514 

297 841 356 
564 932 178 
831 765 492 

378 596 241 
645 218 937 
912 374 865 
===========
123 457 689 
456 189 723 
789 623 514 

297 841 356 
564 932 178 
831 765 492 

378 594 261 
645 218 937 
912 376 845 
===========
123 457 689 
456 189 723 
789 623 514 

297 841 365 
564 932 178 
831 765 492 

378 596 241 
645 218 937 
912 374 856 
===========
123 457 689 
456 189 723 
789 623 514 

297 841 365 
564 932 871 
831 765 942 

378 514 296 
645 298 137 
912 376 458 
===========
123 457 689 
456 189 723 
789 623 514 

297 845 136 
564 931 872 
831 762 945 

378 594 261 
645 218 397 
912 376 458 
===========
123 457 689 
456 189 723 
789 623 514 

297 845 361 
564 931 278 
831 762 495 

378 596 142 
645 218 937 
912 374 856 
===========
123 457 689 
456 189 723 
789 623 514 

297 845 361 
564 931 278 
831 762 495 

378 516 942 
645 298 137 
912 374 856 
===========
123 457 689 
456 189 723 
789 623 514 

297 845 361 
564 931 278 
831 762 945 

378 516 492 
645 298 137 
912 374 856 
===========
123 457 689 
456 189 723 
789 623 514 

297 845 361 
564 931 872 
831 762 945 

378 514 296 
645 298 137 
912 376 458 
===========
123 457 689 
456 189 723 
789 623 514 

297 861 345 
564 932 871 
831 745 296 

378 594 162 
645 218 937 
912 376 458 
===========
123 457 689 
456 189 723 
789 623 514 

297 861 345 
564 932 871 
831 745 296 

378 514 962 
645 298 137 
912 376 458 
===========
123 457 689 
456 189 723 
789 623 514 

297 861 345 
564 932 871 
831 745 962 

378 514 296 
645 298 137 
912 376 458 
===========
123 457 689 
456 189 723 
789 623 514 

297 861 435 
564 932 178 
831 745 962 

378 596 241 
645 218 397 
912 374 856 
===========
123 457 689 
456 189 723 
789 623 514 

297 865 341 
564 931 278 
831 742 956 

378 516 492 
645 298 137 
912 374 865 
===========
123 457 689 
456 189 723 
789 623 514 

297 865 341 
564 931 278 
831 742 965 

378 516 492 
645 298 137 
912 374 856 
===========
123 457 689 
456 189 723 
789 623 514 

297 865 341 
564 931 872 
831 742 965 

378 514 296 
645 298 137 
912 376 458 
===========
123 457 689 
456 189 723 
789 623 514 

297 865 431 
564 931 278 
831 742 956 

378 596 142 
645 218 397 
912 374 865 
===========
123 457 689 
456 189 723 
789 623 514 

297 865 431 
564 931 278 
831 742 965 

378 596 142 
645 218 397 
912 374 856 
===========
123 457 689 
456 189 723 
789 623 514 

297 865 431 
564 931 278 
831 742 956 

378 594 162 
645 218 397 
912 376 845 
===========
123 457 689 
456 189 723 
789 623 514 

297 814 356 
564 732 198 
831 965 247 

378 591 462 
645 278 931 
912 346 875 
===========
123 457 689 
456 189 723 
789 623 514 

297 814 365 
564 732 198 
831 965 472 

378 591 246 
645 278 931 
912 346 857 
===========
123 457 689 
456 189 723 
789 623 514 

297 815 346 
564 732 198 
831 964 257 

378 591 462 
645 278 931 
912 346 875 
===========
123 457 689 
456 189 723 
789 623 514 

297 815 346 
564 732 198 
831 964 275 

378 591 462 
645 278 931 
912 346 857 
===========
123 457 689 
456 189 723 
789 623 514 

297 815 346 
564 732 198 
831 946 257 

378 591 462 
645 278 931 
912 364 875 
===========
123 457 689 
456 189 723 
789 623 514 

297 815 346 
564 732 198 
831 946 275 

378 591 462 
645 278 931 
912 364 857 
===========
123 457 689 
456 189 723 
789 623 514 

297 815 346 
564 732 891 
831 946 257 

378 594 162 
645 271 938 
912 368 475 
===========
123 457 689 
456 189 723 
789 623 514 

297 815 346 
564 732 891 
831 946 275 

378 594 162 
645 271 938 
912 368 457 
===========
123 457 689 
456 189 723 
789 623 514 

297 815 346 
564 732 891 
831 964 275 

378 541 962 
645 298 137 
912 376 458 
===========
123 457 689 
456 189 723 
789 623 514 

297 815 436 
564 732 198 
831 964 257 

378 541 962 
645 298 371 
912 376 845 
===========
123 457 689 
456 189 723 
789 623 514 

297 815 436 
564 732 198 
831 946 257 

378 561 942 
645 298 371 
912 374 865 
===========
123 457 689 
456 189 723 
789 623 514 

297 816 345 
564 732 198 
831 945 276 

378 591 462 
645 278 931 
912 364 857 
===========
123 457 689 
456 189 723 
789 623 514 

297 816 345 
564 732 891 
831 945 276 

378 594 162 
645 271 938 
912 368 457 
===========
123 457 689 
456 189 723 
789 623 514 

297 816 435 
564 732 198 
831 945 267 

378 561 942 
645 298 371 
912 374 856 
===========
123 457 689 
456 189 723 
789 623 514 

297 834 156 
564 712 398 
831 965 247 

378 591 462 
645 278 931 
912 346 875 
===========
123 457 689 
456 189 723 
789 623 514 

297 834 156 
564 712 938 
831 965 247 

378 591 462 
645 278 391 
912 346 875 
===========
123 457 689 
456 189 723 
789 623 514 

297 834 165 
564 712 398 
831 965 472 

378 591 246 
645 278 931 
912 346 857 
===========
123 457 689 
456 189 723 
789 623 514 

297 834 165 
564 712 938 
831 965 472 

378 591 246 
645 278 391 
912 346 857 
===========
123 457 689 
456 189 723 
789 623 514 

297 835 146 
564 712 398 
831 964 257 

378 591 462 
645 278 931 
912 346 875 
===========
123 457 689 
456 189 723 
789 623 514 

297 835 146 
564 712 398 
831 964 275 

378 591 462 
645 278 931 
912 346 857 
===========
123 457 689 
456 189 723 
789 623 514 

297 835 146 
564 712 938 
831 964 257 

378 591 462 
645 278 391 
912 346 875 
===========
123 457 689 
456 189 723 
789 623 514 

297 835 146 
564 712 938 
831 964 275 

378 591 462 
645 278 391 
912 346 857 
===========
123 457 689 
456 189 723 
789 623 514 

297 835 146 
564 712 398 
831 946 257 

378 591 462 
645 278 931 
912 364 875 
===========
123 457 689 
456 189 723 
789 623 514 

297 835 146 
564 712 398 
831 946 275 

378 591 462 
645 278 931 
912 364 857 
===========
123 457 689 
456 189 723 
789 623 514 

297 835 146 
564 712 938 
831 946 257 

378 591 462 
645 278 391 
912 364 875 
===========
123 457 689 
456 189 723 
789 623 514 

297 835 146 
564 712 938 
831 946 275 

378 591 462 
645 278 391 
912 364 857 
===========
123 457 689 
456 189 723 
789 623 514 

297 835 146 
564 712 938 
831 946 257 

378 561 492 
645 298 371 
912 374 865 
===========
123 457 689 
456 189 723 
789 623 514 

297 835 461 
564 712 398 
831 946 275 

378 561 942 
645 298 137 
912 374 856 
===========
123 457 689 
456 189 723 
789 623 514 

297 836 145 
564 712 398 
831 945 276 

378 591 462 
645 278 931 
912 364 857 
===========
123 457 689 
456 189 723 
789 623 514 

297 836 145 
564 712 938 
831 945 276 

378 591 462 
645 278 391 
912 364 857 
===========
123 457 689 
456 189 723 
789 623 514 

297 836 145 
564 712 938 
831 945 267 

378 561 492 
645 298 371 
912 374 856 
===========
123 457 689 
456 189 723 
789 623 514 

297 836 451 
564 712 398 
831 945 276 

378 561 942 
645 298 137 
912 374 865 
===========
123 457 689 
456 189 723 
789 623 514 

297 841 356 
564 732 198 
831 965 472 

378 596 241 
645 218 937 
912 374 865 
===========
123 457 689 
456 189 723 
789 623 514 

297 841 356 
564 732 198 
831 965 472 

378 594 261 
645 218 937 
912 376 845 
===========
123 457 689 
456 189 723 
789 623 514 

297 841 365 
564 732 198 
831 965 472 

378 596 241 
645 218 937 
912 374 856 
===========
123 457 689 
456 189 723 
789 623 514 

297 845 136 
564 731 298 
831 962 457 

378 516 942 
645 298 371 
912 374 865 
===========
123 457 689 
456 189 723 
789 623 514 

297 845 136 
564 731 298 
831 962 457 

378 514 962 
645 298 371 
912 376 845 
===========
123 457 689 
456 189 723 
789 623 514 

297 845 361 
564 731 298 
831 962 475 

378 596 142 
645 218 937 
912 374 856 
===========
123 457 689 
456 189 723 
789 623 514 

297 845 361 
564 731 298 
831 962 475 

378 516 942 
645 298 137 
912 374 856 
===========
123 457 689 
456 189 723 
789 623 514 

297 861 345 
564 732 891 
831 945 276 

378 594 162 
645 218 937 
912 376 458 
===========
123 457 689 
456 189 723 
789 623 514 

297 861 345 
564 732 891 
831 945 276 

378 514 962 
645 298 137 
912 376 458 
===========
123 457 689 
456 189 723 
789 623 514 

297 861 435 
564 732 198 
831 945 267 

378 516 942 
645 298 371 
912 374 856 
===========
123 457 689 
456 189 723 
789 623 514 

297 814 356 
564 732 198 
831 596 472 

378 961 245 
645 278 931 
912 345 867 
===========
123 457 689 
456 189 723 
789 623 514 

297 814 356 
564 732 198 
831 596 472 

378 941 265 
645 278 931 
912 365 847 
===========
123 457 689 
456 189 723 
789 623 514 

297 814 356 
564 732 891 
831 596 247 

378 945 162 
645 271 938 
912 368 475 
===========
123 457 689 
456 189 723 
789 623 514 

297 814 365 
564 732 198 
831 596 247 

378 961 452 
645 278 931 
912 345 876 
===========
123 457 689 
456 189 723 
789 623 514 

297 814 365 
564 732 198 
831 596 472 

378 941 256 
645 278 931 
912 365 847 
===========
123 457 689 
456 189 723 
789 623 514 

297 816 345 
564 732 198 
831 594 267 

378 961 452 
645 278 931 
912 345 876 
===========
123 457 689 
456 189 723 
789 623 514 

297 816 345 
564 732 198 
831 594 276 

378 961 452 
645 278 931 
912 345 867 
===========
123 457 689 
456 189 723 
789 623 514 

297 816 345 
564 732 891 
831 594 276 

378 945 162 
645 271 938 
912 368 457 
===========
123 457 689 
456 189 723 
789 623 514 

297 831 456 
564 792 138 
831 564 972 

378 916 245 
645 278 391 
912 345 867 
===========
123 457 689 
456 189 723 
789 623 514 

297 831 456 
564 792 138 
831 546 972 

378 914 265 
645 278 391 
912 365 847 
===========
123 457 689 
456 189 723 
789 623 514 

297 831 456 
564 792 138 
831 564 972 

378 945 261 
645 218 397 
912 376 845 
===========
123 457 689 
456 189 723 
789 623 514 

297 831 456 
564 792 138 
831 546 972 

378 965 241 
645 218 397 
912 374 865 
===========
123 457 689 
456 189 723 
789 623 514 

297 831 465 
564 792 138 
831 564 972 

378 915 246 
645 278 391 
912 346 857 
===========
123 457 689 
456 189 723 
789 623 514 

297 831 465 
564 792 138 
831 546 972 

378 915 246 
645 278 391 
912 364 857 
===========
123 457 689 
456 189 723 
789 623 514 

297 831 465 
564 792 138 
831 546 972 

378 914 256 
645 278 391 
912 365 847 
===========
123 457 689 
456 189 723 
789 623 514 

297 831 465 
564 792 138 
831 564 972 

378 946 251 
645 218 397 
912 375 846 
===========
123 457 689 
456 189 723 
789 623 514 

297 831 465 
564 792 138 
831 546 972 

378 965 241 
645 218 397 
912 374 856 
===========
123 457 689 
456 189 723 
789 623 514 

297 831 465 
564 792 138 
831 546 972 

378 964 251 
645 218 397 
912 375 846 
===========
123 457 689 
456 189 723 
789 623 514 

297 834 156 
564 791 238 
831 562 947 

378 915 462 
645 278 391 
912 346 875 
===========
123 457 689 
456 189 723 
789 623 514 

297 834 156 
564 712 398 
831 596 472 

378 961 245 
645 278 931 
912 345 867 
===========
123 457 689 
456 189 723 
789 623 514 

297 834 156 
564 712 938 
831 596 472 

378 961 245 
645 278 391 
912 345 867 
===========
123 457 689 
456 189 723 
789 623 514 

297 834 156 
564 712 398 
831 596 472 

378 941 265 
645 278 931 
912 365 847 
===========
123 457 689 
456 189 723 
789 623 514 

297 834 156 
564 712 938 
831 596 472 

378 941 265 
645 278 391 
912 365 847 
===========
123 457 689 
456 189 723 
789 623 514 

297 834 165 
564 791 238 
831 562 947 

378 916 452 
645 278 391 
912 345 876 
===========
123 457 689 
456 189 723 
789 623 514 

297 834 165 
564 712 398 
831 596 247 

378 961 452 
645 278 931 
912 345 876 
===========
123 457 689 
456 189 723 
789 623 514 

297 834 165 
564 712 938 
831 596 247 

378 961 452 
645 278 391 
912 345 876 
===========
123 457 689 
456 189 723 
789 623 514 

297 834 165 
564 712 398 
831 596 472 

378 941 256 
645 278 931 
912 365 847 
===========
123 457 689 
456 189 723 
789 623 514 

297 834 165 
564 712 938 
831 596 472 

378 941 256 
645 278 391 
912 365 847 
===========
123 457 689 
456 189 723 
789 623 514 

297 836 145 
564 712 398 
831 594 267 

378 961 452 
645 278 931 
912 345 876 
===========
123 457 689 
456 189 723 
789 623 514 

297 836 145 
564 712 398 
831 594 276 

378 961 452 
645 278 931 
912 345 867 
===========
123 457 689 
456 189 723 
789 623 514 

297 836 145 
564 712 938 
831 594 267 

378 961 452 
645 278 391 
912 345 876 
===========
123 457 689 
456 189 723 
789 623 514 

297 836 145 
564 712 938 
831 594 276 

378 961 452 
645 278 391 
912 345 867 
===========
123 457 689 
456 189 723 
789 623 514 

297 836 145 
564 791 238 
831 542 976 

378 915 462 
645 278 391 
912 364 857 
===========
123 457 689 
456 189 723 
789 623 514 

297 836 145 
564 791 832 
831 542 967 

378 914 256 
645 278 391 
912 365 478 
===========
123 457 689 
456 189 723 
789 623 514 

297 836 145 
564 791 832 
831 542 976 

378 964 251 
645 218 397 
912 375 468 
===========
123 457 689 
456 189 723 
789 623 514 

297 836 451 
564 791 238 
831 542 976 

378 965 142 
645 218 397 
912 374 865 
===========
123 457 689 
456 189 723 
789 623 514 

297 841 356 
564 732 198 
831 596 247 

378 915 462 
645 278 931 
912 364 875 
===========
123 457 689 
456 189 723 
789 623 514 

297 841 356 
564 732 198 
831 596 472 

378 914 265 
645 278 931 
912 365 847 
===========
123 457 689 
456 189 723 
789 623 514 

297 841 356 
564 732 198 
831 596 472 

378 965 241 
645 218 937 
912 374 865 
===========
123 457 689 
456 189 723 
789 623 514 

297 841 365 
564 732 198 
831 596 472 

378 915 246 
645 278 931 
912 364 857 
===========
123 457 689 
456 189 723 
789 623 514 

297 841 365 
564 732 198 
831 596 472 

378 914 256 
645 278 931 
912 365 847 
===========
123 457 689 
456 189 723 
789 623 514 

297 841 365 
564 732 198 
831 596 472 

378 965 241 
645 218 937 
912 374 856 
===========
123 457 689 
456 189 723 
789 623 514 

297 841 365 
564 732 198 
831 596 472 

378 964 251 
645 218 937 
912 375 846 
===========
123 457 689 
456 189 723 
789 623 514 

297 846 351 
564 731 298 
831 592 476 

378 965 142 
645 218 937 
912 374 865 
===========
123 457 689 
456 189 723 
789 623 514 

297 861 345 
564 732 198 
831 594 267 

378 916 452 
645 278 931 
912 345 876 
===========
123 457 689 
456 189 723 
789 623 514 

297 861 345 
564 732 198 
831 594 276 

378 916 452 
645 278 931 
912 345 867 
===========
123 457 689 
456 189 723 
789 623 514 

297 861 345 
564 732 198 
831 594 276 

378 915 462 
645 278 931 
912 346 857 
===========
123 457 689 
456 189 723 
789 623 514 

297 861 345 
564 732 891 
831 594 276 

378 946 152 
645 218 937 
912 375 468 
===========
123 457 689 
456 189 723 
789 623 514 

297 861 345 
564 732 891 
831 594 276 

378 945 162 
645 218 937 
912 376 458 
===========
123 457 689 
456 189 723 
789 623 514 

297 864 351 
564 731 298 
831 592 476 

378 945 162 
645 218 937 
912 376 845 
===========
123 457 689 
456 189 723 
789 623 514 

297 514 368 
564 832 197 
831 796 245 

378 961 452 
645 278 931 
912 345 876 
===========
123 457 689 
456 189 723 
789 623 514 

297 514 368 
564 832 197 
831 796 452 

378 961 245 
645 278 931 
912 345 876 
===========
123 457 689 
456 189 723 
789 623 514 

297 514 836 
564 832 971 
831 796 245 

378 945 162 
645 271 398 
912 368 457 
===========
123 457 689 
456 189 723 
789 623 514 

297 516 348 
564 832 197 
831 794 265 

378 961 452 
645 278 931 
912 345 876 
===========
123 457 689 
456 189 723 
789 623 514 

297 531 468 
564 892 137 
831 764 952 

378 916 245 
645 278 391 
912 345 876 
===========
123 457 689 
456 189 723 
789 623 514 

297 531 468 
564 892 137 
831 764 952 

378 915 246 
645 278 391 
912 346 875 
===========
123 457 689 
456 189 723 
789 623 514 

297 531 468 
564 892 137 
831 746 952 

378 915 246 
645 278 391 
912 364 875 
===========
123 457 689 
456 189 723 
789 623 514 

297 531 468 
564 892 371 
831 764 295 

378 946 152 
645 218 937 
912 375 846 
===========
123 457 689 
456 189 723 
789 623 514 

297 531 468 
564 892 371 
831 746 295 

378 965 142 
645 218 937 
912 374 856 
===========
123 457 689 
456 189 723 
789 623 514 

297 531 468 
564 892 371 
831 746 295 

378 964 152 
645 218 937 
912 375 846 
===========
123 457 689 
456 189 723 
789 623 514 

297 531 846 
564 892 137 
831 746 952 

378 914 265 
645 278 391 
912 365 478 
===========
123 457 689 
456 189 723 
789 623 514 

297 531 846 
564 892 371 
831 764 295 

378 946 152 
645 218 937 
912 375 468 
===========
123 457 689 
456 189 723 
789 623 514 

297 531 846 
564 892 371 
831 764 295 

378 945 162 
645 218 937 
912 376 458 
===========
123 457 689 
456 189 723 
789 623 514 

297 531 846 
564 892 371 
831 746 295 

378 964 152 
645 218 937 
912 375 468 
===========
123 457 689 
456 189 723 
789 623 514 

297 534 168 
564 891 237 
831 762 945 

378 916 452 
645 278 391 
912 345 876 
===========
123 457 689 
456 189 723 
789 623 514 

297 534 168 
564 891 372 
831 762 495 

378 915 246 
645 278 931 
912 346 857 
===========
123 457 689 
456 189 723 
789 623 514 

297 534 168 
564 812 397 
831 796 245 

378 961 452 
645 278 931 
912 345 876 
===========
123 457 689 
456 189 723 
789 623 514 

297 534 168 
564 812 397 
831 796 452 

378 961 245 
645 278 931 
912 345 876 
===========
123 457 689 
456 189 723 
789 623 514 

297 534 168 
564 812 937 
831 796 245 

378 961 452 
645 278 391 
912 345 876 
===========
123 457 689 
456 189 723 
789 623 514 

297 534 168 
564 812 937 
831 796 452 

378 961 245 
645 278 391 
912 345 876 
===========
123 457 689 
456 189 723 
789 623 514 

297 534 168 
564 891 372 
831 762 495 

378 946 251 
645 218 937 
912 375 846 
===========
123 457 689 
456 189 723 
789 623 514 

297 536 148 
564 812 397 
831 794 265 

378 961 452 
645 278 931 
912 345 876 
===========
123 457 689 
456 189 723 
789 623 514 

297 536 148 
564 812 937 
831 794 265 

378 961 452 
645 278 391 
912 345 876 
===========
123 457 689 
456 189 723 
789 623 514 

297 536 148 
564 891 237 
831 742 956 

378 915 462 
645 278 391 
912 364 875 
===========
123 457 689 
456 189 723 
789 623 514 

297 536 841 
564 812 397 
831 794 256 

378 945 162 
645 271 938 
912 368 475 
===========
123 457 689 
456 189 723 
789 623 514 

297 536 841 
564 812 937 
831 794 256 

378 945 162 
645 271 398 
912 368 475 
===========
123 457 689 
456 189 723 
789 623 514 

297 541 368 
564 832 197 
831 796 452 

378 915 246 
645 278 931 
912 364 875 
===========
123 457 689 
456 189 723 
789 623 514 

297 541 836 
564 832 971 
831 796 245 

378 964 152 
645 218 397 
912 375 468 
===========
123 457 689 
456 189 723 
789 623 514 

297 546 138 
564 831 972 
831 792 465 

378 915 246 
645 278 391 
912 364 857 
===========
123 457 689 
456 189 723 
789 623 514 

297 546 138 
564 831 972 
831 792 456 

378 914 265 
645 278 391 
912 365 847 
===========
123 457 689 
456 189 723 
789 623 514 

297 546 138 
564 831 972 
831 792 465 

378 914 256 
645 278 391 
912 365 847 
===========
123 457 689 
456 189 723 
789 623 514 

297 546 138 
564 831 972 
831 792 456 

378 965 241 
645 218 397 
912 374 865 
===========
123 457 689 
456 189 723 
789 623 514 

297 546 138 
564 831 972 
831 792 465 

378 965 241 
645 218 397 
912 374 856 
===========
123 457 689 
456 189 723 
789 623 514 

297 546 138 
564 831 972 
831 792 465 

378 964 251 
645 218 397 
912 375 846 
===========
123 457 689 
456 189 723 
789 623 514 

297 561 348 
564 832 197 
831 794 265 

378 916 452 
645 278 931 
912 345 876 
===========
123 457 689 
456 189 723 
789 623 514 

297 561 348 
564 832 197 
831 794 256 

378 915 462 
645 278 931 
912 346 875 
===========
123 457 689 
456 189 723 
789 623 514 

297 561 438 
564 832 971 
831 794 265 

378 946 152 
645 218 397 
912 375 846 
===========
123 457 689 
456 189 723 
789 623 514 

297 561 438 
564 832 971 
831 794 256 

378 945 162 
645 218 397 
912 376 845 
===========
123 457 689 
456 189 723 
789 623 514 

297 564 138 
564 831 972 
831 792 456 

378 916 245 
645 278 391 
912 345 867 
===========
123 457 689 
456 189 723 
789 623 514 

297 564 138 
564 831 972 
831 792 465 

378 915 246 
645 278 391 
912 346 857 
===========
123 457 689 
456 189 723 
789 623 514 

297 564 138 
564 831 972 
831 792 465 

378 946 251 
645 218 397 
912 375 846 
===========
123 457 689 
456 189 723 
789 623 514 

297 564 138 
564 831 972 
831 792 456 

378 945 261 
645 218 397 
912 376 845 
===========
123 457 689 
456 189 723 
789 623 514 

297 814 356 
564 932 178 
831 576 492 

378 261 945 
645 798 231 
912 345 867 
===========
123 457 689 
456 189 723 
789 623 514 

297 814 356 
564 932 178 
831 576 942 

378 261 495 
645 798 231 
912 345 867 
===========
123 457 689 
456 189 723 
789 623 514 

297 814 356 
564 932 178 
831 576 492 

378 241 965 
645 798 231 
912 365 847 
===========
123 457 689 
456 189 723 
789 623 514 

297 814 365 
564 932 178 
831 576 492 

378 241 956 
645 798 231 
912 365 847 
===========
123 457 689 
456 189 723 
789 623 514 

297 814 365 
564 932 871 
831 576 942 

378 245 196 
645 791 238 
912 368 457 
===========
123 457 689 
456 189 723 
789 623 514 

297 816 345 
564 932 178 
831 574 296 

378 245 961 
645 791 832 
912 368 457 
===========
123 457 689 
456 189 723 
789 623 514 

297 816 345 
564 932 871 
831 574 962 

378 245 196 
645 791 238 
912 368 457 
===========
123 457 689 
456 189 723 
789 623 514 

297 834 156 
564 971 238 
831 562 947 

378 295 461 
645 718 392 
912 346 875 
===========
123 457 689 
456 189 723 
789 623 514 

297 834 156 
564 912 378 
831 576 492 

378 261 945 
645 798 231 
912 345 867 
===========
123 457 689 
456 189 723 
789 623 514 

297 834 156 
564 912 378 
831 576 942 

378 261 495 
645 798 231 
912 345 867 
===========
123 457 689 
456 189 723 
789 623 514 

297 834 156 
564 912 378 
831 576 492 

378 241 965 
645 798 231 
912 365 847 
===========
123 457 689 
456 189 723 
789 623 514 

297 834 165 
564 971 238 
831 562 947 

378 296 451 
645 718 392 
912 345 876 
===========
123 457 689 
456 189 723 
789 623 514 

297 834 165 
564 912 378 
831 576 492 

378 241 956 
645 798 231 
912 365 847 
===========
123 457 689 
456 189 723 
789 623 514 

297 836 145 
564 971 238 
831 542 976 

378 295 461 
645 718 392 
912 364 857 
===========
