123 457 689 
456 189 723 
789 632 154 

297 814 365 
564 923 817 
831 765 492 

378 591 246 
645 278 931 
912 346 578 
===========
123 457 689 
456 189 723 
789 632 154 

297 814 365 
564 923 817 
831 765 492 

378 596 241 
645 271 938 
912 348 576 
===========
123 457 689 
456 189 723 
789 632 154 

297 814 536 
564 923 817 
831 765 942 

378 546 291 
645 291 378 
912 378 465 
===========
123 457 689 
456 189 723 
789 632 154 

297 815 346 
564 923 817 
831 764 295 

378 591 462 
645 278 931 
912 346 578 
===========
123 457 689 
456 189 723 
789 632 154 

297 815 346 
564 923 871 
831 764 295 

378 596 412 
645 271 938 
912 348 567 
===========
123 457 689 
456 189 723 
789 632 154 

297 815 346 
564 923 817 
831 746 295 

378 591 462 
645 278 931 
912 364 578 
===========
123 457 689 
456 189 723 
789 632 154 

297 815 346 
564 923 817 
831 746 592 

378 594 261 
645 271 938 
912 368 475 
===========
123 457 689 
456 189 723 
789 632 154 

297 815 436 
564 923 817 
831 764 295 

378 541 962 
645 298 371 
912 376 548 
===========
123 457 689 
456 189 723 
789 632 154 

297 815 436 
564 923 871 
831 764 295 

378 541 962 
645 298 317 
912 376 548 
===========
123 457 689 
456 189 723 
789 632 154 

297 815 436 
564 923 817 
831 746 295 

378 561 942 
645 298 371 
912 374 568 
===========
123 457 689 
456 189 723 
789 632 154 

297 815 436 
564 923 871 
831 746 295 

378 561 942 
645 298 317 
912 374 568 
===========
123 457 689 
456 189 723 
789 632 154 

297 816 345 
564 923 817 
831 745 296 

378 591 462 
645 278 931 
912 364 578 
===========
123 457 689 
456 189 723 
789 632 154 

297 816 435 
564 923 817 
831 745 962 

378 591 246 
645 278 391 
912 364 578 
===========
123 457 689 
456 189 723 
789 632 154 

297 816 435 
564 923 871 
831 745 962 

378 594 216 
645 271 398 
912 368 547 
===========
123 457 689 
456 189 723 
789 632 154 

297 816 435 
564 923 817 
831 745 296 

378 561 942 
645 298 371 
912 374 568 
===========
123 457 689 
456 189 723 
789 632 154 

297 816 435 
564 923 817 
831 745 962 

378 564 291 
645 291 378 
912 378 546 
===========
123 457 689 
456 189 723 
789 632 154 

297 816 435 
564 923 871 
831 745 296 

378 561 942 
645 298 317 
912 374 568 
===========
123 457 689 
456 189 723 
789 632 154 

297 841 365 
564 923 871 
831 765 492 

378 594 216 
645 218 937 
912 376 548 
===========
123 457 689 
456 189 723 
789 632 154 

297 843 516 
564 921 378 
831 765 492 

378 596 241 
645 218 937 
912 374 865 
===========
123 457 689 
456 189 723 
789 632 154 

297 843 516 
564 921 378 
831 765 492 

378 594 261 
645 218 937 
912 376 845 
===========
123 457 689 
456 189 723 
789 632 154 

297 843 561 
564 921 378 
831 765 492 

378 594 216 
645 218 937 
912 376 845 
===========
123 457 689 
456 189 723 
789 632 154 

297 845 316 
564 913 872 
831 726 495 

378 594 261 
645 271 938 
912 368 547 
===========
123 457 689 
456 189 723 
789 632 154 

297 845 361 
564 913 872 
831 726 495 

378 594 216 
645 271 938 
912 368 547 
===========
123 457 689 
456 189 723 
789 632 154 

297 845 361 
564 913 278 
831 726 495 

378 564 912 
645 291 837 
912 378 546 
===========
123 457 689 
456 189 723 
789 632 154 

297 846 315 
564 913 872 
831 725 496 

378 594 261 
645 271 938 
912 368 547 
===========
123 457 689 
456 189 723 
789 632 154 

297 846 531 
564 913 278 
831 725 496 

378 561 942 
645 298 317 
912 374 865 
===========
123 457 689 
456 189 723 
789 632 154 

297 846 531 
564 913 278 
831 725 946 

378 561 492 
645 298 317 
912 374 865 
===========
123 457 689 
456 189 723 
789 632 154 

297 861 345 
564 923 871 
831 745 296 

378 596 412 
645 218 937 
912 374 568 
===========
123 457 689 
456 189 723 
789 632 154 

297 861 435 
564 923 871 
831 745 962 

378 594 216 
645 218 397 
912 376 548 
===========
123 457 689 
456 189 723 
789 632 154 

297 861 435 
564 923 817 
831 745 296 

378 516 942 
645 298 371 
912 374 568 
===========
123 457 689 
456 189 723 
789 632 154 

297 861 435 
564 923 817 
831 745 296 

378 514 962 
645 298 371 
912 376 548 
===========
123 457 689 
456 189 723 
789 632 154 

297 861 435 
564 923 817 
831 745 962 

378 514 296 
645 298 371 
912 376 548 
===========
123 457 689 
456 189 723 
789 632 154 

297 861 435 
564 923 871 
831 745 296 

378 516 942 
645 298 317 
912 374 568 
===========
123 457 689 
456 189 723 
789 632 154 

297 861 435 
564 923 871 
831 745 296 

378 514 962 
645 298 317 
912 376 548 
===========
123 457 689 
456 189 723 
789 632 154 

297 861 435 
564 923 871 
831 745 962 

378 514 296 
645 298 317 
912 376 548 
===========
123 457 689 
456 189 723 
789 632 154 

297 863 415 
564 921 837 
831 745 296 

378 516 942 
645 298 371 
912 374 568 
===========
123 457 689 
456 189 723 
789 632 154 

297 863 415 
564 921 837 
831 745 296 

378 514 962 
645 298 371 
912 376 548 
===========
123 457 689 
456 189 723 
789 632 154 

297 863 415 
564 921 837 
831 745 962 

378 514 296 
645 298 371 
912 376 548 
===========
123 457 689 
456 189 723 
789 632 154 

297 863 541 
564 921 378 
831 745 296 

378 596 412 
645 218 937 
912 374 865 
===========
123 457 689 
456 189 723 
789 632 154 

297 864 315 
564 913 872 
831 725 496 

378 596 241 
645 271 938 
912 348 567 
===========
123 457 689 
456 189 723 
789 632 154 

297 864 531 
564 913 278 
831 725 496 

378 541 962 
645 298 317 
912 376 845 
===========
123 457 689 
456 189 723 
789 632 154 

297 865 341 
564 913 278 
831 724 596 

378 546 912 
645 291 837 
912 378 465 
===========
123 457 689 
456 189 723 
789 632 154 

297 865 431 
564 913 278 
831 724 596 

378 541 962 
645 298 317 
912 376 845 
===========
123 457 689 
456 189 723 
789 632 154 

297 865 431 
564 913 872 
831 724 965 

378 541 296 
645 298 317 
912 376 548 
===========
123 457 689 
456 189 723 
789 632 154 

297 814 365 
564 723 891 
831 965 247 

378 596 412 
645 271 938 
912 348 576 
===========
123 457 689 
456 189 723 
789 632 154 

297 814 365 
564 723 918 
831 965 472 

378 546 291 
645 291 837 
912 378 546 
===========
123 457 689 
456 189 723 
789 632 154 

297 814 536 
564 723 918 
831 965 247 

378 591 462 
645 278 391 
912 346 875 
===========
123 457 689 
456 189 723 
789 632 154 

297 814 536 
564 723 891 
831 965 247 

378 546 912 
645 291 378 
912 378 465 
===========
123 457 689 
456 189 723 
789 632 154 

297 815 346 
564 723 891 
831 964 275 

378 596 412 
645 271 938 
912 348 567 
===========
123 457 689 
456 189 723 
789 632 154 

297 815 346 
564 723 918 
831 964 572 

378 546 291 
645 291 837 
912 378 465 
===========
123 457 689 
456 189 723 
789 632 154 

297 815 346 
564 723 918 
831 946 572 

378 564 291 
645 291 837 
912 378 465 
===========
123 457 689 
456 189 723 
789 632 154 

297 815 436 
564 723 891 
831 964 275 

378 541 962 
645 298 317 
912 376 548 
===========
123 457 689 
456 189 723 
789 632 154 

297 815 436 
564 723 891 
831 946 275 

378 561 942 
645 298 317 
912 374 568 
===========
123 457 689 
456 189 723 
789 632 154 

297 816 435 
564 723 891 
831 945 276 

378 561 942 
645 298 317 
912 374 568 
===========
123 457 689 
456 189 723 
789 632 154 

297 816 435 
564 723 891 
831 945 267 

378 564 912 
645 291 378 
912 378 546 
===========
123 457 689 
456 189 723 
789 632 154 

297 841 365 
564 723 891 
831 965 472 

378 594 216 
645 218 937 
912 376 548 
===========
123 457 689 
456 189 723 
789 632 154 

297 841 536 
564 723 918 
831 965 472 

378 596 241 
645 218 397 
912 374 865 
===========
123 457 689 
456 189 723 
789 632 154 

297 841 536 
564 723 918 
831 965 472 

378 594 261 
645 218 397 
912 376 845 
===========
123 457 689 
456 189 723 
789 632 154 

297 841 536 
564 723 918 
831 965 247 

378 516 492 
645 298 371 
912 374 865 
===========
123 457 689 
456 189 723 
789 632 154 

297 843 516 
564 721 398 
831 965 472 

378 596 241 
645 218 937 
912 374 865 
===========
123 457 689 
456 189 723 
789 632 154 

297 843 516 
564 721 398 
831 965 472 

378 594 261 
645 218 937 
912 376 845 
===========
123 457 689 
456 189 723 
789 632 154 

297 843 516 
564 721 938 
831 965 472 

378 596 241 
645 218 397 
912 374 865 
===========
123 457 689 
456 189 723 
789 632 154 

297 843 516 
564 721 938 
831 965 472 

378 594 261 
645 218 397 
912 376 845 
===========
123 457 689 
456 189 723 
789 632 154 

297 843 516 
564 721 938 
831 965 247 

378 516 492 
645 298 371 
912 374 865 
===========
123 457 689 
456 189 723 
789 632 154 

297 843 561 
564 721 398 
831 965 472 

378 594 216 
645 218 937 
912 376 845 
===========
123 457 689 
456 189 723 
789 632 154 

297 843 561 
564 721 938 
831 965 472 

378 594 216 
645 218 397 
912 376 845 
===========
123 457 689 
456 189 723 
789 632 154 

297 843 561 
564 721 938 
831 965 472 

378 514 296 
645 298 317 
912 376 845 
===========
123 457 689 
456 189 723 
789 632 154 

297 845 316 
564 713 298 
831 926 547 

378 591 462 
645 278 931 
912 364 875 
===========
123 457 689 
456 189 723 
789 632 154 

297 845 316 
564 713 892 
831 926 475 

378 594 261 
645 271 938 
912 368 547 
===========
123 457 689 
456 189 723 
789 632 154 

297 845 316 
564 713 892 
831 926 547 

378 594 261 
645 271 938 
912 368 475 
===========
123 457 689 
456 189 723 
789 632 154 

297 845 361 
564 713 892 
831 926 475 

378 594 216 
645 271 938 
912 368 547 
===========
123 457 689 
456 189 723 
789 632 154 

297 845 361 
564 713 892 
831 926 547 

378 594 216 
645 271 938 
912 368 475 
===========
123 457 689 
456 189 723 
789 632 154 

297 845 361 
564 713 298 
831 926 475 

378 564 912 
645 291 837 
912 378 546 
===========
123 457 689 
456 189 723 
789 632 154 

297 846 315 
564 713 892 
831 925 467 

378 591 246 
645 278 931 
912 364 578 
===========
123 457 689 
456 189 723 
789 632 154 

297 846 315 
564 713 892 
831 925 476 

378 594 261 
645 271 938 
912 368 547 
===========
123 457 689 
456 189 723 
789 632 154 

297 846 531 
564 713 298 
831 925 476 

378 561 942 
645 298 317 
912 374 865 
===========
123 457 689 
456 189 723 
789 632 154 

297 861 345 
564 723 891 
831 945 276 

378 596 412 
645 218 937 
912 374 568 
===========
123 457 689 
456 189 723 
789 632 154 

297 861 435 
564 723 891 
831 945 276 

378 516 942 
645 298 317 
912 374 568 
===========
123 457 689 
456 189 723 
789 632 154 

297 861 435 
564 723 891 
831 945 276 

378 514 962 
645 298 317 
912 376 548 
===========
123 457 689 
456 189 723 
789 632 154 

297 863 541 
564 721 398 
831 945 276 

378 596 412 
645 218 937 
912 374 865 
===========
123 457 689 
456 189 723 
789 632 154 

297 863 541 
564 721 938 
831 945 276 

378 596 412 
645 218 397 
912 374 865 
===========
123 457 689 
456 189 723 
789 632 154 

297 863 541 
564 721 938 
831 945 276 

378 516 492 
645 298 317 
912 374 865 
===========
123 457 689 
456 189 723 
789 632 154 

297 864 315 
564 713 892 
831 925 467 

378 591 246 
645 278 931 
912 346 578 
===========
123 457 689 
456 189 723 
789 632 154 

297 864 315 
564 713 892 
831 925 467 

378 596 241 
645 271 938 
912 348 576 
===========
123 457 689 
456 189 723 
789 632 154 

297 864 315 
564 713 892 
831 925 476 

378 596 241 
645 271 938 
912 348 567 
===========
123 457 689 
456 189 723 
789 632 154 

297 864 531 
564 713 298 
831 925 476 

378 541 962 
645 298 317 
912 376 845 
===========
123 457 689 
456 189 723 
789 632 154 

297 865 341 
564 713 298 
831 924 576 

378 546 912 
645 291 837 
912 378 465 
===========
123 457 689 
456 189 723 
789 632 154 

297 865 431 
564 713 298 
831 924 576 

378 541 962 
645 298 317 
912 376 845 
===========
123 457 689 
456 189 723 
789 632 154 

297 814 365 
564 793 218 
831 526 497 

378 961 542 
645 278 931 
912 345 876 
===========
123 457 689 
456 189 723 
789 632 154 

297 814 365 
564 793 812 
831 526 497 

378 965 241 
645 271 938 
912 348 576 
===========
123 457 689 
456 189 723 
789 632 154 

297 814 365 
564 723 891 
831 596 247 

378 965 412 
645 271 938 
912 348 576 
===========
123 457 689 
456 189 723 
789 632 154 

297 814 365 
564 723 891 
831 596 472 

378 945 216 
645 271 938 
912 368 547 
===========
123 457 689 
456 189 723 
789 632 154 

297 814 536 
564 723 918 
831 596 472 

378 961 245 
645 278 391 
912 345 867 
===========
123 457 689 
456 189 723 
789 632 154 

297 814 536 
564 793 812 
831 526 947 

378 941 265 
645 278 391 
912 365 478 
===========
123 457 689 
456 189 723 
789 632 154 

297 814 536 
564 793 812 
831 526 947 

378 945 261 
645 271 398 
912 368 475 
===========
123 457 689 
456 189 723 
789 632 154 

297 814 536 
564 723 918 
831 596 472 

378 941 265 
645 278 391 
912 365 847 
===========
123 457 689 
456 189 723 
789 632 154 

297 816 345 
564 723 891 
831 594 267 

378 965 412 
645 271 938 
912 348 576 
===========
123 457 689 
456 189 723 
789 632 154 

297 816 345 
564 723 891 
831 594 276 

378 965 412 
645 271 938 
912 348 567 
===========
123 457 689 
456 189 723 
789 632 154 

297 816 435 
564 793 218 
831 524 967 

378 961 542 
645 278 391 
912 345 876 
===========
123 457 689 
456 189 723 
789 632 154 

297 816 435 
564 793 218 
831 524 976 

378 961 542 
645 278 391 
912 345 867 
===========
123 457 689 
456 189 723 
789 632 154 

297 816 435 
564 793 812 
831 524 967 

378 965 241 
645 271 398 
912 348 576 
===========
123 457 689 
456 189 723 
789 632 154 

297 816 435 
564 793 812 
831 524 976 

378 965 241 
645 271 398 
912 348 567 
===========
123 457 689 
456 189 723 
789 632 154 

297 816 435 
564 723 918 
831 594 267 

378 961 542 
645 278 391 
912 345 876 
===========
123 457 689 
456 189 723 
789 632 154 

297 816 435 
564 723 918 
831 594 276 

378 961 542 
645 278 391 
912 345 867 
===========
123 457 689 
456 189 723 
789 632 154 

297 816 435 
564 793 218 
831 524 976 

378 941 562 
645 278 391 
912 365 847 
===========
123 457 689 
456 189 723 
789 632 154 

297 816 435 
564 793 812 
831 524 976 

378 945 261 
645 271 398 
912 368 547 
===========
123 457 689 
456 189 723 
789 632 154 

297 816 435 
564 723 918 
831 594 276 

378 941 562 
645 278 391 
912 365 847 
===========
123 457 689 
456 189 723 
789 632 154 

297 841 365 
564 793 812 
831 526 497 

378 915 246 
645 278 931 
912 364 578 
===========
123 457 689 
456 189 723 
789 632 154 

297 841 536 
564 793 218 
831 526 947 

378 915 462 
645 278 391 
912 364 875 
===========
123 457 689 
456 189 723 
789 632 154 

297 841 536 
564 793 812 
831 526 947 

378 914 265 
645 278 391 
912 365 478 
===========
123 457 689 
456 189 723 
789 632 154 

297 841 536 
564 723 918 
831 596 247 

378 915 462 
645 278 391 
912 364 875 
===========
123 457 689 
456 189 723 
789 632 154 

297 841 536 
564 723 918 
831 596 472 

378 914 265 
645 278 391 
912 365 847 
===========
123 457 689 
456 189 723 
789 632 154 

297 841 536 
564 723 918 
831 596 472 

378 965 241 
645 218 397 
912 374 865 
===========
123 457 689 
456 189 723 
789 632 154 

297 843 516 
564 791 238 
831 526 947 

378 915 462 
645 278 391 
912 364 875 
===========
123 457 689 
456 189 723 
789 632 154 

297 843 516 
564 791 832 
831 526 947 

378 914 265 
645 278 391 
912 365 478 
===========
123 457 689 
456 189 723 
789 632 154 

297 843 516 
564 721 398 
831 596 247 

378 915 462 
645 278 931 
912 364 875 
===========
123 457 689 
456 189 723 
789 632 154 

297 843 516 
564 721 398 
831 596 472 

378 914 265 
645 278 931 
912 365 847 
===========
123 457 689 
456 189 723 
789 632 154 

297 843 516 
564 721 938 
831 596 247 

378 915 462 
645 278 391 
912 364 875 
===========
123 457 689 
456 189 723 
789 632 154 

297 843 516 
564 721 938 
831 596 472 

378 914 265 
645 278 391 
912 365 847 
===========
123 457 689 
456 189 723 
789 632 154 

297 843 516 
564 721 398 
831 596 472 

378 965 241 
645 218 937 
912 374 865 
===========
123 457 689 
456 189 723 
789 632 154 

297 843 516 
564 721 938 
831 596 472 

378 965 241 
645 218 397 
912 374 865 
===========
123 457 689 
456 189 723 
789 632 154 

297 843 561 
564 721 398 
831 596 472 

378 964 215 
645 218 937 
912 375 846 
===========
123 457 689 
456 189 723 
789 632 154 

297 843 561 
564 721 938 
831 596 472 

378 964 215 
645 218 397 
912 375 846 
===========
123 457 689 
456 189 723 
789 632 154 

297 861 345 
564 723 891 
831 594 276 

378 946 512 
645 218 937 
912 375 468 
===========
123 457 689 
456 189 723 
789 632 154 

297 861 435 
564 793 218 
831 524 967 

378 916 542 
645 278 391 
912 345 876 
===========
123 457 689 
456 189 723 
789 632 154 

297 861 435 
564 793 218 
831 524 976 

378 916 542 
645 278 391 
912 345 867 
===========
123 457 689 
456 189 723 
789 632 154 

297 861 435 
564 793 812 
831 524 967 

378 915 246 
645 278 391 
912 346 578 
===========
123 457 689 
456 189 723 
789 632 154 

297 861 435 
564 723 918 
831 594 267 

378 916 542 
645 278 391 
912 345 876 
===========
123 457 689 
456 189 723 
789 632 154 

297 861 435 
564 723 918 
831 594 276 

378 916 542 
645 278 391 
912 345 867 
===========
123 457 689 
456 189 723 
789 632 154 

297 861 435 
564 793 812 
831 524 976 

378 945 261 
645 218 397 
912 376 548 
===========
123 457 689 
456 189 723 
789 632 154 

297 863 415 
564 791 238 
831 524 967 

378 916 542 
645 278 391 
912 345 876 
===========
123 457 689 
456 189 723 
789 632 154 

297 863 415 
564 791 238 
831 524 976 

378 916 542 
645 278 391 
912 345 867 
===========
123 457 689 
456 189 723 
789 632 154 

297 863 415 
564 791 832 
831 524 967 

378 915 246 
645 278 391 
912 346 578 
===========
123 457 689 
456 189 723 
789 632 154 

297 863 415 
564 721 398 
831 594 267 

378 916 542 
645 278 931 
912 345 876 
===========
123 457 689 
456 189 723 
789 632 154 

297 863 415 
564 721 398 
831 594 276 

378 916 542 
645 278 931 
912 345 867 
===========
123 457 689 
456 189 723 
789 632 154 

297 863 415 
564 721 938 
831 594 267 

378 916 542 
645 278 391 
912 345 876 
===========
123 457 689 
456 189 723 
789 632 154 

297 863 415 
564 721 938 
831 594 276 

378 916 542 
645 278 391 
912 345 867 
===========
123 457 689 
456 189 723 
789 632 154 

297 863 415 
564 791 832 
831 524 976 

378 945 261 
645 218 397 
912 376 548 
===========
123 457 689 
456 189 723 
789 632 154 

297 863 541 
564 791 832 
831 524 976 

378 946 215 
645 218 397 
912 375 468 
===========
123 457 689 
456 189 723 
789 632 154 

297 514 368 
564 893 217 
831 726 495 

378 961 542 
645 278 931 
912 345 876 
===========
123 457 689 
456 189 723 
789 632 154 

297 514 836 
564 893 271 
831 726 945 

378 965 412 
645 271 398 
912 348 567 
===========
123 457 689 
456 189 723 
789 632 154 

297 514 836 
564 823 971 
831 796 245 

378 965 412 
645 271 398 
912 348 567 
===========
123 457 689 
456 189 723 
789 632 154 

297 514 836 
564 893 217 
831 726 945 

378 941 562 
645 278 391 
912 365 478 
===========
123 457 689 
456 189 723 
789 632 154 

297 514 836 
564 823 917 
831 796 245 

378 941 562 
645 278 391 
912 365 478 
===========
123 457 689 
456 189 723 
789 632 154 

297 514 836 
564 823 917 
831 796 542 

378 941 265 
645 278 391 
912 365 478 
===========
123 457 689 
456 189 723 
789 632 154 

297 514 836 
564 823 917 
831 796 542 

378 945 261 
645 271 398 
912 368 475 
===========
123 457 689 
456 189 723 
789 632 154 

297 516 438 
564 893 217 
831 724 965 

378 961 542 
645 278 391 
912 345 876 
===========
123 457 689 
456 189 723 
789 632 154 

297 516 438 
564 823 917 
831 794 265 

378 961 542 
645 278 391 
912 345 876 
===========
123 457 689 
456 189 723 
789 632 154 

297 516 438 
564 823 917 
831 794 562 

378 961 245 
645 278 391 
912 345 876 
===========
123 457 689 
456 189 723 
789 632 154 

297 541 368 
564 893 271 
831 726 495 

378 964 512 
645 218 937 
912 375 846 
===========
123 457 689 
456 189 723 
789 632 154 

297 541 836 
564 893 217 
831 726 945 

378 915 462 
645 278 391 
912 364 578 
===========
123 457 689 
456 189 723 
789 632 154 

297 541 836 
564 893 217 
831 726 945 

378 914 562 
645 278 391 
912 365 478 
===========
123 457 689 
456 189 723 
789 632 154 

297 541 836 
564 823 917 
831 796 245 

378 915 462 
645 278 391 
912 364 578 
===========
123 457 689 
456 189 723 
789 632 154 

297 541 836 
564 823 917 
831 796 245 

378 914 562 
645 278 391 
912 365 478 
===========
123 457 689 
456 189 723 
789 632 154 

297 541 836 
564 823 917 
831 796 542 

378 914 265 
645 278 391 
912 365 478 
===========
123 457 689 
456 189 723 
789 632 154 

297 541 836 
564 893 271 
831 726 945 

378 965 412 
645 218 397 
912 374 568 
===========
123 457 689 
456 189 723 
789 632 154 

297 541 836 
564 893 271 
831 726 945 

378 964 512 
645 218 397 
912 375 468 
===========
123 457 689 
456 189 723 
789 632 154 

297 541 836 
564 823 971 
831 796 245 

378 965 412 
645 218 397 
912 374 568 
===========
123 457 689 
456 189 723 
789 632 154 

297 541 836 
564 823 971 
831 796 245 

378 964 512 
645 218 397 
912 375 468 
===========
123 457 689 
456 189 723 
789 632 154 

297 541 836 
564 823 971 
831 796 542 

378 964 215 
645 218 397 
912 375 468 
===========
123 457 689 
456 189 723 
789 632 154 

297 543 816 
564 891 237 
831 726 945 

378 915 462 
645 278 391 
912 364 578 
===========
123 457 689 
456 189 723 
789 632 154 

297 543 816 
564 891 237 
831 726 945 

378 914 562 
645 278 391 
912 365 478 
===========
123 457 689 
456 189 723 
789 632 154 

297 543 816 
564 821 397 
831 796 245 

378 915 462 
645 278 931 
912 364 578 
===========
123 457 689 
456 189 723 
789 632 154 

297 543 816 
564 821 397 
831 796 245 

378 914 562 
645 278 931 
912 365 478 
===========
123 457 689 
456 189 723 
789 632 154 

297 543 816 
564 821 397 
831 796 542 

378 914 265 
645 278 931 
912 365 478 
===========
123 457 689 
456 189 723 
789 632 154 

297 543 816 
564 821 937 
831 796 245 

378 915 462 
645 278 391 
912 364 578 
===========
123 457 689 
456 189 723 
789 632 154 

297 543 816 
564 821 937 
831 796 245 

378 914 562 
645 278 391 
912 365 478 
===========
123 457 689 
456 189 723 
789 632 154 

297 543 816 
564 821 937 
831 796 542 

378 914 265 
645 278 391 
912 365 478 
===========
123 457 689 
456 189 723 
789 632 154 

297 543 816 
564 891 372 
831 726 495 

378 965 241 
645 218 937 
912 374 568 
===========
123 457 689 
456 189 723 
789 632 154 

297 561 348 
564 893 217 
831 724 596 

378 915 462 
645 278 931 
912 346 875 
===========
123 457 689 
456 189 723 
789 632 154 

297 561 438 
564 893 217 
831 724 965 

378 916 542 
645 278 391 
912 345 876 
===========
123 457 689 
456 189 723 
789 632 154 

297 561 438 
564 823 917 
831 794 265 

378 916 542 
645 278 391 
912 345 876 
===========
123 457 689 
456 189 723 
789 632 154 

297 561 438 
564 823 917 
831 794 562 

378 916 245 
645 278 391 
912 345 876 
===========
123 457 689 
456 189 723 
789 632 154 

297 561 438 
564 823 917 
831 794 562 

378 915 246 
645 278 391 
912 346 875 
===========
123 457 689 
456 189 723 
789 632 154 

297 561 438 
564 893 271 
831 724 965 

378 946 512 
645 218 397 
912 375 846 
===========
123 457 689 
456 189 723 
789 632 154 

297 561 438 
564 823 971 
831 794 265 

378 946 512 
645 218 397 
912 375 846 
===========
123 457 689 
456 189 723 
789 632 154 

297 561 438 
564 823 971 
831 794 562 

378 946 215 
645 218 397 
912 375 846 
===========
123 457 689 
456 189 723 
789 632 154 

297 561 438 
564 823 971 
831 794 562 

378 945 216 
645 218 397 
912 376 845 
===========
123 457 689 
456 189 723 
789 632 154 

297 563 418 
564 891 237 
831 724 965 

378 916 542 
645 278 391 
912 345 876 
===========
123 457 689 
456 189 723 
789 632 154 

297 563 418 
564 891 372 
831 724 596 

378 916 245 
645 278 931 
912 345 867 
===========
123 457 689 
456 189 723 
789 632 154 

297 563 418 
564 821 397 
831 794 265 

378 916 542 
645 278 931 
912 345 876 
===========
123 457 689 
456 189 723 
789 632 154 

297 563 418 
564 821 397 
831 794 562 

378 916 245 
645 278 931 
912 345 876 
===========
123 457 689 
456 189 723 
789 632 154 

297 563 418 
564 821 397 
831 794 562 

378 915 246 
645 278 931 
912 346 875 
===========
123 457 689 
456 189 723 
789 632 154 

297 563 418 
564 821 937 
831 794 265 

378 916 542 
645 278 391 
912 345 876 
===========
123 457 689 
456 189 723 
789 632 154 

297 563 418 
564 821 937 
831 794 562 

378 916 245 
645 278 391 
912 345 876 
===========
123 457 689 
456 189 723 
789 632 154 

297 563 418 
564 821 937 
831 794 562 

378 915 246 
645 278 391 
912 346 875 
===========
123 457 689 
456 189 723 
789 632 154 

297 563 418 
564 891 372 
831 724 596 

378 945 261 
645 218 937 
912 376 845 
===========
123 457 689 
456 189 723 
789 632 154 

297 563 841 
564 891 372 
831 724 596 

378 946 215 
645 218 937 
912 375 468 
===========
123 457 689 
456 189 723 
789 632 154 

297 814 365 
564 973 218 
831 526 497 

378 265 941 
645 791 832 
912 348 576 
===========
123 457 689 
456 189 723 
789 632 154 

297 814 365 
564 973 218 
831 526 947 

378 265 491 
645 791 832 
912 348 576 
===========
123 457 689 
456 189 723 
789 632 154 

297 814 365 
564 973 812 
831 526 497 

378 265 941 
645 791 238 
912 348 576 
===========
123 457 689 
456 189 723 
789 632 154 

297 814 365 
564 973 812 
831 526 947 

378 265 491 
645 791 238 
912 348 576 
===========
123 457 689 
456 189 723 
789 632 154 

297 814 365 
564 923 817 
831 576 492 

378 265 941 
645 791 238 
912 348 576 
===========
123 457 689 
456 189 723 
789 632 154 

297 814 365 
564 923 817 
831 576 942 

378 265 491 
645 791 238 
912 348 576 
===========
123 457 689 
456 189 723 
789 632 154 

297 814 365 
564 973 812 
831 526 947 

378 241 596 
645 798 231 
912 365 478 
===========
123 457 689 
456 189 723 
789 632 154 

297 814 365 
564 923 817 
831 576 942 

378 241 596 
645 798 231 
912 365 478 
===========
123 457 689 
456 189 723 
789 632 154 

297 814 365 
564 923 871 
831 576 492 

378 245 916 
645 791 238 
912 368 547 
===========
123 457 689 
456 189 723 
789 632 154 

297 816 345 
564 973 218 
831 524 967 

378 265 491 
645 791 832 
912 348 576 
===========
123 457 689 
456 189 723 
789 632 154 

297 816 345 
564 973 218 
831 524 976 

378 265 491 
645 791 832 
912 348 567 
===========
123 457 689 
456 189 723 
789 632 154 

297 816 345 
564 973 812 
831 524 967 

378 265 491 
645 791 238 
912 348 576 
===========
123 457 689 
456 189 723 
789 632 154 

297 816 345 
564 973 812 
831 524 976 

378 265 491 
645 791 238 
912 348 567 
===========
