123 457 689 
456 189 732 
789 623 514 

297 815 346 
564 932 178 
831 746 925 

378 594 261 
645 271 893 
912 368 457 
===========
123 457 689 
456 189 732 
789 623 514 

297 815 463 
564 932 178 
831 764 925 

378 591 246 
645 278 391 
912 346 857 
===========
123 457 689 
456 189 732 
789 623 514 

297 815 463 
564 932 178 
831 746 925 

378 591 246 
645 278 391 
912 364 857 
===========
123 457 689 
456 189 732 
789 623 514 

297 816 345 
564 932 178 
831 745 926 

378 594 261 
645 271 893 
912 368 457 
===========
123 457 689 
456 189 732 
789 623 514 

297 835 146 
564 912 378 
831 746 925 

378 594 261 
645 271 893 
912 368 457 
===========
123 457 689 
456 189 732 
789 623 514 

297 835 146 
564 912 873 
831 746 925 

378 594 261 
645 271 398 
912 368 457 
===========
123 457 689 
456 189 732 
789 623 514 

297 835 461 
564 912 378 
831 764 925 

378 591 246 
645 278 193 
912 346 857 
===========
123 457 689 
456 189 732 
789 623 514 

297 835 461 
564 912 378 
831 746 925 

378 591 246 
645 278 193 
912 364 857 
===========
123 457 689 
456 189 732 
789 623 514 

297 836 145 
564 912 378 
831 745 926 

378 594 261 
645 271 893 
912 368 457 
===========
123 457 689 
456 189 732 
789 623 514 

297 836 145 
564 912 873 
831 745 926 

378 594 261 
645 271 398 
912 368 457 
===========
123 457 689 
456 189 732 
789 623 514 

297 845 163 
564 931 278 
831 762 945 

378 596 421 
645 218 397 
912 374 856 
===========
123 457 689 
456 189 732 
789 623 514 

297 845 163 
564 931 827 
831 762 945 

378 514 296 
645 298 371 
912 376 458 
===========
123 457 689 
456 189 732 
789 623 514 

297 845 361 
564 931 827 
831 762 945 

378 514 296 
645 298 173 
912 376 458 
===========
123 457 689 
456 189 732 
789 623 514 

297 861 453 
564 932 178 
831 745 926 

378 596 241 
645 218 397 
912 374 865 
===========
123 457 689 
456 189 732 
789 623 514 

297 861 453 
564 932 178 
831 745 926 

378 594 261 
645 218 397 
912 376 845 
===========
123 457 689 
456 189 732 
789 623 514 

297 865 143 
564 931 278 
831 742 956 

378 596 421 
645 218 397 
912 374 865 
===========
123 457 689 
456 189 732 
789 623 514 

297 865 143 
564 931 278 
831 742 965 

378 596 421 
645 218 397 
912 374 856 
===========
123 457 689 
456 189 732 
789 623 514 

297 865 143 
564 931 827 
831 742 965 

378 514 296 
645 298 371 
912 376 458 
===========
123 457 689 
456 189 732 
789 623 514 

297 865 341 
564 931 827 
831 742 965 

378 514 296 
645 298 173 
912 376 458 
===========
123 457 689 
456 189 732 
789 623 514 

297 814 356 
564 732 198 
831 965 247 

378 546 921 
645 291 873 
912 378 465 
===========
123 457 689 
456 189 732 
789 623 514 

297 814 365 
564 732 198 
831 965 247 

378 546 921 
645 291 873 
912 378 456 
===========
123 457 689 
456 189 732 
789 623 514 

297 814 365 
564 732 891 
831 965 247 

378 541 926 
645 298 173 
912 376 458 
===========
123 457 689 
456 189 732 
789 623 514 

297 815 346 
564 732 198 
831 964 257 

378 546 921 
645 291 873 
912 378 465 
===========
123 457 689 
456 189 732 
789 623 514 

297 815 346 
564 732 198 
831 946 257 

378 564 921 
645 291 873 
912 378 465 
===========
123 457 689 
456 189 732 
789 623 514 

297 815 463 
564 732 198 
831 964 257 

378 541 926 
645 298 371 
912 376 845 
===========
123 457 689 
456 189 732 
789 623 514 

297 816 345 
564 732 198 
831 945 267 

378 564 921 
645 291 873 
912 378 456 
===========
123 457 689 
456 189 732 
789 623 514 

297 834 156 
564 712 398 
831 965 247 

378 546 921 
645 291 873 
912 378 465 
===========
123 457 689 
456 189 732 
789 623 514 

297 834 156 
564 712 893 
831 965 247 

378 546 921 
645 291 378 
912 378 465 
===========
123 457 689 
456 189 732 
789 623 514 

297 834 165 
564 712 398 
831 965 247 

378 546 921 
645 291 873 
912 378 456 
===========
123 457 689 
456 189 732 
789 623 514 

297 834 165 
564 712 893 
831 965 247 

378 541 926 
645 298 371 
912 376 458 
===========
123 457 689 
456 189 732 
789 623 514 

297 834 165 
564 712 893 
831 965 247 

378 546 921 
645 291 378 
912 378 456 
===========
123 457 689 
456 189 732 
789 623 514 

297 835 146 
564 712 398 
831 964 257 

378 546 921 
645 291 873 
912 378 465 
===========
123 457 689 
456 189 732 
789 623 514 

297 835 146 
564 712 893 
831 964 257 

378 546 921 
645 291 378 
912 378 465 
===========
123 457 689 
456 189 732 
789 623 514 

297 835 146 
564 712 398 
831 946 257 

378 564 921 
645 291 873 
912 378 465 
===========
123 457 689 
456 189 732 
789 623 514 

297 835 146 
564 712 893 
831 946 257 

378 564 921 
645 291 378 
912 378 465 
===========
123 457 689 
456 189 732 
789 623 514 

297 835 461 
564 712 398 
831 964 257 

378 541 926 
645 298 173 
912 376 845 
===========
123 457 689 
456 189 732 
789 623 514 

297 836 145 
564 712 398 
831 945 267 

378 564 921 
645 291 873 
912 378 456 
===========
123 457 689 
456 189 732 
789 623 514 

297 836 145 
564 712 893 
831 945 267 

378 564 921 
645 291 378 
912 378 456 
===========
123 457 689 
456 189 732 
789 623 514 

297 841 356 
564 732 198 
831 965 247 

378 596 421 
645 218 973 
912 374 865 
===========
123 457 689 
456 189 732 
789 623 514 

297 841 356 
564 732 198 
831 965 427 

378 596 241 
645 218 973 
912 374 865 
===========
123 457 689 
456 189 732 
789 623 514 

297 841 356 
564 732 198 
831 965 427 

378 594 261 
645 218 973 
912 376 845 
===========
123 457 689 
456 189 732 
789 623 514 

297 841 365 
564 732 198 
831 965 247 

378 596 421 
645 218 973 
912 374 856 
===========
123 457 689 
456 189 732 
789 623 514 

297 841 365 
564 732 198 
831 965 427 

378 596 241 
645 218 973 
912 374 856 
===========
123 457 689 
456 189 732 
789 623 514 

297 841 365 
564 732 891 
831 965 247 

378 594 126 
645 218 973 
912 376 458 
===========
123 457 689 
456 189 732 
789 623 514 

297 841 365 
564 732 891 
831 965 247 

378 514 926 
645 298 173 
912 376 458 
===========
123 457 689 
456 189 732 
789 623 514 

297 845 163 
564 731 928 
831 962 475 

378 596 241 
645 218 397 
912 374 856 
===========
123 457 689 
456 189 732 
789 623 514 

297 845 163 
564 731 298 
831 962 457 

378 514 926 
645 298 371 
912 376 845 
===========
123 457 689 
456 189 732 
789 623 514 

297 845 163 
564 731 928 
831 962 457 

378 514 296 
645 298 371 
912 376 845 
===========
123 457 689 
456 189 732 
789 623 514 

297 845 361 
564 731 298 
831 962 457 

378 594 126 
645 218 973 
912 376 845 
===========
123 457 689 
456 189 732 
789 623 514 

297 845 361 
564 731 298 
831 962 457 

378 514 926 
645 298 173 
912 376 845 
===========
123 457 689 
456 189 732 
789 623 514 

297 845 361 
564 731 928 
831 962 457 

378 514 296 
645 298 173 
912 376 845 
===========
123 457 689 
456 189 732 
789 623 514 

297 861 345 
564 732 198 
831 945 267 

378 596 421 
645 218 973 
912 374 856 
===========
123 457 689 
456 189 732 
789 623 514 

297 861 345 
564 732 891 
831 945 267 

378 594 126 
645 218 973 
912 376 458 
===========
123 457 689 
456 189 732 
789 623 514 

297 861 345 
564 732 891 
831 945 267 

378 514 926 
645 298 173 
912 376 458 
===========
123 457 689 
456 189 732 
789 623 514 

297 861 453 
564 732 198 
831 945 267 

378 514 926 
645 298 371 
912 376 845 
===========
123 457 689 
456 189 732 
789 623 514 

297 834 156 
564 791 328 
831 562 497 

378 945 261 
645 218 973 
912 376 845 
===========
123 457 689 
456 189 732 
789 623 514 

297 834 165 
564 791 328 
831 562 497 

378 946 251 
645 218 973 
912 375 846 
===========
123 457 689 
456 189 732 
789 623 514 

297 836 145 
564 791 823 
831 542 967 

378 914 256 
645 278 391 
912 365 478 
===========
123 457 689 
456 189 732 
789 623 514 

297 836 145 
564 791 823 
831 542 976 

378 964 251 
645 218 397 
912 375 468 
===========
123 457 689 
456 189 732 
789 623 514 

297 836 451 
564 791 328 
831 542 967 

378 915 246 
645 278 193 
912 364 875 
===========
123 457 689 
456 189 732 
789 623 514 

297 836 451 
564 791 328 
831 542 976 

378 914 265 
645 278 193 
912 365 847 
===========
123 457 689 
456 189 732 
789 623 514 

297 841 356 
564 732 198 
831 596 247 

378 965 421 
645 218 973 
912 374 865 
===========
123 457 689 
456 189 732 
789 623 514 

297 841 356 
564 732 198 
831 596 427 

378 965 241 
645 218 973 
912 374 865 
===========
123 457 689 
456 189 732 
789 623 514 

297 841 356 
564 732 891 
831 596 247 

378 964 125 
645 218 973 
912 375 468 
===========
123 457 689 
456 189 732 
789 623 514 

297 841 365 
564 732 198 
831 596 247 

378 965 421 
645 218 973 
912 374 856 
===========
123 457 689 
456 189 732 
789 623 514 

297 841 365 
564 732 198 
831 596 427 

378 965 241 
645 218 973 
912 374 856 
===========
123 457 689 
456 189 732 
789 623 514 

297 841 365 
564 732 198 
831 596 427 

378 964 251 
645 218 973 
912 375 846 
===========
123 457 689 
456 189 732 
789 623 514 

297 846 153 
564 731 928 
831 592 467 

378 915 246 
645 278 391 
912 364 875 
===========
123 457 689 
456 189 732 
789 623 514 

297 846 153 
564 731 928 
831 592 476 

378 914 265 
645 278 391 
912 365 847 
===========
123 457 689 
456 189 732 
789 623 514 

297 846 153 
564 731 928 
831 592 476 

378 965 241 
645 218 397 
912 374 865 
===========
123 457 689 
456 189 732 
789 623 514 

297 846 351 
564 731 928 
831 592 467 

378 915 246 
645 278 193 
912 364 875 
===========
123 457 689 
456 189 732 
789 623 514 

297 846 351 
564 731 928 
831 592 476 

378 914 265 
645 278 193 
912 365 847 
===========
123 457 689 
456 189 732 
789 623 514 

297 846 351 
564 731 298 
831 592 467 

378 964 125 
645 218 973 
912 375 846 
===========
123 457 689 
456 189 732 
789 623 514 

297 861 345 
564 732 891 
831 594 267 

378 945 126 
645 218 973 
912 376 458 
===========
123 457 689 
456 189 732 
789 623 514 

297 864 153 
564 731 928 
831 592 467 

378 916 245 
645 278 391 
912 345 876 
===========
123 457 689 
456 189 732 
789 623 514 

297 864 153 
564 731 928 
831 592 476 

378 916 245 
645 278 391 
912 345 867 
===========
123 457 689 
456 189 732 
789 623 514 

297 864 153 
564 731 928 
831 592 467 

378 915 246 
645 278 391 
912 346 875 
===========
123 457 689 
456 189 732 
789 623 514 

297 864 153 
564 731 928 
831 592 476 

378 945 261 
645 218 397 
912 376 845 
===========
123 457 689 
456 189 732 
789 623 514 

297 864 351 
564 731 928 
831 592 467 

378 916 245 
645 278 193 
912 345 876 
===========
123 457 689 
456 189 732 
789 623 514 

297 864 351 
564 731 928 
831 592 476 

378 916 245 
645 278 193 
912 345 867 
===========
123 457 689 
456 189 732 
789 623 514 

297 864 351 
564 731 928 
831 592 467 

378 915 246 
645 278 193 
912 346 875 
===========
123 457 689 
456 189 732 
789 623 514 

297 864 351 
564 731 298 
831 592 467 

378 946 125 
645 218 973 
912 375 846 
===========
123 457 689 
456 189 732 
789 623 514 

297 864 351 
564 731 298 
831 592 467 

378 945 126 
645 218 973 
912 376 845 
===========
123 457 689 
456 189 732 
789 623 514 

297 514 368 
564 832 971 
831 796 425 

378 941 256 
645 278 193 
912 365 847 
===========
123 457 689 
456 189 732 
789 623 514 

297 514 368 
564 832 971 
831 796 245 

378 945 126 
645 271 893 
912 368 457 
===========
123 457 689 
456 189 732 
789 623 514 

297 514 863 
564 832 971 
831 796 245 

378 945 126 
645 271 398 
912 368 457 
===========
123 457 689 
456 189 732 
789 623 514 

297 516 348 
564 832 971 
831 794 256 

378 961 425 
645 278 193 
912 345 867 
===========
123 457 689 
456 189 732 
789 623 514 

297 516 348 
564 832 971 
831 794 265 

378 945 126 
645 271 893 
912 368 457 
===========
123 457 689 
456 189 732 
789 623 514 

297 516 843 
564 832 971 
831 794 265 

378 945 126 
645 271 398 
912 368 457 
===========
123 457 689 
456 189 732 
789 623 514 

297 531 468 
564 892 173 
831 764 925 

378 915 246 
645 278 391 
912 346 857 
===========
123 457 689 
456 189 732 
789 623 514 

297 531 468 
564 892 371 
831 764 925 

378 915 246 
645 278 193 
912 346 857 
===========
123 457 689 
456 189 732 
789 623 514 

297 531 468 
564 892 173 
831 746 925 

378 915 246 
645 278 391 
912 364 857 
===========
123 457 689 
456 189 732 
789 623 514 

297 531 468 
564 892 173 
831 746 925 

378 914 256 
645 278 391 
912 365 847 
===========
123 457 689 
456 189 732 
789 623 514 

297 531 468 
564 892 371 
831 746 925 

378 915 246 
645 278 193 
912 364 857 
===========
123 457 689 
456 189 732 
789 623 514 

297 531 468 
564 892 371 
831 746 925 

378 914 256 
645 278 193 
912 365 847 
===========
123 457 689 
456 189 732 
789 623 514 

297 531 468 
564 892 173 
831 764 925 

378 946 251 
645 218 397 
912 375 846 
===========
123 457 689 
456 189 732 
789 623 514 

297 531 468 
564 892 173 
831 746 925 

378 965 241 
645 218 397 
912 374 856 
===========
123 457 689 
456 189 732 
789 623 514 

297 531 468 
564 892 173 
831 746 925 

378 964 251 
645 218 397 
912 375 846 
===========
123 457 689 
456 189 732 
789 623 514 

297 531 846 
564 892 173 
831 764 925 

378 946 251 
645 218 397 
912 375 468 
===========
123 457 689 
456 189 732 
789 623 514 

297 531 846 
564 892 173 
831 764 925 

378 945 261 
645 218 397 
912 376 458 
===========
123 457 689 
456 189 732 
789 623 514 

297 531 846 
564 892 173 
831 746 925 

378 964 251 
645 218 397 
912 375 468 
===========
123 457 689 
456 189 732 
789 623 514 

297 534 168 
564 891 273 
831 762 945 

378 915 426 
645 278 391 
912 346 857 
===========
123 457 689 
456 189 732 
789 623 514 

297 534 168 
564 812 973 
831 796 425 

378 941 256 
645 278 391 
912 365 847 
===========
123 457 689 
456 189 732 
789 623 514 

297 534 168 
564 891 327 
831 762 495 

378 946 251 
645 218 973 
912 375 846 
===========
123 457 689 
456 189 732 
789 623 514 

297 534 861 
564 812 973 
831 796 245 

378 945 126 
645 271 398 
912 368 457 
===========
123 457 689 
456 189 732 
789 623 514 

297 534 861 
564 891 273 
831 762 945 

378 945 126 
645 218 397 
912 376 458 
===========
123 457 689 
456 189 732 
789 623 514 

297 536 148 
564 812 973 
831 794 256 

378 961 425 
645 278 391 
912 345 867 
===========
123 457 689 
456 189 732 
789 623 514 

297 536 148 
564 891 273 
831 742 965 

378 915 426 
645 278 391 
912 364 857 
===========
123 457 689 
456 189 732 
789 623 514 

297 536 148 
564 891 273 
831 742 956 

378 965 421 
645 218 397 
912 374 865 
===========
123 457 689 
456 189 732 
789 623 514 

297 536 148 
564 891 273 
831 742 965 

378 965 421 
645 218 397 
912 374 856 
===========
123 457 689 
456 189 732 
789 623 514 

297 536 841 
564 891 327 
831 742 956 

378 914 265 
645 278 193 
912 365 478 
===========
123 457 689 
456 189 732 
789 623 514 

297 536 841 
564 891 327 
831 742 965 

378 914 256 
645 278 193 
912 365 478 
===========
123 457 689 
456 189 732 
789 623 514 

297 536 841 
564 812 973 
831 794 265 

378 945 126 
645 271 398 
912 368 457 
===========
123 457 689 
456 189 732 
789 623 514 

297 536 841 
564 891 273 
831 742 956 

378 964 125 
645 218 397 
912 375 468 
===========
123 457 689 
456 189 732 
789 623 514 

297 541 368 
564 832 971 
831 796 245 

378 915 426 
645 278 193 
912 364 857 
===========
123 457 689 
456 189 732 
789 623 514 

297 541 368 
564 832 971 
831 796 425 

378 915 246 
645 278 193 
912 364 857 
===========
123 457 689 
456 189 732 
789 623 514 

297 541 368 
564 832 971 
831 796 425 

378 914 256 
645 278 193 
912 365 847 
===========
123 457 689 
456 189 732 
789 623 514 

297 541 368 
564 832 197 
831 796 245 

378 965 421 
645 218 973 
912 374 856 
===========
123 457 689 
456 189 732 
789 623 514 

297 541 368 
564 832 197 
831 796 425 

378 965 241 
645 218 973 
912 374 856 
===========
123 457 689 
456 189 732 
789 623 514 

297 541 368 
564 832 197 
831 796 425 

378 964 251 
645 218 973 
912 375 846 
===========
123 457 689 
456 189 732 
789 623 514 

297 561 348 
564 832 971 
831 794 256 

378 916 425 
645 278 193 
912 345 867 
===========
123 457 689 
456 189 732 
789 623 514 

297 561 348 
564 832 971 
831 794 265 

378 915 426 
645 278 193 
912 346 857 
===========
123 457 689 
456 189 732 
789 623 514 

297 561 843 
564 832 971 
831 794 256 

378 946 125 
645 218 397 
912 375 468 
===========
123 457 689 
456 189 732 
789 623 514 

297 561 843 
564 832 971 
831 794 265 

378 945 126 
645 218 397 
912 376 458 
===========
123 457 689 
456 189 732 
789 623 514 

297 816 345 
564 932 178 
831 574 296 

378 245 961 
645 791 823 
912 368 457 
===========
123 457 689 
456 189 732 
789 623 514 

297 816 453 
564 932 178 
831 574 296 

378 261 945 
645 798 321 
912 345 867 
===========
123 457 689 
456 189 732 
789 623 514 

297 816 453 
564 932 178 
831 574 296 

378 241 965 
645 798 321 
912 365 847 
===========
123 457 689 
456 189 732 
789 623 514 

297 834 156 
564 971 328 
831 562 947 

378 295 461 
645 718 293 
912 346 875 
===========
123 457 689 
456 189 732 
789 623 514 

297 834 165 
564 971 328 
831 562 947 

378 296 451 
645 718 293 
912 345 876 
===========
123 457 689 
456 189 732 
789 623 514 

297 836 145 
564 971 328 
831 542 976 

378 295 461 
645 718 293 
912 364 857 
===========
123 457 689 
456 189 732 
789 623 514 

297 836 145 
564 912 378 
831 574 296 

378 245 961 
645 791 823 
912 368 457 
===========
123 457 689 
456 189 732 
789 623 514 

297 836 145 
564 912 873 
831 574 296 

378 245 961 
645 791 328 
912 368 457 
===========
123 457 689 
456 189 732 
789 623 514 

297 836 451 
564 912 378 
831 574 296 

378 261 945 
645 798 123 
912 345 867 
===========
123 457 689 
456 189 732 
789 623 514 

297 836 451 
564 971 328 
831 542 967 

378 295 146 
645 718 293 
912 364 875 
===========
123 457 689 
456 189 732 
789 623 514 

297 836 451 
564 971 328 
831 542 976 

378 294 165 
645 718 293 
912 365 847 
===========
123 457 689 
456 189 732 
789 623 514 

297 836 451 
564 912 378 
831 574 296 

378 241 965 
645 798 123 
912 365 847 
===========
123 457 689 
456 189 732 
789 623 514 

297 846 153 
564 931 278 
831 572 496 

378 214 965 
645 798 321 
912 365 847 
===========
123 457 689 
456 189 732 
789 623 514 

297 846 351 
564 931 278 
831 572 496 

378 294 165 
645 718 923 
912 365 847 
===========
123 457 689 
456 189 732 
789 623 514 

297 846 351 
564 931 827 
831 572 946 

378 294 165 
645 718 293 
912 365 478 
===========
123 457 689 
456 189 732 
789 623 514 

297 846 351 
564 931 278 
831 572 496 

378 214 965 
645 798 123 
912 365 847 
===========
123 457 689 
456 189 732 
789 623 514 

297 861 345 
564 932 178 
831 574 296 

378 296 451 
645 718 923 
912 345 867 
===========
123 457 689 
456 189 732 
789 623 514 

297 861 345 
564 932 178 
831 574 926 

378 296 451 
645 718 293 
912 345 867 
===========
123 457 689 
456 189 732 
789 623 514 

297 861 345 
564 932 178 
831 574 296 

378 295 461 
645 718 923 
912 346 857 
===========
123 457 689 
456 189 732 
789 623 514 

297 861 345 
564 932 178 
831 574 926 

378 295 461 
645 718 293 
912 346 857 
===========
123 457 689 
456 189 732 
789 623 514 

297 861 453 
564 932 178 
831 574 296 

378 216 945 
645 798 321 
912 345 867 
===========
123 457 689 
456 189 732 
789 623 514 

297 864 153 
564 931 278 
831 572 496 

378 216 945 
645 798 321 
912 345 867 
===========
123 457 689 
456 189 732 
789 623 514 

297 864 153 
564 931 278 
831 572 946 

378 216 495 
645 798 321 
912 345 867 
===========
123 457 689 
456 189 732 
789 623 514 

297 864 351 
564 931 278 
831 572 496 

378 296 145 
645 718 923 
912 345 867 
===========
123 457 689 
456 189 732 
789 623 514 

297 864 351 
564 931 278 
831 572 496 

378 216 945 
645 798 123 
912 345 867 
===========
123 457 689 
456 189 732 
789 623 514 

297 864 351 
564 931 278 
831 572 946 

378 216 495 
645 798 123 
912 345 867 
===========
123 457 689 
456 189 732 
789 623 514 

297 514 368 
564 832 971 
831 976 245 

378 245 196 
645 791 823 
912 368 457 
===========
123 457 689 
456 189 732 
789 623 514 

297 514 863 
564 832 197 
831 976 245 

378 241 956 
645 798 321 
912 365 478 
===========
123 457 689 
456 189 732 
789 623 514 

297 514 863 
564 832 971 
831 976 245 

378 245 196 
645 791 328 
912 368 457 
===========
123 457 689 
456 189 732 
789 623 514 

297 516 348 
564 832 971 
831 974 256 

378 261 495 
645 798 123 
912 345 867 
===========
123 457 689 
456 189 732 
789 623 514 

297 516 348 
564 832 197 
831 974 256 

378 245 961 
645 791 823 
912 368 475 
===========
123 457 689 
456 189 732 
789 623 514 

297 516 348 
564 832 971 
831 974 265 

378 245 196 
645 791 823 
912 368 457 
===========
123 457 689 
456 189 732 
789 623 514 

297 516 843 
564 832 197 
831 974 256 

378 241 965 
645 798 321 
912 365 478 
===========
123 457 689 
456 189 732 
789 623 514 

297 516 843 
564 832 197 
831 974 265 

378 241 956 
645 798 321 
912 365 478 
===========
123 457 689 
456 189 732 
789 623 514 

297 516 843 
564 832 197 
831 974 256 

378 245 961 
645 791 328 
912 368 475 
===========
123 457 689 
456 189 732 
789 623 514 

297 516 843 
564 832 971 
831 974 265 

378 245 196 
645 791 328 
912 368 457 
===========
123 457 689 
456 189 732 
789 623 514 

297 531 468 
564 872 391 
831 964 257 

378 296 145 
645 718 923 
912 345 876 
===========
123 457 689 
456 189 732 
789 623 514 

297 531 468 
564 872 391 
831 964 257 

378 295 146 
645 718 923 
912 346 875 
===========
123 457 689 
456 189 732 
789 623 514 

297 531 468 
564 872 391 
831 964 275 

378 295 146 
645 718 923 
912 346 857 
===========
123 457 689 
456 189 732 
789 623 514 

297 531 468 
564 872 193 
831 964 257 

378 216 945 
645 798 321 
912 345 876 
===========
123 457 689 
456 189 732 
789 623 514 

297 531 468 
564 872 193 
831 964 257 

378 215 946 
645 798 321 
912 346 875 
===========
123 457 689 
456 189 732 
789 623 514 

297 531 468 
564 872 193 
831 964 275 

378 215 946 
645 798 321 
912 346 857 
===========
123 457 689 
456 189 732 
789 623 514 

297 531 468 
564 872 391 
831 964 257 

378 216 945 
645 798 123 
912 345 876 
===========
123 457 689 
456 189 732 
789 623 514 

297 531 468 
564 872 391 
831 964 257 

378 215 946 
645 798 123 
912 346 875 
===========
123 457 689 
456 189 732 
789 623 514 

297 531 468 
564 872 391 
831 964 275 

378 215 946 
645 798 123 
912 346 857 
===========
123 457 689 
456 189 732 
789 623 514 

297 531 468 
564 872 391 
831 946 257 

378 295 146 
645 718 923 
912 364 875 
===========
123 457 689 
456 189 732 
789 623 514 

297 531 468 
564 872 391 
831 946 275 

378 295 146 
645 718 923 
912 364 857 
===========
123 457 689 
456 189 732 
789 623 514 

297 531 468 
564 872 391 
831 946 275 

378 294 156 
645 718 923 
912 365 847 
===========
123 457 689 
456 189 732 
789 623 514 

297 531 468 
564 872 193 
831 946 257 

378 215 946 
645 798 321 
912 364 875 
===========
123 457 689 
456 189 732 
789 623 514 

297 531 468 
564 872 193 
831 946 275 

378 215 946 
645 798 321 
912 364 857 
===========
123 457 689 
456 189 732 
789 623 514 

297 531 468 
564 872 193 
831 946 275 

378 214 956 
645 798 321 
912 365 847 
===========
123 457 689 
456 189 732 
789 623 514 

297 531 468 
564 872 391 
831 946 257 

378 215 946 
645 798 123 
912 364 875 
===========
123 457 689 
456 189 732 
789 623 514 

297 531 468 
564 872 391 
831 946 275 

378 215 946 
645 798 123 
912 364 857 
===========
123 457 689 
456 189 732 
789 623 514 

297 531 468 
564 872 391 
831 946 275 

378 214 956 
645 798 123 
912 365 847 
===========
123 457 689 
456 189 732 
789 623 514 

297 531 846 
564 872 391 
831 946 257 

378 294 165 
645 718 923 
912 365 478 
===========
123 457 689 
456 189 732 
789 623 514 

297 531 846 
564 872 193 
831 946 257 

378 214 965 
645 798 321 
912 365 478 
===========
123 457 689 
456 189 732 
789 623 514 

297 531 846 
564 872 391 
831 946 257 

378 214 965 
645 798 123 
912 365 478 
===========
123 457 689 
456 189 732 
789 623 514 

297 534 168 
564 871 293 
831 962 457 

378 216 945 
645 798 321 
912 345 876 
===========
123 457 689 
456 189 732 
789 623 514 

297 534 168 
564 871 293 
831 962 457 

378 215 946 
645 798 321 
912 346 875 
===========
123 457 689 
456 189 732 
789 623 514 

297 534 168 
564 871 293 
831 962 475 

378 215 946 
645 798 321 
912 346 857 
===========
123 457 689 
456 189 732 
789 623 514 

297 534 861 
564 812 397 
831 976 245 

378 241 956 
645 798 123 
912 365 478 
===========
123 457 689 
456 189 732 
789 623 514 

297 534 861 
564 812 973 
831 976 245 

378 245 196 
645 791 328 
912 368 457 
===========
123 457 689 
456 189 732 
789 623 514 

297 536 148 
564 812 973 
831 974 256 

378 261 495 
645 798 321 
912 345 867 
===========
123 457 689 
456 189 732 
789 623 514 

297 536 148 
564 812 397 
831 974 256 

378 245 961 
645 791 823 
912 368 475 
===========
123 457 689 
456 189 732 
789 623 514 

297 536 841 
564 812 397 
831 974 256 

378 241 965 
645 798 123 
912 365 478 
===========
123 457 689 
456 189 732 
789 623 514 

297 536 841 
564 812 397 
831 974 265 

378 241 956 
645 798 123 
912 365 478 
===========
123 457 689 
456 189 732 
789 623 514 

297 536 841 
564 812 973 
831 974 265 

378 245 196 
645 791 328 
912 368 457 
===========
123 457 689 
456 189 732 
789 623 514 

297 541 368 
564 832 971 
831 976 425 

378 295 146 
645 718 293 
912 364 857 
===========
123 457 689 
456 189 732 
789 623 514 

297 541 368 
564 832 971 
831 976 425 

378 294 156 
645 718 293 
912 365 847 
===========
123 457 689 
456 189 732 
789 623 514 

297 541 368 
564 832 971 
831 976 245 

378 215 496 
645 798 123 
912 364 857 
===========
123 457 689 
456 189 732 
789 623 514 

297 541 863 
564 832 197 
831 976 245 

378 214 956 
645 798 321 
912 365 478 
===========
123 457 689 
456 189 732 
789 623 514 

297 561 348 
564 832 197 
831 974 265 

378 296 451 
645 718 923 
912 345 876 
===========
123 457 689 
456 189 732 
789 623 514 

297 561 348 
564 832 197 
831 974 256 

378 295 461 
645 718 923 
912 346 875 
===========
123 457 689 
456 189 732 
789 623 514 

297 561 348 
564 832 971 
831 974 256 

378 216 495 
645 798 123 
912 345 867 
===========
123 457 689 
456 189 732 
789 623 514 

297 561 348 
564 832 971 
831 974 265 

378 215 496 
645 798 123 
912 346 857 
===========
123 457 689 
456 189 732 
789 623 514 

297 834 156 
564 971 328 
831 265 947 

378 592 461 
645 718 293 
912 346 875 
===========
123 457 689 
456 189 732 
789 623 514 

297 835 146 
564 971 328 
831 264 957 

378 592 461 
645 718 293 
912 346 875 
===========
