123 457 689 
456 198 723 
789 236 514 

297 841 365 
564 923 178 
831 675 492 

378 519 246 
645 782 931 
912 364 857 
===========
123 457 689 
456 198 723 
789 236 514 

297 841 365 
564 923 178 
831 675 492 

378 512 946 
645 789 231 
912 364 857 
===========
123 457 689 
456 198 723 
789 236 514 

297 841 365 
564 923 178 
831 675 942 

378 512 496 
645 789 231 
912 364 857 
===========
123 457 689 
456 198 723 
789 236 514 

297 843 156 
564 971 238 
831 625 947 

378 519 462 
645 782 391 
912 364 875 
===========
123 457 689 
456 198 723 
789 236 514 

297 843 165 
564 921 378 
831 675 492 

378 519 246 
645 782 931 
912 364 857 
===========
123 457 689 
456 198 723 
789 236 514 

297 843 165 
564 921 378 
831 675 492 

378 512 946 
645 789 231 
912 364 857 
===========
123 457 689 
456 198 723 
789 236 514 

297 843 165 
564 921 378 
831 675 942 

378 512 496 
645 789 231 
912 364 857 
===========
123 457 689 
456 198 723 
789 236 514 

297 843 165 
564 912 378 
831 675 492 

378 521 946 
645 789 231 
912 364 857 
===========
123 457 689 
456 198 723 
789 236 514 

297 843 165 
564 912 378 
831 675 942 

378 521 496 
645 789 231 
912 364 857 
===========
123 457 689 
456 198 723 
789 236 514 

297 845 136 
564 913 278 
831 672 945 

378 529 461 
645 781 392 
912 364 857 
===========
123 457 689 
456 198 723 
789 236 514 

297 845 361 
564 913 278 
831 672 495 

378 529 146 
645 781 932 
912 364 857 
===========
123 457 689 
456 198 723 
789 236 514 

297 845 361 
564 913 278 
831 672 495 

378 521 946 
645 789 132 
912 364 857 
===========
123 457 689 
456 198 723 
789 236 514 

297 845 361 
564 913 278 
831 672 945 

378 521 496 
645 789 132 
912 364 857 
===========
123 457 689 
456 198 723 
789 236 514 

297 613 458 
564 872 391 
831 945 267 

378 529 146 
645 781 932 
912 364 875 
===========
123 457 689 
456 198 723 
789 236 514 

297 613 458 
564 872 391 
831 945 267 

378 521 946 
645 789 132 
912 364 875 
===========
123 457 689 
456 198 723 
789 236 514 

297 613 458 
564 872 931 
831 945 267 

378 529 146 
645 781 392 
912 364 875 
===========
123 457 689 
456 198 723 
789 236 514 

297 641 358 
564 873 192 
831 925 467 

378 519 246 
645 782 931 
912 364 875 
===========
123 457 689 
456 198 723 
789 236 514 

297 641 358 
564 873 192 
831 925 467 

378 512 946 
645 789 231 
912 364 875 
===========
123 457 689 
456 198 723 
789 236 514 

297 641 358 
564 873 291 
831 925 467 

378 512 946 
645 789 132 
912 364 875 
===========
123 457 689 
456 198 723 
789 236 514 

297 641 358 
564 823 197 
831 975 246 

378 519 462 
645 782 931 
912 364 875 
===========
123 457 689 
456 198 723 
789 236 514 

297 641 358 
564 823 197 
831 975 462 

378 519 246 
645 782 931 
912 364 875 
===========
123 457 689 
456 198 723 
789 236 514 

297 641 358 
564 823 197 
831 975 462 

378 512 946 
645 789 231 
912 364 875 
===========
123 457 689 
456 198 723 
789 236 514 

297 643 158 
564 871 392 
831 925 467 

378 519 246 
645 782 931 
912 364 875 
===========
123 457 689 
456 198 723 
789 236 514 

297 643 158 
564 871 392 
831 925 467 

378 512 946 
645 789 231 
912 364 875 
===========
123 457 689 
456 198 723 
789 236 514 

297 643 158 
564 871 932 
831 925 467 

378 519 246 
645 782 391 
912 364 875 
===========
123 457 689 
456 198 723 
789 236 514 

297 643 158 
564 821 397 
831 975 246 

378 519 462 
645 782 931 
912 364 875 
===========
123 457 689 
456 198 723 
789 236 514 

297 643 158 
564 821 397 
831 975 462 

378 519 246 
645 782 931 
912 364 875 
===========
123 457 689 
456 198 723 
789 236 514 

297 643 158 
564 821 397 
831 975 462 

378 512 946 
645 789 231 
912 364 875 
===========
123 457 689 
456 198 723 
789 236 514 

297 643 158 
564 821 937 
831 975 246 

378 519 462 
645 782 391 
912 364 875 
===========
123 457 689 
456 198 723 
789 236 514 

297 643 158 
564 821 937 
831 975 462 

378 519 246 
645 782 391 
912 364 875 
===========
123 457 689 
456 198 723 
789 236 514 

297 643 158 
564 812 397 
831 975 246 

378 529 461 
645 781 932 
912 364 875 
===========
123 457 689 
456 198 723 
789 236 514 

297 643 158 
564 812 397 
831 975 462 

378 521 946 
645 789 231 
912 364 875 
===========
123 457 689 
456 198 723 
789 236 514 

297 643 158 
564 812 937 
831 975 246 

378 529 461 
645 781 392 
912 364 875 
===========
123 457 689 
456 198 723 
789 236 514 

297 861 345 
564 923 178 
831 574 296 

378 619 452 
645 782 931 
912 345 867 
===========
123 457 689 
456 198 723 
789 236 514 

297 861 345 
564 923 178 
831 574 296 

378 642 951 
645 719 832 
912 385 467 
===========
123 457 689 
456 198 723 
789 236 514 

297 861 345 
564 923 871 
831 574 296 

378 649 152 
645 712 938 
912 385 467 
===========
123 457 689 
456 198 723 
789 236 514 

297 863 145 
564 971 238 
831 524 967 

378 619 452 
645 782 391 
912 345 876 
===========
123 457 689 
456 198 723 
789 236 514 

297 863 145 
564 971 238 
831 524 976 

378 619 452 
645 782 391 
912 345 867 
===========
123 457 689 
456 198 723 
789 236 514 

297 863 145 
564 921 378 
831 574 296 

378 619 452 
645 782 931 
912 345 867 
===========
123 457 689 
456 198 723 
789 236 514 

297 863 145 
564 912 378 
831 574 296 

378 629 451 
645 781 932 
912 345 867 
===========
123 457 689 
456 198 723 
789 236 514 

297 863 145 
564 971 832 
831 524 967 

378 649 251 
645 712 398 
912 385 476 
===========
123 457 689 
456 198 723 
789 236 514 

297 863 145 
564 971 832 
831 524 976 

378 649 251 
645 712 398 
912 385 467 
===========
123 457 689 
456 198 723 
789 236 514 

297 863 145 
564 921 378 
831 574 296 

378 642 951 
645 719 832 
912 385 467 
===========
123 457 689 
456 198 723 
789 236 514 

297 863 145 
564 921 837 
831 574 962 

378 649 251 
645 712 398 
912 385 476 
===========
123 457 689 
456 198 723 
789 236 514 

297 863 145 
564 912 378 
831 574 296 

378 641 952 
645 729 831 
912 385 467 
===========
123 457 689 
456 198 723 
789 236 514 

297 863 145 
564 912 837 
831 574 962 

378 649 251 
645 721 398 
912 385 476 
===========
123 457 689 
456 198 723 
789 236 514 

297 863 451 
564 921 378 
831 574 296 

378 612 945 
645 789 132 
912 345 867 
===========
123 457 689 
456 198 723 
789 236 514 

297 863 451 
564 912 378 
831 574 296 

378 629 145 
645 781 932 
912 345 867 
===========
123 457 689 
456 198 723 
789 236 514 

297 863 451 
564 912 378 
831 574 296 

378 621 945 
645 789 132 
912 345 867 
===========
123 457 689 
456 198 723 
789 236 514 

297 864 135 
564 913 278 
831 572 946 

378 629 451 
645 781 392 
912 345 867 
===========
123 457 689 
456 198 723 
789 236 514 

297 864 135 
564 913 872 
831 572 946 

378 649 251 
645 721 398 
912 385 467 
===========
123 457 689 
456 198 723 
789 236 514 

297 864 351 
564 913 278 
831 572 496 

378 629 145 
645 781 932 
912 345 867 
===========
123 457 689 
456 198 723 
789 236 514 

297 864 351 
564 913 278 
831 572 496 

378 621 945 
645 789 132 
912 345 867 
===========
123 457 689 
456 198 723 
789 236 514 

297 864 351 
564 913 278 
831 572 946 

378 621 495 
645 789 132 
912 345 867 
===========
123 457 689 
456 198 723 
789 236 514 

297 864 351 
564 913 872 
831 572 946 

378 641 295 
645 729 138 
912 385 467 
===========
123 457 689 
456 198 723 
789 236 514 

297 513 468 
564 872 391 
831 964 257 

378 629 145 
645 781 932 
912 345 876 
===========
123 457 689 
456 198 723 
789 236 514 

297 513 468 
564 872 391 
831 964 257 

378 621 945 
645 789 132 
912 345 876 
===========
123 457 689 
456 198 723 
789 236 514 

297 513 468 
564 872 931 
831 964 257 

378 629 145 
645 781 392 
912 345 876 
===========
123 457 689 
456 198 723 
789 236 514 

297 513 846 
564 872 391 
831 964 275 

378 649 152 
645 721 938 
912 385 467 
===========
123 457 689 
456 198 723 
789 236 514 

297 513 846 
564 872 391 
831 964 275 

378 641 952 
645 729 138 
912 385 467 
===========
123 457 689 
456 198 723 
789 236 514 

297 513 846 
564 872 931 
831 964 275 

378 649 152 
645 721 398 
912 385 467 
===========
123 457 689 
456 198 723 
789 236 514 

297 514 368 
564 873 192 
831 962 457 

378 621 945 
645 789 231 
912 345 876 
===========
123 457 689 
456 198 723 
789 236 514 

297 514 368 
564 873 291 
831 962 457 

378 629 145 
645 781 932 
912 345 876 
===========
123 457 689 
456 198 723 
789 236 514 

297 514 368 
564 873 291 
831 962 457 

378 621 945 
645 789 132 
912 345 876 
===========
123 457 689 
456 198 723 
789 236 514 

297 561 348 
564 823 197 
831 974 265 

378 619 452 
645 782 931 
912 345 876 
===========
123 457 689 
456 198 723 
789 236 514 

297 561 348 
564 823 971 
831 974 256 

378 612 495 
645 789 132 
912 345 867 
===========
123 457 689 
456 198 723 
789 236 514 

297 561 348 
564 823 197 
831 974 265 

378 642 951 
645 719 832 
912 385 476 
===========
123 457 689 
456 198 723 
789 236 514 

297 561 348 
564 823 971 
831 974 256 

378 642 195 
645 719 832 
912 385 467 
===========
123 457 689 
456 198 723 
789 236 514 

297 563 148 
564 821 397 
831 974 265 

378 619 452 
645 782 931 
912 345 876 
===========
123 457 689 
456 198 723 
789 236 514 

297 563 148 
564 821 937 
831 974 265 

378 619 452 
645 782 391 
912 345 876 
===========
123 457 689 
456 198 723 
789 236 514 

297 563 148 
564 812 397 
831 974 265 

378 629 451 
645 781 932 
912 345 876 
===========
123 457 689 
456 198 723 
789 236 514 

297 563 148 
564 812 937 
831 974 265 

378 629 451 
645 781 392 
912 345 876 
===========
123 457 689 
456 198 723 
789 236 514 

297 563 148 
564 821 397 
831 974 265 

378 642 951 
645 719 832 
912 385 476 
===========
123 457 689 
456 198 723 
789 236 514 

297 563 148 
564 812 397 
831 974 265 

378 641 952 
645 729 831 
912 385 476 
===========
123 457 689 
456 198 723 
789 236 514 

297 563 841 
564 821 397 
831 974 265 

378 649 152 
645 712 938 
912 385 476 
===========
123 457 689 
456 198 723 
789 236 514 

297 563 841 
564 821 937 
831 974 265 

378 649 152 
645 712 398 
912 385 476 
===========
123 457 689 
456 198 723 
789 236 514 

297 563 841 
564 812 397 
831 974 265 

378 649 152 
645 721 938 
912 385 476 
===========
123 457 689 
456 198 723 
789 236 514 

297 563 841 
564 812 397 
831 974 265 

378 641 952 
645 729 138 
912 385 476 
===========
123 457 689 
456 198 723 
789 236 514 

297 563 841 
564 812 937 
831 974 265 

378 649 152 
645 721 398 
912 385 476 
===========
123 457 689 
456 198 723 
789 236 514 

297 613 458 
564 879 132 
831 524 967 

378 961 245 
645 782 391 
912 345 876 
===========
123 457 689 
456 198 723 
789 236 514 

297 613 458 
564 879 132 
831 524 976 

378 961 245 
645 782 391 
912 345 867 
===========
123 457 689 
456 198 723 
789 236 514 

297 613 458 
564 879 231 
831 524 967 

378 962 145 
645 781 392 
912 345 876 
===========
123 457 689 
456 198 723 
789 236 514 

297 613 458 
564 879 231 
831 524 976 

378 962 145 
645 781 392 
912 345 867 
===========
123 457 689 
456 198 723 
789 236 514 

297 613 458 
564 829 137 
831 574 962 

378 961 245 
645 782 391 
912 345 876 
===========
123 457 689 
456 198 723 
789 236 514 

297 613 458 
564 829 371 
831 574 296 

378 962 145 
645 781 932 
912 345 867 
===========
123 457 689 
456 198 723 
789 236 514 

297 613 458 
564 872 391 
831 549 267 

378 925 146 
645 781 932 
912 364 875 
===========
123 457 689 
456 198 723 
789 236 514 

297 613 458 
564 872 391 
831 549 276 

378 924 165 
645 781 932 
912 365 847 
===========
123 457 689 
456 198 723 
789 236 514 

297 613 458 
564 872 931 
831 549 267 

378 925 146 
645 781 392 
912 364 875 
===========
123 457 689 
456 198 723 
789 236 514 

297 613 458 
564 872 931 
831 549 276 

378 924 165 
645 781 392 
912 365 847 
===========
123 457 689 
456 198 723 
789 236 514 

297 613 458 
564 879 231 
831 542 967 

378 925 146 
645 781 392 
912 364 875 
===========
123 457 689 
456 198 723 
789 236 514 

297 613 458 
564 879 231 
831 542 976 

378 924 165 
645 781 392 
912 365 847 
===========
123 457 689 
456 198 723 
789 236 514 

297 613 458 
564 879 132 
831 524 976 

378 941 265 
645 782 391 
912 365 847 
===========
123 457 689 
456 198 723 
789 236 514 

297 613 458 
564 879 231 
831 524 976 

378 942 165 
645 781 392 
912 365 847 
===========
123 457 689 
456 198 723 
789 236 514 

297 613 458 
564 829 371 
831 574 296 

378 942 165 
645 781 932 
912 365 847 
===========
123 457 689 
456 198 723 
789 236 514 

297 613 845 
564 872 391 
831 549 267 

378 924 156 
645 781 932 
912 365 478 
===========
123 457 689 
456 198 723 
789 236 514 

297 613 845 
564 872 931 
831 549 267 

378 924 156 
645 781 392 
912 365 478 
===========
123 457 689 
456 198 723 
789 236 514 

297 613 845 
564 879 231 
831 542 967 

378 924 156 
645 781 392 
912 365 478 
===========
123 457 689 
456 198 723 
789 236 514 

297 613 845 
564 879 132 
831 524 967 

378 941 256 
645 782 391 
912 365 478 
===========
123 457 689 
456 198 723 
789 236 514 

297 613 845 
564 879 231 
831 524 967 

378 942 156 
645 781 392 
912 365 478 
===========
123 457 689 
456 198 723 
789 236 514 

297 613 845 
564 829 137 
831 574 962 

378 941 256 
645 782 391 
912 365 478 
===========
123 457 689 
456 198 723 
789 236 514 

297 613 845 
564 872 391 
831 549 267 

378 964 152 
645 721 938 
912 385 476 
===========
123 457 689 
456 198 723 
789 236 514 

297 613 845 
564 872 391 
831 549 276 

378 964 152 
645 721 938 
912 385 467 
===========
123 457 689 
456 198 723 
789 236 514 

297 613 845 
564 872 931 
831 549 267 

378 964 152 
645 721 398 
912 385 476 
===========
123 457 689 
456 198 723 
789 236 514 

297 613 845 
564 872 931 
831 549 276 

378 964 152 
645 721 398 
912 385 467 
===========
123 457 689 
456 198 723 
789 236 514 

297 613 845 
564 879 132 
831 542 967 

378 964 251 
645 721 398 
912 385 476 
===========
123 457 689 
456 198 723 
789 236 514 

297 613 845 
564 879 132 
831 542 976 

378 964 251 
645 721 398 
912 385 467 
===========
123 457 689 
456 198 723 
789 236 514 

297 613 845 
564 879 231 
831 542 967 

378 964 152 
645 721 398 
912 385 476 
===========
123 457 689 
456 198 723 
789 236 514 

297 613 845 
564 879 231 
831 542 976 

378 964 152 
645 721 398 
912 385 467 
===========
123 457 689 
456 198 723 
789 236 514 

297 614 358 
564 873 192 
831 529 467 

378 961 245 
645 782 931 
912 345 876 
===========
123 457 689 
456 198 723 
789 236 514 

297 614 358 
564 873 192 
831 529 476 

378 961 245 
645 782 931 
912 345 867 
===========
123 457 689 
456 198 723 
789 236 514 

297 614 358 
564 873 291 
831 529 467 

378 962 145 
645 781 932 
912 345 876 
===========
123 457 689 
456 198 723 
789 236 514 

297 614 358 
564 873 291 
831 529 476 

378 962 145 
645 781 932 
912 345 867 
===========
123 457 689 
456 198 723 
789 236 514 

297 614 358 
564 823 197 
831 579 462 

378 961 245 
645 782 931 
912 345 876 
===========
123 457 689 
456 198 723 
789 236 514 

297 614 358 
564 873 192 
831 529 476 

378 941 265 
645 782 931 
912 365 847 
===========
123 457 689 
456 198 723 
789 236 514 

297 614 358 
564 873 291 
831 529 476 

378 942 165 
645 781 932 
912 365 847 
===========
123 457 689 
456 198 723 
789 236 514 

297 641 358 
564 873 192 
831 529 467 

378 915 246 
645 782 931 
912 364 875 
===========
123 457 689 
456 198 723 
789 236 514 

297 641 358 
564 873 192 
831 529 476 

378 914 265 
645 782 931 
912 365 847 
===========
123 457 689 
456 198 723 
789 236 514 

297 641 358 
564 823 197 
831 579 246 

378 915 462 
645 782 931 
912 364 875 
===========
123 457 689 
456 198 723 
789 236 514 

297 641 358 
564 823 197 
831 579 462 

378 915 246 
645 782 931 
912 364 875 
===========
123 457 689 
456 198 723 
789 236 514 

297 641 835 
564 823 971 
831 579 246 

378 964 152 
645 712 398 
912 385 467 
===========
123 457 689 
456 198 723 
789 236 514 

297 643 158 
564 871 392 
831 529 467 

378 915 246 
645 782 931 
912 364 875 
===========
123 457 689 
456 198 723 
789 236 514 

297 643 158 
564 871 392 
831 529 476 

378 914 265 
645 782 931 
912 365 847 
===========
123 457 689 
456 198 723 
789 236 514 

297 643 158 
564 871 932 
831 529 467 

378 915 246 
645 782 391 
912 364 875 
===========
123 457 689 
456 198 723 
789 236 514 

297 643 158 
564 871 932 
831 529 476 

378 914 265 
645 782 391 
912 365 847 
===========
123 457 689 
456 198 723 
789 236 514 

297 643 158 
564 821 397 
831 579 246 

378 915 462 
645 782 931 
912 364 875 
===========
123 457 689 
456 198 723 
789 236 514 

297 643 158 
564 821 397 
831 579 462 

378 915 246 
645 782 931 
912 364 875 
===========
123 457 689 
456 198 723 
789 236 514 

297 643 158 
564 821 937 
831 579 246 

378 915 462 
645 782 391 
912 364 875 
===========
123 457 689 
456 198 723 
789 236 514 

297 643 158 
564 821 937 
831 579 462 

378 915 246 
645 782 391 
912 364 875 
===========
123 457 689 
456 198 723 
789 236 514 

297 643 158 
564 812 397 
831 579 246 

378 925 461 
645 781 932 
912 364 875 
===========
123 457 689 
456 198 723 
789 236 514 

297 643 158 
564 812 937 
831 579 246 

378 925 461 
645 781 392 
912 364 875 
===========
123 457 689 
456 198 723 
789 236 514 

297 643 158 
564 819 237 
831 572 946 

378 925 461 
645 781 392 
912 364 875 
===========
123 457 689 
456 198 723 
789 236 514 

297 643 851 
564 812 397 
831 579 246 

378 924 165 
645 781 932 
912 365 478 
===========
123 457 689 
456 198 723 
789 236 514 

297 643 851 
564 812 937 
831 579 246 

378 924 165 
645 781 392 
912 365 478 
===========
123 457 689 
456 198 723 
789 236 514 

297 643 851 
564 819 237 
831 572 946 

378 924 165 
645 781 392 
912 365 478 
===========
123 457 689 
456 198 723 
789 236 514 

297 513 468 
564 879 132 
831 624 957 

378 961 245 
645 782 391 
912 345 876 
===========
123 457 689 
456 198 723 
789 236 514 

297 513 468 
564 879 231 
831 624 957 

378 962 145 
645 781 392 
912 345 876 
===========
123 457 689 
456 198 723 
789 236 514 

297 513 468 
564 829 137 
831 674 952 

378 961 245 
645 782 391 
912 345 876 
===========
123 457 689 
456 198 723 
789 236 514 

297 513 468 
564 872 391 
831 649 257 

378 925 146 
645 781 932 
912 364 875 
===========
123 457 689 
456 198 723 
789 236 514 

297 513 468 
564 872 391 
831 649 275 

378 925 146 
645 781 932 
912 364 857 
===========
123 457 689 
456 198 723 
789 236 514 

297 513 468 
564 872 391 
831 649 275 

378 924 156 
645 781 932 
912 365 847 
===========
123 457 689 
456 198 723 
789 236 514 

297 513 468 
564 872 931 
831 649 257 

378 925 146 
645 781 392 
912 364 875 
===========
123 457 689 
456 198 723 
789 236 514 

297 513 468 
564 872 931 
831 649 275 

378 925 146 
645 781 392 
912 364 857 
===========
123 457 689 
456 198 723 
789 236 514 

297 513 468 
564 872 931 
831 649 275 

378 924 156 
645 781 392 
912 365 847 
===========
123 457 689 
456 198 723 
789 236 514 

297 513 468 
564 879 231 
831 642 957 

378 925 146 
645 781 392 
912 364 875 
===========
123 457 689 
456 198 723 
789 236 514 

297 513 468 
564 879 231 
831 642 975 

378 925 146 
645 781 392 
912 364 857 
===========
123 457 689 
456 198 723 
789 236 514 

297 513 468 
564 879 231 
831 642 975 

378 924 156 
645 781 392 
912 365 847 
===========
123 457 689 
456 198 723 
789 236 514 

297 513 468 
564 879 132 
831 624 975 

378 941 256 
645 782 391 
912 365 847 
===========
123 457 689 
456 198 723 
789 236 514 

297 513 468 
564 879 231 
831 624 975 

378 942 156 
645 781 392 
912 365 847 
===========
123 457 689 
456 198 723 
789 236 514 

297 513 468 
564 829 371 
831 674 295 

378 942 156 
645 781 932 
912 365 847 
===========
123 457 689 
456 198 723 
789 236 514 

297 513 846 
564 872 391 
831 649 257 

378 924 165 
645 781 932 
912 365 478 
===========
123 457 689 
456 198 723 
789 236 514 

297 513 846 
564 872 931 
831 649 257 

378 924 165 
645 781 392 
912 365 478 
===========
123 457 689 
456 198 723 
789 236 514 

297 513 846 
564 879 231 
831 642 957 

378 924 165 
645 781 392 
912 365 478 
===========
123 457 689 
456 198 723 
789 236 514 

297 513 846 
564 879 132 
831 624 957 

378 941 265 
645 782 391 
912 365 478 
===========
123 457 689 
456 198 723 
789 236 514 

297 513 846 
564 879 231 
831 624 957 

378 942 165 
645 781 392 
912 365 478 
===========
123 457 689 
456 198 723 
789 236 514 

297 513 846 
564 829 137 
831 674 952 

378 941 265 
645 782 391 
912 365 478 
===========
123 457 689 
456 198 723 
789 236 514 

297 513 846 
564 872 391 
831 649 275 

378 964 152 
645 721 938 
912 385 467 
===========
123 457 689 
456 198 723 
789 236 514 

297 513 846 
564 872 931 
831 649 275 

378 964 152 
645 721 398 
912 385 467 
===========
123 457 689 
456 198 723 
789 236 514 

297 513 846 
564 879 132 
831 642 975 

378 964 251 
645 721 398 
912 385 467 
===========
123 457 689 
456 198 723 
789 236 514 

297 513 846 
564 879 231 
831 642 975 

378 964 152 
645 721 398 
912 385 467 
===========
123 457 689 
456 198 723 
789 236 514 

297 514 368 
564 873 192 
831 629 457 

378 961 245 
645 782 931 
912 345 876 
===========
123 457 689 
456 198 723 
789 236 514 

297 514 368 
564 873 291 
831 629 457 

378 962 145 
645 781 932 
912 345 876 
===========
123 457 689 
456 198 723 
789 236 514 

297 514 368 
564 823 197 
831 679 245 

378 962 451 
645 781 932 
912 345 876 
===========
123 457 689 
456 198 723 
789 236 514 

297 514 368 
564 823 197 
831 679 245 

378 961 452 
645 782 931 
912 345 876 
===========
123 457 689 
456 198 723 
789 236 514 

297 514 368 
564 823 197 
831 679 452 

378 961 245 
645 782 931 
912 345 876 
===========
123 457 689 
456 198 723 
789 236 514 

297 514 368 
564 873 192 
831 629 475 

378 941 256 
645 782 931 
912 365 847 
===========
123 457 689 
456 198 723 
789 236 514 

297 514 368 
564 873 291 
831 629 475 

378 942 156 
645 781 932 
912 365 847 
===========
123 457 689 
456 198 723 
789 236 514 

297 541 368 
564 873 192 
831 629 457 

378 915 246 
645 782 931 
912 364 875 
===========
123 457 689 
456 198 723 
789 236 514 

297 541 368 
564 873 192 
831 629 475 

378 915 246 
645 782 931 
912 364 857 
===========
123 457 689 
456 198 723 
789 236 514 

297 541 368 
564 873 192 
831 629 475 

378 914 256 
645 782 931 
912 365 847 
===========
123 457 689 
456 198 723 
789 236 514 

297 541 368 
564 823 197 
831 679 452 

378 915 246 
645 782 931 
912 364 875 
===========
123 457 689 
456 198 723 
789 236 514 

297 541 836 
564 823 971 
831 679 245 

378 964 152 
645 712 398 
912 385 467 
===========
123 457 689 
456 198 723 
789 236 514 

297 543 168 
564 871 392 
831 629 457 

378 915 246 
645 782 931 
912 364 875 
===========
123 457 689 
456 198 723 
789 236 514 

297 543 168 
564 871 392 
831 629 475 

378 915 246 
645 782 931 
912 364 857 
===========
123 457 689 
456 198 723 
789 236 514 

297 543 168 
564 871 392 
831 629 475 

378 914 256 
645 782 931 
912 365 847 
===========
123 457 689 
456 198 723 
789 236 514 

297 543 168 
564 871 932 
831 629 457 

378 915 246 
645 782 391 
912 364 875 
===========
123 457 689 
456 198 723 
789 236 514 

297 543 168 
564 871 932 
831 629 475 

378 915 246 
645 782 391 
912 364 857 
===========
123 457 689 
456 198 723 
789 236 514 

297 543 168 
564 871 932 
831 629 475 

378 914 256 
645 782 391 
912 365 847 
===========
123 457 689 
456 198 723 
789 236 514 

297 543 168 
564 821 397 
831 679 452 

378 915 246 
645 782 931 
912 364 875 
===========
123 457 689 
456 198 723 
789 236 514 

297 543 168 
564 821 937 
831 679 452 

378 915 246 
645 782 391 
912 364 875 
===========
123 457 689 
456 198 723 
789 236 514 

297 543 861 
564 812 397 
831 679 245 

378 924 156 
645 781 932 
912 365 478 
===========
123 457 689 
456 198 723 
789 236 514 

297 543 861 
564 812 937 
831 679 245 

378 924 156 
645 781 392 
912 365 478 
===========
123 457 689 
456 198 723 
789 236 514 

297 543 861 
564 819 237 
831 672 945 

378 924 156 
645 781 392 
912 365 478 
===========
123 457 689 
456 198 723 
789 236 514 

297 543 861 
564 821 397 
831 679 245 

378 964 152 
645 712 938 
912 385 476 
===========
123 457 689 
456 198 723 
789 236 514 

297 543 861 
564 821 937 
831 679 245 

378 964 152 
645 712 398 
912 385 476 
===========
123 457 689 
456 198 723 
789 236 514 

297 543 861 
564 812 397 
831 679 245 

378 964 152 
645 721 938 
912 385 476 
===========
123 457 689 
456 198 723 
789 236 514 

297 543 861 
564 812 937 
831 679 245 

378 964 152 
645 721 398 
912 385 476 
===========
123 457 689 
456 198 723 
789 236 514 

297 543 861 
564 819 237 
831 672 945 

378 964 152 
645 721 398 
912 385 476 
===========
123 457 689 
456 198 723 
789 236 514 

297 613 458 
564 982 137 
831 745 296 

378 561 942 
645 829 371 
912 374 865 
===========
123 457 689 
456 198 723 
789 236 514 

297 613 458 
564 982 371 
831 745 296 

378 569 142 
645 821 937 
912 374 865 
===========
123 457 689 
456 198 723 
789 236 514 

297 613 458 
564 982 371 
831 745 296 

378 561 942 
645 829 137 
912 374 865 
===========
123 457 689 
456 198 723 
789 236 514 

297 615 348 
564 983 172 
831 742 965 

378 521 496 
645 879 231 
912 364 857 
===========
123 457 689 
456 198 723 
789 236 514 

297 615 348 
564 983 271 
831 742 965 

378 521 496 
645 879 132 
912 364 857 
===========
123 457 689 
456 198 723 
789 236 514 

297 615 348 
564 983 271 
831 742 956 

378 561 492 
645 829 137 
912 374 865 
===========
123 457 689 
456 198 723 
789 236 514 

297 615 348 
564 983 271 
831 742 965 

378 561 492 
645 829 137 
912 374 856 
===========
123 457 689 
456 198 723 
789 236 514 

297 615 438 
564 983 271 
831 742 965 

378 529 146 
645 871 392 
912 364 857 
===========
123 457 689 
456 198 723 
789 236 514 

297 615 438 
564 983 172 
831 742 956 

378 569 241 
645 821 397 
912 374 865 
===========
123 457 689 
456 198 723 
789 236 514 

297 615 438 
564 983 172 
831 742 965 

378 569 241 
645 821 397 
912 374 856 
===========
123 457 689 
456 198 723 
789 236 514 

297 615 438 
564 983 271 
831 742 956 

378 569 142 
645 821 397 
912 374 865 
===========
123 457 689 
456 198 723 
789 236 514 

297 615 438 
564 983 271 
831 742 965 

378 569 142 
645 821 397 
912 374 856 
===========
123 457 689 
456 198 723 
789 236 514 

297 641 358 
564 983 172 
831 725 496 

378 569 241 
645 812 937 
912 374 865 
===========
123 457 689 
456 198 723 
789 236 514 

297 641 358 
564 983 172 
831 725 496 

378 562 941 
645 819 237 
912 374 865 
===========
