123 457 689 
456 198 723 
789 326 514 

297 814 356 
564 932 871 
831 765 942 

378 641 295 
645 289 137 
912 573 468 
===========
123 457 689 
456 198 723 
789 326 514 

297 814 356 
564 932 178 
831 765 942 

378 641 295 
645 279 831 
912 583 467 
===========
123 457 689 
456 198 723 
789 326 514 

297 814 356 
564 932 871 
831 765 942 

378 641 295 
645 279 138 
912 583 467 
===========
123 457 689 
456 198 723 
789 326 514 

297 814 365 
564 932 178 
831 765 492 

378 649 251 
645 281 937 
912 573 846 
===========
123 457 689 
456 198 723 
789 326 514 

297 815 346 
564 932 871 
831 764 295 

378 649 152 
645 281 937 
912 573 468 
===========
123 457 689 
456 198 723 
789 326 514 

297 815 346 
564 932 871 
831 764 295 

378 641 952 
645 289 137 
912 573 468 
===========
123 457 689 
456 198 723 
789 326 514 

297 815 346 
564 932 871 
831 764 952 

378 641 295 
645 289 137 
912 573 468 
===========
123 457 689 
456 198 723 
789 326 514 

297 815 346 
564 932 178 
831 764 295 

378 641 952 
645 279 831 
912 583 467 
===========
123 457 689 
456 198 723 
789 326 514 

297 815 346 
564 932 178 
831 764 952 

378 641 295 
645 279 831 
912 583 467 
===========
123 457 689 
456 198 723 
789 326 514 

297 815 346 
564 932 871 
831 764 295 

378 649 152 
645 271 938 
912 583 467 
===========
123 457 689 
456 198 723 
789 326 514 

297 815 346 
564 932 871 
831 764 295 

378 641 952 
645 279 138 
912 583 467 
===========
123 457 689 
456 198 723 
789 326 514 

297 815 346 
564 932 871 
831 764 952 

378 641 295 
645 279 138 
912 583 467 
===========
123 457 689 
456 198 723 
789 326 514 

297 834 156 
564 912 837 
831 765 942 

378 641 295 
645 289 371 
912 573 468 
===========
123 457 689 
456 198 723 
789 326 514 

297 834 156 
564 912 378 
831 765 942 

378 641 295 
645 279 831 
912 583 467 
===========
123 457 689 
456 198 723 
789 326 514 

297 834 165 
564 912 378 
831 765 492 

378 649 251 
645 281 937 
912 573 846 
===========
123 457 689 
456 198 723 
789 326 514 

297 834 165 
564 912 837 
831 765 942 

378 649 251 
645 271 398 
912 583 476 
===========
123 457 689 
456 198 723 
789 326 514 

297 835 146 
564 912 837 
831 764 295 

378 641 952 
645 289 371 
912 573 468 
===========
123 457 689 
456 198 723 
789 326 514 

297 835 146 
564 912 837 
831 764 952 

378 641 295 
645 289 371 
912 573 468 
===========
123 457 689 
456 198 723 
789 326 514 

297 835 146 
564 912 378 
831 764 295 

378 641 952 
645 279 831 
912 583 467 
===========
123 457 689 
456 198 723 
789 326 514 

297 835 146 
564 912 378 
831 764 952 

378 641 295 
645 279 831 
912 583 467 
===========
123 457 689 
456 198 723 
789 326 514 

297 835 461 
564 912 378 
831 764 295 

378 649 152 
645 281 937 
912 573 846 
===========
123 457 689 
456 198 723 
789 326 514 

297 835 461 
564 912 378 
831 764 295 

378 641 952 
645 289 137 
912 573 846 
===========
123 457 689 
456 198 723 
789 326 514 

297 835 461 
564 912 378 
831 764 952 

378 641 295 
645 289 137 
912 573 846 
===========
123 457 689 
456 198 723 
789 326 514 

297 841 356 
564 932 871 
831 765 942 

378 614 295 
645 289 137 
912 573 468 
===========
123 457 689 
456 198 723 
789 326 514 

297 841 356 
564 932 178 
831 765 942 

378 614 295 
645 279 831 
912 583 467 
===========
123 457 689 
456 198 723 
789 326 514 

297 841 356 
564 932 871 
831 765 942 

378 614 295 
645 279 138 
912 583 467 
===========
123 457 689 
456 198 723 
789 326 514 

297 845 136 
564 931 278 
831 762 945 

378 619 452 
645 273 891 
912 584 367 
===========
123 457 689 
456 198 723 
789 326 514 

297 845 361 
564 931 278 
831 762 495 

378 614 952 
645 289 137 
912 573 846 
===========
123 457 689 
456 198 723 
789 326 514 

297 845 361 
564 931 278 
831 762 945 

378 619 452 
645 283 197 
912 574 836 
===========
123 457 689 
456 198 723 
789 326 514 

297 861 345 
564 932 871 
831 745 296 

378 614 952 
645 289 137 
912 573 468 
===========
123 457 689 
456 198 723 
789 326 514 

297 861 345 
564 932 178 
831 745 296 

378 614 952 
645 279 831 
912 583 467 
===========
123 457 689 
456 198 723 
789 326 514 

297 861 345 
564 932 871 
831 745 296 

378 614 952 
645 279 138 
912 583 467 
===========
123 457 689 
456 198 723 
789 326 514 

297 865 341 
564 931 278 
831 742 965 

378 619 452 
645 283 197 
912 574 836 
===========
123 457 689 
456 198 723 
789 326 514 

297 865 341 
564 931 872 
831 742 956 

378 614 295 
645 289 137 
912 573 468 
===========
123 457 689 
456 198 723 
789 326 514 

297 865 341 
564 931 872 
831 742 956 

378 614 295 
645 279 138 
912 583 467 
===========
123 457 689 
456 198 723 
789 326 514 

297 865 431 
564 931 872 
831 742 956 

378 619 245 
645 283 197 
912 574 368 
===========
123 457 689 
456 198 723 
789 326 514 

297 865 431 
564 931 872 
831 742 956 

378 619 245 
645 273 198 
912 584 367 
===========
123 457 689 
456 198 723 
789 326 514 

297 814 365 
564 732 198 
831 965 472 

378 649 251 
645 281 937 
912 573 846 
===========
123 457 689 
456 198 723 
789 326 514 

297 814 365 
564 732 198 
831 965 247 

378 641 952 
645 279 831 
912 583 476 
===========
123 457 689 
456 198 723 
789 326 514 

297 814 365 
564 732 891 
831 965 247 

378 649 152 
645 271 938 
912 583 476 
===========
123 457 689 
456 198 723 
789 326 514 

297 814 365 
564 732 891 
831 965 247 

378 641 952 
645 279 138 
912 583 476 
===========
123 457 689 
456 198 723 
789 326 514 

297 815 346 
564 732 891 
831 964 275 

378 649 152 
645 281 937 
912 573 468 
===========
123 457 689 
456 198 723 
789 326 514 

297 815 346 
564 732 891 
831 964 275 

378 641 952 
645 289 137 
912 573 468 
===========
123 457 689 
456 198 723 
789 326 514 

297 815 346 
564 732 198 
831 964 275 

378 641 952 
645 279 831 
912 583 467 
===========
123 457 689 
456 198 723 
789 326 514 

297 815 346 
564 732 891 
831 964 275 

378 649 152 
645 271 938 
912 583 467 
===========
123 457 689 
456 198 723 
789 326 514 

297 815 346 
564 732 891 
831 964 275 

378 641 952 
645 279 138 
912 583 467 
===========
123 457 689 
456 198 723 
789 326 514 

297 834 165 
564 712 398 
831 965 472 

378 649 251 
645 281 937 
912 573 846 
===========
123 457 689 
456 198 723 
789 326 514 

297 834 165 
564 712 938 
831 965 472 

378 649 251 
645 281 397 
912 573 846 
===========
123 457 689 
456 198 723 
789 326 514 

297 834 165 
564 712 398 
831 965 247 

378 641 952 
645 279 831 
912 583 476 
===========
123 457 689 
456 198 723 
789 326 514 

297 835 146 
564 712 398 
831 964 275 

378 641 952 
645 279 831 
912 583 467 
===========
123 457 689 
456 198 723 
789 326 514 

297 835 461 
564 712 398 
831 964 275 

378 649 152 
645 281 937 
912 573 846 
===========
123 457 689 
456 198 723 
789 326 514 

297 835 461 
564 712 398 
831 964 275 

378 641 952 
645 289 137 
912 573 846 
===========
123 457 689 
456 198 723 
789 326 514 

297 835 461 
564 712 938 
831 964 275 

378 649 152 
645 281 397 
912 573 846 
===========
123 457 689 
456 198 723 
789 326 514 

297 841 365 
564 732 198 
831 965 247 

378 619 452 
645 283 971 
912 574 836 
===========
123 457 689 
456 198 723 
789 326 514 

297 841 365 
564 732 198 
831 965 247 

378 614 952 
645 279 831 
912 583 476 
===========
123 457 689 
456 198 723 
789 326 514 

297 841 365 
564 732 891 
831 965 247 

378 614 952 
645 279 138 
912 583 476 
===========
123 457 689 
456 198 723 
789 326 514 

297 845 136 
564 731 892 
831 962 457 

378 619 245 
645 283 971 
912 574 368 
===========
123 457 689 
456 198 723 
789 326 514 

297 845 361 
564 731 298 
831 962 475 

378 614 952 
645 289 137 
912 573 846 
===========
123 457 689 
456 198 723 
789 326 514 

297 861 345 
564 732 198 
831 945 267 

378 619 452 
645 283 971 
912 574 836 
===========
123 457 689 
456 198 723 
789 326 514 

297 861 345 
564 732 891 
831 945 276 

378 614 952 
645 289 137 
912 573 468 
===========
123 457 689 
456 198 723 
789 326 514 

297 861 345 
564 732 198 
831 945 267 

378 614 952 
645 279 831 
912 583 476 
===========
123 457 689 
456 198 723 
789 326 514 

297 861 345 
564 732 198 
831 945 276 

378 614 952 
645 279 831 
912 583 467 
===========
123 457 689 
456 198 723 
789 326 514 

297 861 345 
564 732 891 
831 945 267 

378 614 952 
645 279 138 
912 583 476 
===========
123 457 689 
456 198 723 
789 326 514 

297 861 345 
564 732 891 
831 945 276 

378 614 952 
645 279 138 
912 583 467 
===========
123 457 689 
456 198 723 
789 326 514 

297 861 435 
564 732 198 
831 945 267 

378 614 952 
645 289 371 
912 573 846 
===========
123 457 689 
456 198 723 
789 326 514 

297 815 346 
564 732 891 
831 649 275 

378 964 152 
645 281 937 
912 573 468 
===========
123 457 689 
456 198 723 
789 326 514 

297 815 346 
564 732 891 
831 649 275 

378 964 152 
645 271 938 
912 583 467 
===========
123 457 689 
456 198 723 
789 326 514 

297 835 146 
564 719 832 
831 642 975 

378 964 251 
645 281 397 
912 573 468 
===========
123 457 689 
456 198 723 
789 326 514 

297 835 146 
564 712 938 
831 649 275 

378 961 452 
645 273 891 
912 584 367 
===========
123 457 689 
456 198 723 
789 326 514 

297 835 146 
564 719 238 
831 642 975 

378 961 452 
645 273 891 
912 584 367 
===========
123 457 689 
456 198 723 
789 326 514 

297 835 146 
564 719 832 
831 642 975 

378 964 251 
645 271 398 
912 583 467 
===========
123 457 689 
456 198 723 
789 326 514 

297 835 461 
564 712 398 
831 649 275 

378 964 152 
645 281 937 
912 573 846 
===========
123 457 689 
456 198 723 
789 326 514 

297 835 461 
564 712 938 
831 649 275 

378 964 152 
645 281 397 
912 573 846 
===========
123 457 689 
456 198 723 
789 326 514 

297 835 461 
564 719 238 
831 642 975 

378 964 152 
645 281 397 
912 573 846 
===========
123 457 689 
456 198 723 
789 326 514 

297 835 461 
564 719 832 
831 642 957 

378 961 245 
645 273 198 
912 584 376 
===========
123 457 689 
456 198 723 
789 326 514 

297 615 348 
564 832 197 
831 749 265 

378 961 452 
645 283 971 
912 574 836 
===========
123 457 689 
456 198 723 
789 326 514 

297 615 348 
564 832 971 
831 749 265 

378 961 452 
645 283 197 
912 574 836 
===========
123 457 689 
456 198 723 
789 326 514 

297 615 348 
564 839 271 
831 742 965 

378 961 452 
645 283 197 
912 574 836 
===========
123 457 689 
456 198 723 
789 326 514 

297 615 438 
564 832 971 
831 749 265 

378 964 152 
645 281 397 
912 573 846 
===========
123 457 689 
456 198 723 
789 326 514 

297 615 438 
564 839 172 
831 742 965 

378 964 251 
645 281 397 
912 573 846 
===========
123 457 689 
456 198 723 
789 326 514 

297 615 438 
564 839 271 
831 742 965 

378 964 152 
645 281 397 
912 573 846 
===========
123 457 689 
456 198 723 
789 326 514 

297 615 438 
564 839 172 
831 742 956 

378 961 245 
645 273 891 
912 584 367 
===========
123 457 689 
456 198 723 
789 326 514 

297 635 148 
564 812 397 
831 749 265 

378 961 452 
645 283 971 
912 574 836 
===========
123 457 689 
456 198 723 
789 326 514 

297 635 148 
564 812 937 
831 749 265 

378 961 452 
645 273 891 
912 584 376 
===========
123 457 689 
456 198 723 
789 326 514 

297 635 148 
564 819 237 
831 742 965 

378 961 452 
645 273 891 
912 584 376 
===========
123 457 689 
456 198 723 
789 326 514 

297 635 841 
564 812 397 
831 749 265 

378 964 152 
645 271 938 
912 583 476 
===========
123 457 689 
456 198 723 
789 326 514 

297 635 841 
564 812 937 
831 749 265 

378 964 152 
645 271 398 
912 583 476 
===========
123 457 689 
456 198 723 
789 326 514 

297 635 841 
564 812 937 
831 749 265 

378 961 452 
645 273 198 
912 584 376 
===========
123 457 689 
456 198 723 
789 326 514 

297 635 841 
564 819 237 
831 742 965 

378 964 152 
645 271 398 
912 583 476 
===========
123 457 689 
456 198 723 
789 326 514 

297 635 841 
564 819 237 
831 742 965 

378 961 452 
645 273 198 
912 584 376 
===========
123 457 689 
456 198 723 
789 326 514 

297 813 456 
564 972 831 
831 645 972 

378 269 145 
645 731 298 
912 584 367 
===========
123 457 689 
456 198 723 
789 326 514 

297 814 356 
564 932 178 
831 675 492 

378 261 945 
645 789 231 
912 543 867 
===========
123 457 689 
456 198 723 
789 326 514 

297 814 356 
564 932 178 
831 675 942 

378 261 495 
645 789 231 
912 543 867 
===========
123 457 689 
456 198 723 
789 326 514 

297 814 356 
564 932 178 
831 675 492 

378 241 965 
645 789 231 
912 563 847 
===========
123 457 689 
456 198 723 
789 326 514 

297 814 365 
564 932 178 
831 675 492 

378 241 956 
645 789 231 
912 563 847 
===========
123 457 689 
456 198 723 
789 326 514 

297 815 346 
564 932 178 
831 674 295 

378 269 451 
645 781 932 
912 543 867 
===========
123 457 689 
456 198 723 
789 326 514 

297 815 346 
564 932 178 
831 674 952 

378 261 495 
645 789 231 
912 543 867 
===========
123 457 689 
456 198 723 
789 326 514 

297 831 456 
564 972 831 
831 645 972 

378 269 145 
645 713 298 
912 584 367 
===========
123 457 689 
456 198 723 
789 326 514 

297 834 156 
564 912 378 
831 675 492 

378 261 945 
645 789 231 
912 543 867 
===========
123 457 689 
456 198 723 
789 326 514 

297 834 156 
564 912 378 
831 675 942 

378 261 495 
645 789 231 
912 543 867 
===========
123 457 689 
456 198 723 
789 326 514 

297 834 156 
564 912 378 
831 675 492 

378 241 965 
645 789 231 
912 563 847 
===========
123 457 689 
456 198 723 
789 326 514 

297 834 165 
564 912 378 
831 675 492 

378 241 956 
645 789 231 
912 563 847 
===========
123 457 689 
456 198 723 
789 326 514 

297 835 146 
564 912 378 
831 674 295 

378 269 451 
645 781 932 
912 543 867 
===========
123 457 689 
456 198 723 
789 326 514 

297 835 146 
564 912 378 
831 674 952 

378 261 495 
645 789 231 
912 543 867 
===========
123 457 689 
456 198 723 
789 326 514 

297 835 146 
564 971 832 
831 642 957 

378 219 465 
645 783 291 
912 564 378 
===========
123 457 689 
456 198 723 
789 326 514 

297 835 146 
564 971 238 
831 642 975 

378 269 451 
645 713 892 
912 584 367 
===========
123 457 689 
456 198 723 
789 326 514 

297 835 146 
564 971 832 
831 642 975 

378 269 451 
645 713 298 
912 584 367 
===========
123 457 689 
456 198 723 
789 326 514 

297 835 461 
564 912 378 
831 674 295 

378 249 156 
645 781 932 
912 563 847 
===========
123 457 689 
456 198 723 
789 326 514 

297 835 461 
564 912 378 
831 674 295 

378 241 956 
645 789 132 
912 563 847 
===========
123 457 689 
456 198 723 
789 326 514 

297 835 461 
564 971 238 
831 642 957 

378 269 145 
645 713 892 
912 584 376 
===========
123 457 689 
456 198 723 
789 326 514 

297 835 461 
564 971 832 
831 642 957 

378 269 145 
645 713 298 
912 584 376 
===========
123 457 689 
456 198 723 
789 326 514 

297 841 356 
564 932 178 
831 675 492 

378 214 965 
645 789 231 
912 563 847 
===========
123 457 689 
456 198 723 
789 326 514 

297 841 356 
564 932 178 
831 675 942 

378 219 465 
645 783 291 
912 564 837 
===========
123 457 689 
456 198 723 
789 326 514 

297 841 356 
564 932 871 
831 675 942 

378 264 195 
645 719 238 
912 583 467 
===========
123 457 689 
456 198 723 
789 326 514 

297 841 365 
564 932 178 
831 675 492 

378 214 956 
645 789 231 
912 563 847 
===========
123 457 689 
456 198 723 
789 326 514 

297 841 365 
564 932 178 
831 675 942 

378 219 456 
645 783 291 
912 564 837 
===========
123 457 689 
456 198 723 
789 326 514 

297 843 156 
564 912 378 
831 675 492 

378 261 945 
645 789 231 
912 534 867 
===========
123 457 689 
456 198 723 
789 326 514 

297 843 156 
564 912 378 
831 675 942 

378 261 495 
645 789 231 
912 534 867 
===========
123 457 689 
456 198 723 
789 326 514 

297 843 165 
564 912 837 
831 675 942 

378 269 451 
645 731 298 
912 584 376 
===========
123 457 689 
456 198 723 
789 326 514 

297 845 136 
564 913 278 
831 672 945 

378 269 451 
645 781 392 
912 534 867 
===========
123 457 689 
456 198 723 
789 326 514 

297 845 136 
564 931 278 
831 672 945 

378 269 451 
645 713 892 
912 584 367 
===========
123 457 689 
456 198 723 
789 326 514 

297 845 136 
564 931 872 
831 672 945 

378 269 451 
645 713 298 
912 584 367 
===========
123 457 689 
456 198 723 
789 326 514 

297 845 136 
564 913 278 
831 672 945 

378 269 451 
645 731 892 
912 584 367 
===========
123 457 689 
456 198 723 
789 326 514 

297 845 136 
564 913 872 
831 672 945 

378 269 451 
645 731 298 
912 584 367 
===========
123 457 689 
456 198 723 
789 326 514 

297 845 361 
564 931 278 
831 672 495 

378 214 956 
645 789 132 
912 563 847 
===========
123 457 689 
456 198 723 
789 326 514 

297 845 361 
564 931 278 
831 672 945 

378 219 456 
645 783 192 
912 564 837 
===========
123 457 689 
456 198 723 
789 326 514 

297 613 458 
564 872 391 
831 945 267 

378 269 145 
645 781 932 
912 534 876 
===========
123 457 689 
456 198 723 
789 326 514 

297 613 458 
564 872 391 
831 945 276 

378 269 145 
645 781 932 
912 534 867 
===========
123 457 689 
456 198 723 
789 326 514 

297 613 458 
564 872 391 
831 945 267 

378 261 945 
645 789 132 
912 534 876 
===========
123 457 689 
456 198 723 
789 326 514 

297 613 458 
564 872 391 
831 945 276 

378 261 945 
645 789 132 
912 534 867 
===========
123 457 689 
456 198 723 
789 326 514 

297 613 458 
564 872 931 
831 945 267 

378 269 145 
645 781 392 
912 534 876 
===========
123 457 689 
456 198 723 
789 326 514 

297 613 458 
564 872 931 
831 945 276 

378 269 145 
645 781 392 
912 534 867 
===========
123 457 689 
456 198 723 
789 326 514 

297 613 458 
564 872 931 
831 945 267 

378 269 145 
645 731 892 
912 584 376 
===========
123 457 689 
456 198 723 
789 326 514 

297 613 458 
564 872 931 
831 945 276 

378 269 145 
645 731 892 
912 584 367 
===========
123 457 689 
456 198 723 
789 326 514 

297 614 358 
564 832 197 
831 975 462 

378 261 945 
645 789 231 
912 543 876 
===========
123 457 689 
456 198 723 
789 326 514 

297 614 358 
564 832 971 
831 975 246 

378 261 495 
645 789 132 
912 543 867 
===========
123 457 689 
456 198 723 
789 326 514 

297 615 348 
564 832 197 
831 974 265 

378 269 451 
645 781 932 
912 543 876 
===========
123 457 689 
456 198 723 
789 326 514 

297 615 348 
564 832 971 
831 974 256 

378 261 495 
645 789 132 
912 543 867 
===========
123 457 689 
456 198 723 
789 326 514 

297 615 438 
564 832 971 
831 974 256 

378 269 145 
645 781 392 
912 543 867 
===========
123 457 689 
456 198 723 
789 326 514 

297 615 438 
564 832 971 
831 974 256 

378 249 165 
645 781 392 
912 563 847 
===========
123 457 689 
456 198 723 
789 326 514 

297 615 438 
564 832 971 
831 974 265 

378 249 156 
645 781 392 
912 563 847 
===========
123 457 689 
456 198 723 
789 326 514 

297 631 458 
564 872 391 
831 945 276 

378 214 965 
645 789 132 
912 563 847 
===========
123 457 689 
456 198 723 
789 326 514 

297 631 458 
564 872 931 
831 945 267 

378 269 145 
645 713 892 
912 584 376 
===========
123 457 689 
456 198 723 
789 326 514 

297 631 458 
564 872 931 
831 945 276 

378 269 145 
645 713 892 
912 584 367 
===========
123 457 689 
456 198 723 
789 326 514 

297 631 845 
564 872 391 
831 945 267 

378 214 956 
645 789 132 
912 563 478 
===========
123 457 689 
456 198 723 
789 326 514 

297 631 845 
564 872 931 
831 945 267 

378 219 456 
645 783 192 
912 564 378 
===========
123 457 689 
456 198 723 
789 326 514 

297 634 158 
564 812 397 
831 975 462 

378 261 945 
645 789 231 
912 543 876 
===========
123 457 689 
456 198 723 
789 326 514 

297 634 851 
564 812 397 
831 975 246 

378 249 165 
645 781 932 
912 563 478 
===========
123 457 689 
456 198 723 
789 326 514 

297 634 851 
564 812 397 
831 975 246 

378 241 965 
645 789 132 
912 563 478 
===========
123 457 689 
456 198 723 
789 326 514 

297 634 851 
564 812 937 
831 975 246 

378 249 165 
645 781 392 
912 563 478 
===========
123 457 689 
456 198 723 
789 326 514 

297 635 148 
564 812 397 
831 974 265 

378 269 451 
645 781 932 
912 543 876 
===========
123 457 689 
456 198 723 
789 326 514 

297 635 148 
564 812 937 
831 974 265 

378 269 451 
645 781 392 
912 543 876 
===========
123 457 689 
456 198 723 
789 326 514 

297 635 841 
564 812 397 
831 974 256 

378 249 165 
645 781 932 
912 563 478 
===========
123 457 689 
456 198 723 
789 326 514 

297 635 841 
564 812 397 
831 974 265 

378 249 156 
645 781 932 
912 563 478 
===========
123 457 689 
456 198 723 
789 326 514 

297 635 841 
564 812 397 
831 974 256 

378 241 965 
645 789 132 
912 563 478 
===========
123 457 689 
456 198 723 
789 326 514 

297 635 841 
564 812 397 
831 974 265 

378 241 956 
645 789 132 
912 563 478 
===========
123 457 689 
456 198 723 
789 326 514 

297 635 841 
564 812 937 
831 974 256 

378 249 165 
645 781 392 
912 563 478 
===========
123 457 689 
456 198 723 
789 326 514 

297 635 841 
564 812 937 
831 974 265 

378 249 156 
645 781 392 
912 563 478 
===========
123 457 689 
456 198 723 
789 326 514 

297 641 358 
564 832 971 
831 975 246 

378 219 465 
645 783 192 
912 564 837 
===========
123 457 689 
456 198 723 
789 326 514 

297 641 358 
564 832 971 
831 975 246 

378 264 195 
645 719 832 
912 583 467 
===========
123 457 689 
456 198 723 
789 326 514 

297 643 158 
564 812 397 
831 975 462 

378 261 945 
645 789 231 
912 534 876 
===========
123 457 689 
456 198 723 
789 326 514 

297 643 851 
564 812 937 
831 975 462 

378 269 145 
645 731 298 
912 584 376 
===========
123 457 689 
456 198 723 
789 326 514 

297 645 831 
564 831 972 
831 972 456 

378 269 145 
645 713 298 
912 584 367 
===========
123 457 689 
456 198 723 
789 326 514 

297 645 831 
564 813 972 
831 972 456 

378 269 145 
645 731 298 
912 584 367 
===========
123 457 689 
456 198 723 
789 326 514 

297 834 165 
564 971 238 
831 265 947 

378 619 452 
645 782 391 
912 543 876 
===========
123 457 689 
456 198 723 
789 326 514 

297 834 165 
564 971 832 
831 265 947 

378 649 251 
645 712 398 
912 583 476 
===========
123 457 689 
456 198 723 
789 326 514 

297 835 146 
564 971 238 
831 264 975 

378 619 452 
645 782 391 
912 543 867 
===========
123 457 689 
456 198 723 
789 326 514 

297 835 146 
564 971 832 
831 264 975 

378 649 251 
645 712 398 
912 583 467 
===========
123 457 689 
456 198 723 
789 326 514 

297 843 165 
564 971 238 
831 265 947 

378 619 452 
645 782 391 
912 534 876 
===========
123 457 689 
456 198 723 
789 326 514 

297 843 165 
564 971 238 
831 265 947 

378 619 452 
645 732 891 
912 584 376 
===========
123 457 689 
456 198 723 
789 326 514 

297 863 145 
564 971 238 
831 245 967 

378 619 452 
645 782 391 
912 534 876 
===========
123 457 689 
456 198 723 
789 326 514 

297 863 145 
564 971 238 
831 245 976 

378 619 452 
645 782 391 
912 534 867 
===========
123 457 689 
456 198 723 
789 326 514 

297 863 145 
564 971 238 
831 245 967 

378 619 452 
645 732 891 
912 584 376 
===========
123 457 689 
456 198 723 
789 326 514 

297 863 145 
564 971 238 
831 245 976 

378 619 452 
645 732 891 
912 584 367 
===========
123 457 689 
456 198 723 
789 326 514 

297 863 451 
564 971 832 
831 245 967 

378 619 245 
645 732 198 
912 584 376 
===========
123 457 689 
456 198 723 
789 326 514 

297 863 451 
564 971 832 
831 245 976 

378 619 245 
645 732 198 
912 584 367 
===========
123 457 689 
456 198 723 
789 326 514 

297 864 135 
564 931 278 
831 275 946 

378 619 452 
645 782 391 
912 543 867 
===========
123 457 689 
456 198 723 
789 326 514 

297 864 135 
564 931 872 
831 275 946 

378 649 251 
645 712 398 
912 583 467 
===========
123 457 689 
456 198 723 
789 326 514 

297 864 351 
564 931 278 
831 275 496 

378 612 945 
645 789 132 
912 543 867 
===========
123 457 689 
456 198 723 
789 326 514 

297 864 351 
564 931 278 
831 275 946 

378 612 495 
645 789 132 
912 543 867 
===========
123 457 689 
456 198 723 
789 326 514 

297 864 351 
564 931 278 
831 275 946 

378 642 195 
645 719 832 
912 583 467 
===========
123 457 689 
456 198 723 
789 326 514 

297 864 351 
564 931 872 
831 275 946 

378 642 195 
645 719 238 
912 583 467 
===========
123 457 689 
456 198 723 
789 326 514 

297 865 341 
564 931 278 
831 274 956 

378 612 495 
645 789 132 
912 543 867 
===========
123 457 689 
456 198 723 
789 326 514 

297 865 341 
564 931 278 
831 274 956 

378 642 195 
645 719 832 
912 583 467 
===========
123 457 689 
456 198 723 
789 326 514 

297 865 341 
564 931 872 
831 274 956 

378 642 195 
645 719 238 
912 583 467 
===========
123 457 689 
456 198 723 
789 326 514 

297 834 156 
564 271 398 
831 965 472 

378 619 245 
645 782 931 
912 543 867 
===========
123 457 689 
456 198 723 
789 326 514 

297 834 156 
564 271 398 
831 965 472 

378 612 945 
645 789 231 
912 543 867 
===========
123 457 689 
456 198 723 
789 326 514 

297 834 156 
564 271 938 
831 965 472 

378 619 245 
645 782 391 
912 543 867 
===========
123 457 689 
456 198 723 
789 326 514 

297 834 165 
564 271 398 
831 965 247 

378 619 452 
645 782 931 
912 543 876 
===========
123 457 689 
456 198 723 
789 326 514 

297 834 165 
564 271 938 
831 965 247 

378 619 452 
645 782 391 
912 543 876 
===========
123 457 689 
456 198 723 
789 326 514 

297 834 165 
564 271 398 
831 965 247 

378 642 951 
645 719 832 
912 583 476 
===========
123 457 689 
456 198 723 
789 326 514 

297 835 146 
564 271 398 
831 964 275 

378 619 452 
645 782 931 
912 543 867 
===========
123 457 689 
456 198 723 
789 326 514 

297 835 146 
564 271 938 
831 964 275 

378 619 452 
645 782 391 
912 543 867 
===========
123 457 689 
456 198 723 
789 326 514 

297 835 146 
564 271 398 
831 964 275 

378 642 951 
645 719 832 
912 583 467 
===========
123 457 689 
456 198 723 
789 326 514 

297 835 461 
564 271 398 
831 964 257 

378 612 945 
645 789 132 
912 543 876 
===========
123 457 689 
456 198 723 
789 326 514 

297 841 356 
564 273 198 
831 965 472 

378 619 245 
645 782 931 
912 534 867 
===========
123 457 689 
456 198 723 
789 326 514 

297 841 356 
564 273 198 
831 965 472 

378 612 945 
645 789 231 
912 534 867 
===========
123 457 689 
456 198 723 
789 326 514 

297 841 365 
564 273 198 
831 965 247 

378 619 452 
645 782 931 
912 534 876 
===========
123 457 689 
456 198 723 
789 326 514 

297 843 156 
564 271 398 
831 965 472 

378 619 245 
645 782 931 
912 534 867 
===========
123 457 689 
456 198 723 
789 326 514 

297 843 156 
564 271 398 
831 965 472 

378 612 945 
645 789 231 
912 534 867 
===========
123 457 689 
456 198 723 
789 326 514 

297 843 156 
564 271 938 
831 965 472 

378 619 245 
645 782 391 
912 534 867 
===========
