123 457 689 
456 198 723 
789 632 514 

297 814 356 
564 923 178 
831 765 492 

378 549 261 
645 281 937 
912 376 845 
===========
123 457 689 
456 198 723 
789 632 514 

297 814 365 
564 923 871 
831 765 942 

378 541 296 
645 289 137 
912 376 458 
===========
123 457 689 
456 198 723 
789 632 514 

297 814 365 
564 923 178 
831 765 942 

378 541 296 
645 279 831 
912 386 457 
===========
123 457 689 
456 198 723 
789 632 514 

297 814 365 
564 923 871 
831 765 942 

378 541 296 
645 279 138 
912 386 457 
===========
123 457 689 
456 198 723 
789 632 514 

297 815 346 
564 923 871 
831 764 295 

378 549 162 
645 281 937 
912 376 458 
===========
123 457 689 
456 198 723 
789 632 514 

297 815 346 
564 923 871 
831 764 295 

378 541 962 
645 289 137 
912 376 458 
===========
123 457 689 
456 198 723 
789 632 514 

297 815 346 
564 923 178 
831 764 295 

378 541 962 
645 279 831 
912 386 457 
===========
123 457 689 
456 198 723 
789 632 514 

297 815 346 
564 923 871 
831 764 295 

378 549 162 
645 271 938 
912 386 457 
===========
123 457 689 
456 198 723 
789 632 514 

297 815 346 
564 923 871 
831 764 295 

378 541 962 
645 279 138 
912 386 457 
===========
123 457 689 
456 198 723 
789 632 514 

297 815 436 
564 923 178 
831 764 952 

378 549 261 
645 281 397 
912 376 845 
===========
123 457 689 
456 198 723 
789 632 514 

297 815 436 
564 923 178 
831 746 952 

378 569 241 
645 281 397 
912 374 865 
===========
123 457 689 
456 198 723 
789 632 514 

297 816 435 
564 923 178 
831 745 962 

378 569 241 
645 281 397 
912 374 856 
===========
123 457 689 
456 198 723 
789 632 514 

297 841 365 
564 923 871 
831 765 942 

378 514 296 
645 289 137 
912 376 458 
===========
123 457 689 
456 198 723 
789 632 514 

297 841 365 
564 923 178 
831 765 942 

378 514 296 
645 279 831 
912 386 457 
===========
123 457 689 
456 198 723 
789 632 514 

297 841 365 
564 923 871 
831 765 942 

378 514 296 
645 279 138 
912 386 457 
===========
123 457 689 
456 198 723 
789 632 514 

297 843 165 
564 921 837 
831 765 942 

378 514 296 
645 289 371 
912 376 458 
===========
123 457 689 
456 198 723 
789 632 514 

297 843 165 
564 921 378 
831 765 942 

378 514 296 
645 279 831 
912 386 457 
===========
123 457 689 
456 198 723 
789 632 514 

297 845 361 
564 913 278 
831 726 495 

378 569 142 
645 281 937 
912 374 856 
===========
123 457 689 
456 198 723 
789 632 514 

297 845 361 
564 913 278 
831 726 495 

378 561 942 
645 289 137 
912 374 856 
===========
123 457 689 
456 198 723 
789 632 514 

297 845 361 
564 913 278 
831 726 945 

378 561 492 
645 289 137 
912 374 856 
===========
123 457 689 
456 198 723 
789 632 514 

297 846 351 
564 913 278 
831 725 496 

378 569 142 
645 281 937 
912 374 865 
===========
123 457 689 
456 198 723 
789 632 514 

297 846 351 
564 913 278 
831 725 496 

378 561 942 
645 289 137 
912 374 865 
===========
123 457 689 
456 198 723 
789 632 514 

297 846 351 
564 913 278 
831 725 946 

378 561 492 
645 289 137 
912 374 865 
===========
123 457 689 
456 198 723 
789 632 514 

297 861 345 
564 923 871 
831 745 296 

378 514 962 
645 289 137 
912 376 458 
===========
123 457 689 
456 198 723 
789 632 514 

297 861 345 
564 923 871 
831 745 962 

378 514 296 
645 289 137 
912 376 458 
===========
123 457 689 
456 198 723 
789 632 514 

297 861 345 
564 923 178 
831 745 296 

378 514 962 
645 279 831 
912 386 457 
===========
123 457 689 
456 198 723 
789 632 514 

297 861 345 
564 923 178 
831 745 962 

378 514 296 
645 279 831 
912 386 457 
===========
123 457 689 
456 198 723 
789 632 514 

297 861 345 
564 923 871 
831 745 296 

378 514 962 
645 279 138 
912 386 457 
===========
123 457 689 
456 198 723 
789 632 514 

297 861 345 
564 923 871 
831 745 962 

378 514 296 
645 279 138 
912 386 457 
===========
123 457 689 
456 198 723 
789 632 514 

297 863 145 
564 921 837 
831 745 296 

378 514 962 
645 289 371 
912 376 458 
===========
123 457 689 
456 198 723 
789 632 514 

297 863 145 
564 921 837 
831 745 962 

378 514 296 
645 289 371 
912 376 458 
===========
123 457 689 
456 198 723 
789 632 514 

297 863 145 
564 921 378 
831 745 296 

378 514 962 
645 279 831 
912 386 457 
===========
123 457 689 
456 198 723 
789 632 514 

297 863 145 
564 921 378 
831 745 962 

378 514 296 
645 279 831 
912 386 457 
===========
123 457 689 
456 198 723 
789 632 514 

297 863 451 
564 921 378 
831 745 296 

378 516 942 
645 289 137 
912 374 865 
===========
123 457 689 
456 198 723 
789 632 514 

297 863 451 
564 921 378 
831 745 296 

378 514 962 
645 289 137 
912 376 845 
===========
123 457 689 
456 198 723 
789 632 514 

297 863 451 
564 921 378 
831 745 962 

378 514 296 
645 289 137 
912 376 845 
===========
123 457 689 
456 198 723 
789 632 514 

297 864 135 
564 913 872 
831 725 946 

378 549 261 
645 281 397 
912 376 458 
===========
123 457 689 
456 198 723 
789 632 514 

297 864 135 
564 913 872 
831 725 946 

378 549 261 
645 271 398 
912 386 457 
===========
123 457 689 
456 198 723 
789 632 514 

297 864 351 
564 913 278 
831 725 496 

378 549 162 
645 281 937 
912 376 845 
===========
123 457 689 
456 198 723 
789 632 514 

297 864 351 
564 913 278 
831 725 496 

378 541 962 
645 289 137 
912 376 845 
===========
123 457 689 
456 198 723 
789 632 514 

297 865 341 
564 913 872 
831 724 965 

378 541 296 
645 289 137 
912 376 458 
===========
123 457 689 
456 198 723 
789 632 514 

297 865 341 
564 913 872 
831 724 965 

378 541 296 
645 279 138 
912 386 457 
===========
123 457 689 
456 198 723 
789 632 514 

297 865 431 
564 913 278 
831 724 956 

378 549 162 
645 281 397 
912 376 845 
===========
123 457 689 
456 198 723 
789 632 514 

297 814 356 
564 723 198 
831 965 472 

378 549 261 
645 281 937 
912 376 845 
===========
123 457 689 
456 198 723 
789 632 514 

297 814 356 
564 723 198 
831 965 247 

378 541 962 
645 279 831 
912 386 475 
===========
123 457 689 
456 198 723 
789 632 514 

297 814 356 
564 723 891 
831 965 247 

378 549 162 
645 271 938 
912 386 475 
===========
123 457 689 
456 198 723 
789 632 514 

297 814 356 
564 723 891 
831 965 247 

378 541 962 
645 279 138 
912 386 475 
===========
123 457 689 
456 198 723 
789 632 514 

297 815 346 
564 723 891 
831 964 275 

378 549 162 
645 281 937 
912 376 458 
===========
123 457 689 
456 198 723 
789 632 514 

297 815 346 
564 723 891 
831 964 275 

378 541 962 
645 289 137 
912 376 458 
===========
123 457 689 
456 198 723 
789 632 514 

297 815 346 
564 723 198 
831 964 257 

378 541 962 
645 279 831 
912 386 475 
===========
123 457 689 
456 198 723 
789 632 514 

297 815 346 
564 723 198 
831 964 275 

378 541 962 
645 279 831 
912 386 457 
===========
123 457 689 
456 198 723 
789 632 514 

297 815 346 
564 723 891 
831 964 257 

378 549 162 
645 271 938 
912 386 475 
===========
123 457 689 
456 198 723 
789 632 514 

297 815 346 
564 723 891 
831 964 275 

378 549 162 
645 271 938 
912 386 457 
===========
123 457 689 
456 198 723 
789 632 514 

297 815 346 
564 723 891 
831 964 257 

378 541 962 
645 279 138 
912 386 475 
===========
123 457 689 
456 198 723 
789 632 514 

297 815 346 
564 723 891 
831 964 275 

378 541 962 
645 279 138 
912 386 457 
===========
123 457 689 
456 198 723 
789 632 514 

297 815 436 
564 723 198 
831 964 257 

378 541 962 
645 289 371 
912 376 845 
===========
123 457 689 
456 198 723 
789 632 514 

297 815 436 
564 723 198 
831 946 257 

378 561 942 
645 289 371 
912 374 865 
===========
123 457 689 
456 198 723 
789 632 514 

297 816 435 
564 723 198 
831 945 267 

378 561 942 
645 289 371 
912 374 856 
===========
123 457 689 
456 198 723 
789 632 514 

297 841 356 
564 723 198 
831 965 247 

378 514 962 
645 279 831 
912 386 475 
===========
123 457 689 
456 198 723 
789 632 514 

297 841 356 
564 723 891 
831 965 247 

378 514 962 
645 279 138 
912 386 475 
===========
123 457 689 
456 198 723 
789 632 514 

297 843 156 
564 721 938 
831 965 247 

378 516 492 
645 289 371 
912 374 865 
===========
123 457 689 
456 198 723 
789 632 514 

297 843 156 
564 721 398 
831 965 247 

378 514 962 
645 279 831 
912 386 475 
===========
123 457 689 
456 198 723 
789 632 514 

297 843 165 
564 721 938 
831 965 247 

378 516 492 
645 289 371 
912 374 856 
===========
123 457 689 
456 198 723 
789 632 514 

297 845 136 
564 713 298 
831 926 457 

378 561 942 
645 289 371 
912 374 865 
===========
123 457 689 
456 198 723 
789 632 514 

297 845 361 
564 713 298 
831 926 475 

378 569 142 
645 281 937 
912 374 856 
===========
123 457 689 
456 198 723 
789 632 514 

297 845 361 
564 713 298 
831 926 475 

378 561 942 
645 289 137 
912 374 856 
===========
123 457 689 
456 198 723 
789 632 514 

297 846 135 
564 713 298 
831 925 467 

378 561 942 
645 289 371 
912 374 856 
===========
123 457 689 
456 198 723 
789 632 514 

297 846 351 
564 713 298 
831 925 476 

378 569 142 
645 281 937 
912 374 865 
===========
123 457 689 
456 198 723 
789 632 514 

297 846 351 
564 713 298 
831 925 476 

378 561 942 
645 289 137 
912 374 865 
===========
123 457 689 
456 198 723 
789 632 514 

297 861 345 
564 723 891 
831 945 276 

378 514 962 
645 289 137 
912 376 458 
===========
123 457 689 
456 198 723 
789 632 514 

297 861 345 
564 723 198 
831 945 276 

378 514 962 
645 279 831 
912 386 457 
===========
123 457 689 
456 198 723 
789 632 514 

297 861 345 
564 723 891 
831 945 276 

378 514 962 
645 279 138 
912 386 457 
===========
123 457 689 
456 198 723 
789 632 514 

297 861 435 
564 723 198 
831 945 267 

378 516 942 
645 289 371 
912 374 856 
===========
123 457 689 
456 198 723 
789 632 514 

297 863 145 
564 721 938 
831 945 267 

378 516 492 
645 289 371 
912 374 856 
===========
123 457 689 
456 198 723 
789 632 514 

297 863 145 
564 721 398 
831 945 276 

378 514 962 
645 279 831 
912 386 457 
===========
123 457 689 
456 198 723 
789 632 514 

297 863 451 
564 721 398 
831 945 276 

378 516 942 
645 289 137 
912 374 865 
===========
123 457 689 
456 198 723 
789 632 514 

297 863 451 
564 721 398 
831 945 276 

378 514 962 
645 289 137 
912 376 845 
===========
123 457 689 
456 198 723 
789 632 514 

297 864 351 
564 713 298 
831 925 476 

378 549 162 
645 281 937 
912 376 845 
===========
123 457 689 
456 198 723 
789 632 514 

297 864 351 
564 713 298 
831 925 476 

378 541 962 
645 289 137 
912 376 845 
===========
123 457 689 
456 198 723 
789 632 514 

297 813 456 
564 729 138 
831 564 972 

378 945 261 
645 281 397 
912 376 845 
===========
123 457 689 
456 198 723 
789 632 514 

297 813 456 
564 729 138 
831 546 972 

378 965 241 
645 281 397 
912 374 865 
===========
123 457 689 
456 198 723 
789 632 514 

297 813 465 
564 729 138 
831 564 972 

378 946 251 
645 281 397 
912 375 846 
===========
123 457 689 
456 198 723 
789 632 514 

297 813 465 
564 729 138 
831 546 972 

378 965 241 
645 281 397 
912 374 856 
===========
123 457 689 
456 198 723 
789 632 514 

297 813 465 
564 729 138 
831 546 972 

378 964 251 
645 281 397 
912 375 846 
===========
123 457 689 
456 198 723 
789 632 514 

297 814 356 
564 723 198 
831 569 472 

378 945 261 
645 281 937 
912 376 845 
===========
123 457 689 
456 198 723 
789 632 514 

297 814 356 
564 723 891 
831 569 247 

378 945 162 
645 271 938 
912 386 475 
===========
123 457 689 
456 198 723 
789 632 514 

297 814 365 
564 723 198 
831 569 472 

378 946 251 
645 281 937 
912 375 846 
===========
123 457 689 
456 198 723 
789 632 514 

297 814 365 
564 723 891 
831 569 247 

378 946 152 
645 271 938 
912 385 476 
===========
123 457 689 
456 198 723 
789 632 514 

297 816 345 
564 723 891 
831 549 276 

378 964 152 
645 281 937 
912 375 468 
===========
123 457 689 
456 198 723 
789 632 514 

297 816 345 
564 723 891 
831 549 267 

378 964 152 
645 271 938 
912 385 476 
===========
123 457 689 
456 198 723 
789 632 514 

297 816 345 
564 723 891 
831 549 276 

378 964 152 
645 271 938 
912 385 467 
===========
123 457 689 
456 198 723 
789 632 514 

297 843 165 
564 719 832 
831 526 947 

378 964 251 
645 271 398 
912 385 476 
===========
123 457 689 
456 198 723 
789 632 514 

297 846 351 
564 713 298 
831 529 476 

378 965 142 
645 281 937 
912 374 865 
===========
123 457 689 
456 198 723 
789 632 514 

297 863 145 
564 719 832 
831 524 976 

378 946 251 
645 281 397 
912 375 468 
===========
123 457 689 
456 198 723 
789 632 514 

297 863 145 
564 719 832 
831 524 976 

378 945 261 
645 281 397 
912 376 458 
===========
123 457 689 
456 198 723 
789 632 514 

297 863 145 
564 719 832 
831 524 967 

378 946 251 
645 271 398 
912 385 476 
===========
123 457 689 
456 198 723 
789 632 514 

297 863 145 
564 719 832 
831 524 976 

378 946 251 
645 271 398 
912 385 467 
===========
123 457 689 
456 198 723 
789 632 514 

297 863 145 
564 719 832 
831 524 976 

378 945 261 
645 271 398 
912 386 457 
===========
123 457 689 
456 198 723 
789 632 514 

297 863 451 
564 719 238 
831 524 976 

378 945 162 
645 281 397 
912 376 845 
===========
123 457 689 
456 198 723 
789 632 514 

297 864 351 
564 713 298 
831 529 476 

378 945 162 
645 281 937 
912 376 845 
===========
123 457 689 
456 198 723 
789 632 514 

297 513 468 
564 829 371 
831 764 295 

378 946 152 
645 281 937 
912 375 846 
===========
123 457 689 
456 198 723 
789 632 514 

297 513 468 
564 829 371 
831 746 295 

378 965 142 
645 281 937 
912 374 856 
===========
123 457 689 
456 198 723 
789 632 514 

297 513 468 
564 829 371 
831 746 295 

378 964 152 
645 281 937 
912 375 846 
===========
123 457 689 
456 198 723 
789 632 514 

297 513 846 
564 829 371 
831 764 295 

378 946 152 
645 281 937 
912 375 468 
===========
123 457 689 
456 198 723 
789 632 514 

297 513 846 
564 829 371 
831 764 295 

378 945 162 
645 281 937 
912 376 458 
===========
123 457 689 
456 198 723 
789 632 514 

297 513 846 
564 829 371 
831 746 295 

378 964 152 
645 281 937 
912 375 468 
===========
123 457 689 
456 198 723 
789 632 514 

297 513 846 
564 829 137 
831 764 952 

378 945 261 
645 271 398 
912 386 475 
===========
123 457 689 
456 198 723 
789 632 514 

297 513 846 
564 829 371 
831 764 295 

378 946 152 
645 271 938 
912 385 467 
===========
123 457 689 
456 198 723 
789 632 514 

297 513 846 
564 829 371 
831 764 295 

378 945 162 
645 271 938 
912 386 457 
===========
123 457 689 
456 198 723 
789 632 514 

297 513 846 
564 829 371 
831 746 295 

378 964 152 
645 271 938 
912 385 467 
===========
123 457 689 
456 198 723 
789 632 514 

297 514 836 
564 823 971 
831 769 245 

378 946 152 
645 281 397 
912 375 468 
===========
123 457 689 
456 198 723 
789 632 514 

297 514 836 
564 823 971 
831 769 245 

378 945 162 
645 281 397 
912 376 458 
===========
123 457 689 
456 198 723 
789 632 514 

297 514 836 
564 823 971 
831 769 245 

378 946 152 
645 271 398 
912 385 467 
===========
123 457 689 
456 198 723 
789 632 514 

297 514 836 
564 823 971 
831 769 245 

378 945 162 
645 271 398 
912 386 457 
===========
123 457 689 
456 198 723 
789 632 514 

297 516 438 
564 823 971 
831 749 256 

378 965 142 
645 281 397 
912 374 865 
===========
123 457 689 
456 198 723 
789 632 514 

297 516 438 
564 823 971 
831 749 265 

378 965 142 
645 281 397 
912 374 856 
===========
123 457 689 
456 198 723 
789 632 514 

297 516 438 
564 823 971 
831 749 265 

378 964 152 
645 281 397 
912 375 846 
===========
123 457 689 
456 198 723 
789 632 514 

297 543 168 
564 819 372 
831 726 495 

378 965 241 
645 281 937 
912 374 856 
===========
123 457 689 
456 198 723 
789 632 514 

297 543 168 
564 819 372 
831 726 495 

378 964 251 
645 281 937 
912 375 846 
===========
123 457 689 
456 198 723 
789 632 514 

297 543 861 
564 819 237 
831 726 945 

378 964 152 
645 271 398 
912 385 476 
===========
123 457 689 
456 198 723 
789 632 514 

297 546 138 
564 813 972 
831 729 456 

378 965 241 
645 281 397 
912 374 865 
===========
123 457 689 
456 198 723 
789 632 514 

297 546 138 
564 813 972 
831 729 465 

378 965 241 
645 281 397 
912 374 856 
===========
123 457 689 
456 198 723 
789 632 514 

297 546 138 
564 813 972 
831 729 465 

378 964 251 
645 281 397 
912 375 846 
===========
123 457 689 
456 198 723 
789 632 514 

297 563 841 
564 819 237 
831 724 965 

378 946 152 
645 271 398 
912 385 476 
===========
123 457 689 
456 198 723 
789 632 514 

297 563 841 
564 819 237 
831 724 956 

378 945 162 
645 271 398 
912 386 475 
===========
123 457 689 
456 198 723 
789 632 514 

297 564 138 
564 813 972 
831 729 465 

378 946 251 
645 281 397 
912 375 846 
===========
123 457 689 
456 198 723 
789 632 514 

297 564 138 
564 813 972 
831 729 456 

378 945 261 
645 281 397 
912 376 845 
===========
123 457 689 
456 198 723 
789 632 514 

297 814 356 
564 923 178 
831 576 492 

378 261 945 
645 789 231 
912 345 867 
===========
123 457 689 
456 198 723 
789 632 514 

297 814 356 
564 923 178 
831 576 942 

378 261 495 
645 789 231 
912 345 867 
===========
123 457 689 
456 198 723 
789 632 514 

297 814 356 
564 923 178 
831 576 492 

378 241 965 
645 789 231 
912 365 847 
===========
123 457 689 
456 198 723 
789 632 514 

297 814 365 
564 923 178 
831 576 492 

378 241 956 
645 789 231 
912 365 847 
===========
123 457 689 
456 198 723 
789 632 514 

297 816 345 
564 923 178 
831 574 296 

378 269 451 
645 781 932 
912 345 867 
===========
123 457 689 
456 198 723 
789 632 514 

297 841 356 
564 923 178 
831 576 492 

378 214 965 
645 789 231 
912 365 847 
===========
123 457 689 
456 198 723 
789 632 514 

297 841 356 
564 923 871 
831 576 942 

378 264 195 
645 719 238 
912 385 467 
===========
123 457 689 
456 198 723 
789 632 514 

297 841 365 
564 923 178 
831 576 492 

378 215 946 
645 789 231 
912 364 857 
===========
123 457 689 
456 198 723 
789 632 514 

297 841 365 
564 923 178 
831 576 942 

378 215 496 
645 789 231 
912 364 857 
===========
123 457 689 
456 198 723 
789 632 514 

297 841 365 
564 923 178 
831 576 492 

378 214 956 
645 789 231 
912 365 847 
===========
123 457 689 
456 198 723 
789 632 514 

297 843 156 
564 921 378 
831 576 492 

378 214 965 
645 789 231 
912 365 847 
===========
123 457 689 
456 198 723 
789 632 514 

297 843 165 
564 921 378 
831 576 492 

378 215 946 
645 789 231 
912 364 857 
===========
123 457 689 
456 198 723 
789 632 514 

297 843 165 
564 921 378 
831 576 942 

378 215 496 
645 789 231 
912 364 857 
===========
123 457 689 
456 198 723 
789 632 514 

297 843 165 
564 921 378 
831 576 492 

378 214 956 
645 789 231 
912 365 847 
===========
123 457 689 
456 198 723 
789 632 514 

297 861 345 
564 923 178 
831 574 962 

378 215 496 
645 789 231 
912 346 857 
===========
123 457 689 
456 198 723 
789 632 514 

297 861 345 
564 923 178 
831 574 296 

378 246 951 
645 719 832 
912 385 467 
===========
123 457 689 
456 198 723 
789 632 514 

297 861 345 
564 923 178 
831 574 296 

378 245 961 
645 719 832 
912 386 457 
===========
123 457 689 
456 198 723 
789 632 514 

297 861 345 
564 923 871 
831 574 962 

378 245 196 
645 719 238 
912 386 457 
===========
123 457 689 
456 198 723 
789 632 514 

297 863 145 
564 921 378 
831 574 962 

378 215 496 
645 789 231 
912 346 857 
===========
123 457 689 
456 198 723 
789 632 514 

297 863 145 
564 921 378 
831 574 296 

378 246 951 
645 719 832 
912 385 467 
===========
123 457 689 
456 198 723 
789 632 514 

297 863 145 
564 921 378 
831 574 296 

378 245 961 
645 719 832 
912 386 457 
===========
123 457 689 
456 198 723 
789 632 514 

297 863 451 
564 921 378 
831 574 296 

378 216 945 
645 789 132 
912 345 867 
===========
123 457 689 
456 198 723 
789 632 514 

297 514 368 
564 873 192 
831 926 457 

378 261 945 
645 789 231 
912 345 876 
===========
123 457 689 
456 198 723 
789 632 514 

297 514 368 
564 873 291 
831 926 457 

378 269 145 
645 781 932 
912 345 876 
===========
123 457 689 
456 198 723 
789 632 514 

297 514 368 
564 873 291 
831 926 457 

378 261 945 
645 789 132 
912 345 876 
===========
123 457 689 
456 198 723 
789 632 514 

297 514 368 
564 823 197 
831 976 245 

378 269 451 
645 781 932 
912 345 876 
===========
123 457 689 
456 198 723 
789 632 514 

297 514 368 
564 823 197 
831 976 452 

378 261 945 
645 789 231 
912 345 876 
===========
123 457 689 
456 198 723 
789 632 514 

297 514 368 
564 873 192 
831 926 475 

378 241 956 
645 789 231 
912 365 847 
===========
123 457 689 
456 198 723 
789 632 514 

297 514 368 
564 873 291 
831 926 475 

378 249 156 
645 781 932 
912 365 847 
===========
123 457 689 
456 198 723 
789 632 514 

297 514 368 
564 873 291 
831 926 475 

378 241 956 
645 789 132 
912 365 847 
===========
123 457 689 
456 198 723 
789 632 514 

297 516 348 
564 823 197 
831 974 265 

378 269 451 
645 781 932 
912 345 876 
===========
123 457 689 
456 198 723 
789 632 514 

297 516 348 
564 823 971 
831 974 256 

378 261 495 
645 789 132 
912 345 867 
===========
123 457 689 
456 198 723 
789 632 514 

297 516 438 
564 823 971 
831 974 256 

378 269 145 
645 781 392 
912 345 867 
===========
123 457 689 
456 198 723 
789 632 514 

297 516 438 
564 823 971 
831 974 256 

378 249 165 
645 781 392 
912 365 847 
===========
123 457 689 
456 198 723 
789 632 514 

297 516 438 
564 823 971 
831 974 265 

378 249 156 
645 781 392 
912 365 847 
===========
123 457 689 
456 198 723 
789 632 514 

297 541 368 
564 873 192 
831 926 457 

378 215 946 
645 789 231 
912 364 875 
===========
123 457 689 
456 198 723 
789 632 514 

297 541 368 
564 873 192 
831 926 475 

378 215 946 
645 789 231 
912 364 857 
===========
123 457 689 
456 198 723 
789 632 514 

297 541 368 
564 873 192 
831 926 475 

378 214 956 
645 789 231 
912 365 847 
===========
123 457 689 
456 198 723 
789 632 514 

297 541 368 
564 873 291 
831 926 457 

378 215 946 
645 789 132 
912 364 875 
===========
123 457 689 
456 198 723 
789 632 514 

297 541 368 
564 873 291 
831 926 475 

378 215 946 
645 789 132 
912 364 857 
===========
123 457 689 
456 198 723 
789 632 514 

297 541 368 
564 873 291 
831 926 475 

378 214 956 
645 789 132 
912 365 847 
===========
123 457 689 
456 198 723 
789 632 514 

297 541 368 
564 823 197 
831 976 452 

378 215 946 
645 789 231 
912 364 875 
===========
123 457 689 
456 198 723 
789 632 514 

297 541 368 
564 823 971 
831 976 245 

378 215 496 
645 789 132 
912 364 857 
===========
123 457 689 
456 198 723 
789 632 514 

297 541 368 
564 823 197 
831 976 245 

378 264 951 
645 719 832 
912 385 476 
===========
123 457 689 
456 198 723 
789 632 514 

297 543 168 
564 871 392 
831 926 457 

378 215 946 
645 789 231 
912 364 875 
===========
123 457 689 
456 198 723 
789 632 514 

297 543 168 
564 871 392 
831 926 475 

378 215 946 
645 789 231 
912 364 857 
===========
123 457 689 
456 198 723 
789 632 514 

297 543 168 
564 871 392 
831 926 475 

378 214 956 
645 789 231 
912 365 847 
===========
123 457 689 
456 198 723 
789 632 514 

297 543 168 
564 821 397 
831 976 452 

378 215 946 
645 789 231 
912 364 875 
===========
123 457 689 
456 198 723 
789 632 514 

297 543 168 
564 821 397 
831 976 245 

378 264 951 
645 719 832 
912 385 476 
===========
123 457 689 
456 198 723 
789 632 514 

297 543 861 
564 821 397 
831 976 245 

378 214 956 
645 789 132 
912 365 478 
===========
123 457 689 
456 198 723 
789 632 514 

297 561 348 
564 823 971 
831 974 256 

378 216 495 
645 789 132 
912 345 867 
===========
123 457 689 
456 198 723 
789 632 514 

297 561 348 
564 823 971 
831 974 265 

378 215 496 
645 789 132 
912 346 857 
===========
123 457 689 
456 198 723 
789 632 514 

297 561 348 
564 823 197 
831 974 265 

378 246 951 
645 719 832 
912 385 476 
===========
123 457 689 
456 198 723 
789 632 514 

297 561 348 
564 823 197 
831 974 256 

378 245 961 
645 719 832 
912 386 475 
===========
123 457 689 
456 198 723 
789 632 514 

297 561 348 
564 823 971 
831 974 256 

378 246 195 
645 719 832 
912 385 467 
===========
123 457 689 
456 198 723 
789 632 514 

297 561 348 
564 823 971 
831 974 265 

378 245 196 
645 719 832 
912 386 457 
===========
123 457 689 
456 198 723 
789 632 514 

297 563 148 
564 821 397 
831 974 265 

378 246 951 
645 719 832 
912 385 476 
===========
123 457 689 
456 198 723 
789 632 514 

297 563 148 
564 821 397 
831 974 256 

378 245 961 
645 719 832 
912 386 475 
===========
123 457 689 
456 198 723 
789 632 514 

297 845 136 
564 913 278 
831 276 945 

378 529 461 
645 781 392 
912 364 857 
===========
123 457 689 
456 198 723 
789 632 514 

297 845 361 
564 913 278 
831 276 495 

378 529 146 
645 781 932 
912 364 857 
===========
123 457 689 
456 198 723 
789 632 514 

297 845 361 
564 913 278 
831 276 495 

378 521 946 
645 789 132 
912 364 857 
===========
123 457 689 
456 198 723 
789 632 514 

297 845 361 
564 913 278 
831 276 945 

378 521 496 
645 789 132 
912 364 857 
===========
123 457 689 
456 198 723 
789 632 514 

297 846 135 
564 913 278 
831 275 946 

378 529 461 
645 781 392 
912 364 857 
===========
123 457 689 
456 198 723 
789 632 514 

297 864 135 
564 913 278 
831 275 946 

378 529 461 
645 781 392 
912 346 857 
===========
123 457 689 
456 198 723 
789 632 514 

297 864 135 
564 913 872 
831 275 946 

378 549 261 
645 721 398 
912 386 457 
===========
123 457 689 
456 198 723 
789 632 514 

297 865 341 
564 913 278 
831 274 965 

378 521 496 
645 789 132 
912 346 857 
===========
123 457 689 
456 198 723 
789 632 514 

297 865 341 
564 913 872 
831 274 965 

378 541 296 
645 729 138 
912 386 457 
===========
123 457 689 
456 198 723 
789 632 514 

297 865 431 
564 913 278 
831 274 965 

378 529 146 
645 781 392 
912 346 857 
===========
123 457 689 
456 198 723 
789 632 514 

297 814 356 
564 273 198 
831 965 247 

378 529 461 
645 781 932 
912 346 875 
===========
123 457 689 
456 198 723 
789 632 514 

297 814 356 
564 273 198 
831 965 247 

378 541 962 
645 729 831 
912 386 475 
===========
123 457 689 
456 198 723 
789 632 514 

297 814 356 
564 273 891 
831 965 247 

378 549 162 
645 721 938 
912 386 475 
===========
123 457 689 
456 198 723 
789 632 514 

297 814 356 
564 273 891 
831 965 247 

378 541 962 
645 729 138 
912 386 475 
===========
123 457 689 
456 198 723 
789 632 514 

297 814 365 
564 273 198 
831 965 472 

378 521 946 
645 789 231 
912 346 857 
===========
123 457 689 
456 198 723 
789 632 514 

297 815 346 
564 273 198 
831 964 257 

378 529 461 
645 781 932 
912 346 875 
===========
