123 457 689 
456 198 732 
789 632 514 

297 815 346 
564 923 178 
831 764 925 

378 549 261 
645 271 893 
912 386 457 
===========
123 457 689 
456 198 732 
789 632 514 

297 815 463 
564 923 178 
831 746 925 

378 569 241 
645 281 397 
912 374 856 
===========
123 457 689 
456 198 732 
789 632 514 

297 816 453 
564 923 178 
831 745 926 

378 569 241 
645 281 397 
912 374 865 
===========
123 457 689 
456 198 732 
789 632 514 

297 845 163 
564 913 278 
831 726 945 

378 569 421 
645 281 397 
912 374 856 
===========
123 457 689 
456 198 732 
789 632 514 

297 846 153 
564 913 278 
831 725 946 

378 569 421 
645 281 397 
912 374 865 
===========
123 457 689 
456 198 732 
789 632 514 

297 864 153 
564 913 827 
831 725 946 

378 549 261 
645 271 398 
912 386 475 
===========
123 457 689 
456 198 732 
789 632 514 

297 865 143 
564 913 827 
831 724 965 

378 541 296 
645 289 371 
912 376 458 
===========
123 457 689 
456 198 732 
789 632 514 

297 865 143 
564 913 827 
831 724 956 

378 549 261 
645 271 398 
912 386 475 
===========
123 457 689 
456 198 732 
789 632 514 

297 865 341 
564 913 827 
831 724 965 

378 541 296 
645 289 173 
912 376 458 
===========
123 457 689 
456 198 732 
789 632 514 

297 865 341 
564 913 278 
831 724 965 

378 549 126 
645 271 893 
912 386 457 
===========
123 457 689 
456 198 732 
789 632 514 

297 814 356 
564 723 198 
831 965 427 

378 549 261 
645 281 973 
912 376 845 
===========
123 457 689 
456 198 732 
789 632 514 

297 814 365 
564 723 891 
831 965 247 

378 549 126 
645 281 973 
912 376 458 
===========
123 457 689 
456 198 732 
789 632 514 

297 814 365 
564 723 891 
831 965 247 

378 541 926 
645 289 173 
912 376 458 
===========
123 457 689 
456 198 732 
789 632 514 

297 815 346 
564 723 198 
831 946 257 

378 569 421 
645 281 973 
912 374 865 
===========
123 457 689 
456 198 732 
789 632 514 

297 815 463 
564 723 198 
831 964 257 

378 541 926 
645 289 371 
912 376 845 
===========
123 457 689 
456 198 732 
789 632 514 

297 816 345 
564 723 198 
831 945 267 

378 569 421 
645 281 973 
912 374 856 
===========
123 457 689 
456 198 732 
789 632 514 

297 841 365 
564 723 891 
831 965 247 

378 514 926 
645 289 173 
912 376 458 
===========
123 457 689 
456 198 732 
789 632 514 

297 843 165 
564 721 893 
831 965 247 

378 514 926 
645 289 371 
912 376 458 
===========
123 457 689 
456 198 732 
789 632 514 

297 845 163 
564 713 928 
831 926 475 

378 569 241 
645 281 397 
912 374 856 
===========
123 457 689 
456 198 732 
789 632 514 

297 846 153 
564 713 928 
831 925 476 

378 569 241 
645 281 397 
912 374 865 
===========
123 457 689 
456 198 732 
789 632 514 

297 861 345 
564 723 891 
831 945 267 

378 514 926 
645 289 173 
912 376 458 
===========
123 457 689 
456 198 732 
789 632 514 

297 861 453 
564 723 198 
831 945 267 

378 514 926 
645 289 371 
912 376 845 
===========
123 457 689 
456 198 732 
789 632 514 

297 863 145 
564 721 893 
831 945 267 

378 514 926 
645 289 371 
912 376 458 
===========
123 457 689 
456 198 732 
789 632 514 

297 863 451 
564 721 398 
831 945 267 

378 514 926 
645 289 173 
912 376 845 
===========
123 457 689 
456 198 732 
789 632 514 

297 864 153 
564 713 298 
831 925 467 

378 541 926 
645 289 371 
912 376 845 
===========
123 457 689 
456 198 732 
789 632 514 

297 864 153 
564 713 928 
831 925 476 

378 549 261 
645 281 397 
912 376 845 
===========
123 457 689 
456 198 732 
789 632 514 

297 864 153 
564 713 928 
831 925 467 

378 541 296 
645 289 371 
912 376 845 
===========
123 457 689 
456 198 732 
789 632 514 

297 864 351 
564 713 298 
831 925 467 

378 549 126 
645 281 973 
912 376 845 
===========
123 457 689 
456 198 732 
789 632 514 

297 864 351 
564 713 298 
831 925 467 

378 541 926 
645 289 173 
912 376 845 
===========
123 457 689 
456 198 732 
789 632 514 

297 864 351 
564 713 928 
831 925 467 

378 541 296 
645 289 173 
912 376 845 
===========
123 457 689 
456 198 732 
789 632 514 

297 814 356 
564 723 198 
831 569 427 

378 945 261 
645 281 973 
912 376 845 
===========
123 457 689 
456 198 732 
789 632 514 

297 814 356 
564 723 891 
831 569 247 

378 946 125 
645 281 973 
912 375 468 
===========
123 457 689 
456 198 732 
789 632 514 

297 814 365 
564 723 198 
831 569 427 

378 946 251 
645 281 973 
912 375 846 
===========
123 457 689 
456 198 732 
789 632 514 

297 814 365 
564 723 891 
831 569 247 

378 945 126 
645 281 973 
912 376 458 
===========
123 457 689 
456 198 732 
789 632 514 

297 816 345 
564 723 198 
831 549 267 

378 965 421 
645 281 973 
912 374 856 
===========
123 457 689 
456 198 732 
789 632 514 

297 843 156 
564 719 328 
831 526 497 

378 965 241 
645 281 973 
912 374 865 
===========
123 457 689 
456 198 732 
789 632 514 

297 843 165 
564 719 328 
831 526 497 

378 965 241 
645 281 973 
912 374 856 
===========
123 457 689 
456 198 732 
789 632 514 

297 843 165 
564 719 328 
831 526 497 

378 964 251 
645 281 973 
912 375 846 
===========
123 457 689 
456 198 732 
789 632 514 

297 843 165 
564 719 328 
831 526 947 

378 964 251 
645 271 893 
912 385 476 
===========
123 457 689 
456 198 732 
789 632 514 

297 843 165 
564 719 823 
831 526 947 

378 964 251 
645 271 398 
912 385 476 
===========
123 457 689 
456 198 732 
789 632 514 

297 846 153 
564 713 928 
831 529 476 

378 965 241 
645 281 397 
912 374 865 
===========
123 457 689 
456 198 732 
789 632 514 

297 846 351 
564 713 298 
831 529 467 

378 964 125 
645 281 973 
912 375 846 
===========
123 457 689 
456 198 732 
789 632 514 

297 863 145 
564 719 823 
831 524 976 

378 946 251 
645 281 397 
912 375 468 
===========
123 457 689 
456 198 732 
789 632 514 

297 863 145 
564 719 823 
831 524 976 

378 945 261 
645 281 397 
912 376 458 
===========
123 457 689 
456 198 732 
789 632 514 

297 863 145 
564 719 328 
831 524 967 

378 946 251 
645 271 893 
912 385 476 
===========
123 457 689 
456 198 732 
789 632 514 

297 863 145 
564 719 328 
831 524 976 

378 946 251 
645 271 893 
912 385 467 
===========
123 457 689 
456 198 732 
789 632 514 

297 863 145 
564 719 328 
831 524 976 

378 945 261 
645 271 893 
912 386 457 
===========
123 457 689 
456 198 732 
789 632 514 

297 863 145 
564 719 823 
831 524 967 

378 946 251 
645 271 398 
912 385 476 
===========
123 457 689 
456 198 732 
789 632 514 

297 863 145 
564 719 823 
831 524 976 

378 946 251 
645 271 398 
912 385 467 
===========
123 457 689 
456 198 732 
789 632 514 

297 863 145 
564 719 823 
831 524 976 

378 945 261 
645 271 398 
912 386 457 
===========
123 457 689 
456 198 732 
789 632 514 

297 864 153 
564 713 928 
831 529 476 

378 945 261 
645 281 397 
912 376 845 
===========
123 457 689 
456 198 732 
789 632 514 

297 864 351 
564 713 298 
831 529 467 

378 946 125 
645 281 973 
912 375 846 
===========
123 457 689 
456 198 732 
789 632 514 

297 864 351 
564 713 298 
831 529 467 

378 945 126 
645 281 973 
912 376 845 
===========
123 457 689 
456 198 732 
789 632 514 

297 513 468 
564 829 173 
831 764 925 

378 946 251 
645 281 397 
912 375 846 
===========
123 457 689 
456 198 732 
789 632 514 

297 513 468 
564 829 173 
831 746 925 

378 965 241 
645 281 397 
912 374 856 
===========
123 457 689 
456 198 732 
789 632 514 

297 513 468 
564 829 173 
831 746 925 

378 964 251 
645 281 397 
912 375 846 
===========
123 457 689 
456 198 732 
789 632 514 

297 513 846 
564 829 173 
831 764 925 

378 946 251 
645 281 397 
912 375 468 
===========
123 457 689 
456 198 732 
789 632 514 

297 513 846 
564 829 173 
831 764 925 

378 945 261 
645 281 397 
912 376 458 
===========
123 457 689 
456 198 732 
789 632 514 

297 513 846 
564 829 173 
831 746 925 

378 964 251 
645 281 397 
912 375 468 
===========
123 457 689 
456 198 732 
789 632 514 

297 513 846 
564 829 173 
831 764 925 

378 946 251 
645 271 398 
912 385 467 
===========
123 457 689 
456 198 732 
789 632 514 

297 513 846 
564 829 173 
831 764 925 

378 945 261 
645 271 398 
912 386 457 
===========
123 457 689 
456 198 732 
789 632 514 

297 513 846 
564 829 173 
831 746 925 

378 964 251 
645 271 398 
912 385 467 
===========
123 457 689 
456 198 732 
789 632 514 

297 514 368 
564 823 197 
831 769 425 

378 946 251 
645 281 973 
912 375 846 
===========
123 457 689 
456 198 732 
789 632 514 

297 514 368 
564 823 971 
831 769 245 

378 945 126 
645 271 893 
912 386 457 
===========
123 457 689 
456 198 732 
789 632 514 

297 514 863 
564 823 971 
831 769 245 

378 945 126 
645 281 397 
912 376 458 
===========
123 457 689 
456 198 732 
789 632 514 

297 514 863 
564 823 971 
831 769 245 

378 945 126 
645 271 398 
912 386 457 
===========
123 457 689 
456 198 732 
789 632 514 

297 516 348 
564 823 197 
831 749 256 

378 965 421 
645 281 973 
912 374 865 
===========
123 457 689 
456 198 732 
789 632 514 

297 516 348 
564 823 197 
831 749 265 

378 965 421 
645 281 973 
912 374 856 
===========
123 457 689 
456 198 732 
789 632 514 

297 516 348 
564 823 971 
831 749 256 

378 964 125 
645 271 893 
912 385 467 
===========
123 457 689 
456 198 732 
789 632 514 

297 516 843 
564 823 971 
831 749 256 

378 964 125 
645 281 397 
912 375 468 
===========
123 457 689 
456 198 732 
789 632 514 

297 516 843 
564 823 971 
831 749 256 

378 964 125 
645 271 398 
912 385 467 
===========
123 457 689 
456 198 732 
789 632 514 

297 543 168 
564 819 273 
831 726 945 

378 965 421 
645 281 397 
912 374 856 
===========
123 457 689 
456 198 732 
789 632 514 

297 543 168 
564 819 327 
831 726 495 

378 965 241 
645 281 973 
912 374 856 
===========
123 457 689 
456 198 732 
789 632 514 

297 543 168 
564 819 327 
831 726 495 

378 964 251 
645 281 973 
912 375 846 
===========
123 457 689 
456 198 732 
789 632 514 

297 543 168 
564 819 327 
831 726 945 

378 964 251 
645 271 893 
912 385 476 
===========
123 457 689 
456 198 732 
789 632 514 

297 563 148 
564 819 327 
831 724 965 

378 946 251 
645 271 893 
912 385 476 
===========
123 457 689 
456 198 732 
789 632 514 

297 563 148 
564 819 327 
831 724 956 

378 945 261 
645 271 893 
912 386 475 
===========
123 457 689 
456 198 732 
789 632 514 

297 563 841 
564 819 273 
831 724 956 

378 946 125 
645 281 397 
912 375 468 
===========
123 457 689 
456 198 732 
789 632 514 

297 563 841 
564 819 273 
831 724 965 

378 945 126 
645 281 397 
912 376 458 
===========
123 457 689 
456 198 732 
789 632 514 

297 563 841 
564 819 273 
831 724 956 

378 946 125 
645 271 398 
912 385 467 
===========
123 457 689 
456 198 732 
789 632 514 

297 563 841 
564 819 273 
831 724 965 

378 945 126 
645 271 398 
912 386 457 
===========
123 457 689 
456 198 732 
789 632 514 

297 814 356 
564 973 821 
831 526 947 

378 249 165 
645 781 293 
912 365 478 
===========
123 457 689 
456 198 732 
789 632 514 

297 814 365 
564 973 128 
831 526 947 

378 269 451 
645 781 293 
912 345 876 
===========
123 457 689 
456 198 732 
789 632 514 

297 814 365 
564 973 821 
831 526 947 

378 249 156 
645 781 293 
912 365 478 
===========
123 457 689 
456 198 732 
789 632 514 

297 816 345 
564 973 128 
831 524 967 

378 269 451 
645 781 293 
912 345 876 
===========
123 457 689 
456 198 732 
789 632 514 

297 816 345 
564 973 128 
831 524 976 

378 269 451 
645 781 293 
912 345 867 
===========
123 457 689 
456 198 732 
789 632 514 

297 816 345 
564 923 178 
831 574 296 

378 269 451 
645 781 923 
912 345 867 
===========
123 457 689 
456 198 732 
789 632 514 

297 816 345 
564 923 178 
831 574 926 

378 269 451 
645 781 293 
912 345 867 
===========
123 457 689 
456 198 732 
789 632 514 

297 816 345 
564 973 821 
831 524 967 

378 249 156 
645 781 293 
912 365 478 
===========
123 457 689 
456 198 732 
789 632 514 

297 816 453 
564 923 178 
831 574 296 

378 261 945 
645 789 321 
912 345 867 
===========
123 457 689 
456 198 732 
789 632 514 

297 816 453 
564 923 178 
831 574 296 

378 241 965 
645 789 321 
912 365 847 
===========
123 457 689 
456 198 732 
789 632 514 

297 861 345 
564 923 178 
831 574 296 

378 246 951 
645 719 823 
912 385 467 
===========
123 457 689 
456 198 732 
789 632 514 

297 861 345 
564 923 178 
831 574 296 

378 245 961 
645 719 823 
912 386 457 
===========
123 457 689 
456 198 732 
789 632 514 

297 861 453 
564 923 178 
831 574 296 

378 216 945 
645 789 321 
912 345 867 
===========
123 457 689 
456 198 732 
789 632 514 

297 863 145 
564 921 378 
831 574 296 

378 246 951 
645 719 823 
912 385 467 
===========
123 457 689 
456 198 732 
789 632 514 

297 863 145 
564 921 378 
831 574 296 

378 245 961 
645 719 823 
912 386 457 
===========
123 457 689 
456 198 732 
789 632 514 

297 863 145 
564 921 873 
831 574 296 

378 246 951 
645 719 328 
912 385 467 
===========
123 457 689 
456 198 732 
789 632 514 

297 863 145 
564 921 873 
831 574 296 

378 245 961 
645 719 328 
912 386 457 
===========
123 457 689 
456 198 732 
789 632 514 

297 863 451 
564 921 378 
831 574 296 

378 216 945 
645 789 123 
912 345 867 
===========
123 457 689 
456 198 732 
789 632 514 

297 514 368 
564 873 291 
831 926 457 

378 269 145 
645 781 923 
912 345 876 
===========
123 457 689 
456 198 732 
789 632 514 

297 514 368 
564 873 291 
831 926 457 

378 261 945 
645 789 123 
912 345 876 
===========
123 457 689 
456 198 732 
789 632 514 

297 514 368 
564 873 921 
831 926 457 

378 269 145 
645 781 293 
912 345 876 
===========
123 457 689 
456 198 732 
789 632 514 

297 514 368 
564 823 197 
831 976 245 

378 269 451 
645 781 923 
912 345 876 
===========
123 457 689 
456 198 732 
789 632 514 

297 514 368 
564 873 291 
831 926 475 

378 249 156 
645 781 923 
912 365 847 
===========
123 457 689 
456 198 732 
789 632 514 

297 514 368 
564 873 291 
831 926 475 

378 241 956 
645 789 123 
912 365 847 
===========
123 457 689 
456 198 732 
789 632 514 

297 514 368 
564 873 921 
831 926 475 

378 249 156 
645 781 293 
912 365 847 
===========
123 457 689 
456 198 732 
789 632 514 

297 514 368 
564 823 971 
831 976 425 

378 249 156 
645 781 293 
912 365 847 
===========
123 457 689 
456 198 732 
789 632 514 

297 514 863 
564 823 197 
831 976 245 

378 241 956 
645 789 321 
912 365 478 
===========
123 457 689 
456 198 732 
789 632 514 

297 516 348 
564 823 197 
831 974 265 

378 269 451 
645 781 923 
912 345 876 
===========
123 457 689 
456 198 732 
789 632 514 

297 516 348 
564 823 971 
831 974 256 

378 261 495 
645 789 123 
912 345 867 
===========
123 457 689 
456 198 732 
789 632 514 

297 516 843 
564 823 197 
831 974 256 

378 241 965 
645 789 321 
912 365 478 
===========
123 457 689 
456 198 732 
789 632 514 

297 516 843 
564 823 197 
831 974 265 

378 241 956 
645 789 321 
912 365 478 
===========
123 457 689 
456 198 732 
789 632 514 

297 541 368 
564 873 291 
831 926 457 

378 215 946 
645 789 123 
912 364 875 
===========
123 457 689 
456 198 732 
789 632 514 

297 541 368 
564 873 291 
831 926 475 

378 215 946 
645 789 123 
912 364 857 
===========
123 457 689 
456 198 732 
789 632 514 

297 541 368 
564 873 291 
831 926 475 

378 214 956 
645 789 123 
912 365 847 
===========
123 457 689 
456 198 732 
789 632 514 

297 541 368 
564 823 971 
831 976 245 

378 215 496 
645 789 123 
912 364 857 
===========
123 457 689 
456 198 732 
789 632 514 

297 541 368 
564 823 197 
831 976 245 

378 264 951 
645 719 823 
912 385 476 
===========
123 457 689 
456 198 732 
789 632 514 

297 541 863 
564 823 197 
831 976 245 

378 214 956 
645 789 321 
912 365 478 
===========
123 457 689 
456 198 732 
789 632 514 

297 541 863 
564 823 197 
831 976 245 

378 264 951 
645 719 328 
912 385 476 
===========
123 457 689 
456 198 732 
789 632 514 

297 543 168 
564 871 293 
831 926 457 

378 215 946 
645 789 321 
912 364 875 
===========
123 457 689 
456 198 732 
789 632 514 

297 543 168 
564 871 293 
831 926 475 

378 215 946 
645 789 321 
912 364 857 
===========
123 457 689 
456 198 732 
789 632 514 

297 543 168 
564 871 293 
831 926 475 

378 214 956 
645 789 321 
912 365 847 
===========
123 457 689 
456 198 732 
789 632 514 

297 543 168 
564 821 973 
831 976 245 

378 215 496 
645 789 321 
912 364 857 
===========
123 457 689 
456 198 732 
789 632 514 

297 543 168 
564 821 397 
831 976 245 

378 264 951 
645 719 823 
912 385 476 
===========
123 457 689 
456 198 732 
789 632 514 

297 543 861 
564 821 397 
831 976 245 

378 214 956 
645 789 123 
912 365 478 
===========
123 457 689 
456 198 732 
789 632 514 

297 561 348 
564 823 971 
831 974 256 

378 216 495 
645 789 123 
912 345 867 
===========
123 457 689 
456 198 732 
789 632 514 

297 561 348 
564 823 971 
831 974 265 

378 215 496 
645 789 123 
912 346 857 
===========
123 457 689 
456 198 732 
789 632 514 

297 561 348 
564 823 197 
831 974 265 

378 246 951 
645 719 823 
912 385 476 
===========
123 457 689 
456 198 732 
789 632 514 

297 561 348 
564 823 197 
831 974 256 

378 245 961 
645 719 823 
912 386 475 
===========
123 457 689 
456 198 732 
789 632 514 

297 561 348 
564 823 971 
831 974 256 

378 246 195 
645 719 823 
912 385 467 
===========
123 457 689 
456 198 732 
789 632 514 

297 561 348 
564 823 971 
831 974 265 

378 245 196 
645 719 823 
912 386 457 
===========
123 457 689 
456 198 732 
789 632 514 

297 561 843 
564 823 197 
831 974 265 

378 246 951 
645 719 328 
912 385 476 
===========
123 457 689 
456 198 732 
789 632 514 

297 561 843 
564 823 197 
831 974 256 

378 245 961 
645 719 328 
912 386 475 
===========
123 457 689 
456 198 732 
789 632 514 

297 561 843 
564 823 971 
831 974 256 

378 246 195 
645 719 328 
912 385 467 
===========
123 457 689 
456 198 732 
789 632 514 

297 561 843 
564 823 971 
831 974 265 

378 245 196 
645 719 328 
912 386 457 
===========
123 457 689 
456 198 732 
789 632 514 

297 563 148 
564 821 973 
831 974 256 

378 216 495 
645 789 321 
912 345 867 
===========
123 457 689 
456 198 732 
789 632 514 

297 563 148 
564 821 973 
831 974 265 

378 215 496 
645 789 321 
912 346 857 
===========
123 457 689 
456 198 732 
789 632 514 

297 563 148 
564 821 397 
831 974 265 

378 246 951 
645 719 823 
912 385 476 
===========
123 457 689 
456 198 732 
789 632 514 

297 563 148 
564 821 397 
831 974 256 

378 245 961 
645 719 823 
912 386 475 
===========
123 457 689 
456 198 732 
789 632 514 

297 563 841 
564 821 973 
831 974 256 

378 246 195 
645 719 328 
912 385 467 
===========
123 457 689 
456 198 732 
789 632 514 

297 563 841 
564 821 973 
831 974 265 

378 245 196 
645 719 328 
912 386 457 
===========
123 457 689 
456 198 732 
789 632 514 

297 814 356 
564 973 128 
831 265 947 

378 529 461 
645 781 293 
912 346 875 
===========
123 457 689 
456 198 732 
789 632 514 

297 814 356 
564 973 128 
831 265 947 

378 549 261 
645 721 893 
912 386 475 
===========
123 457 689 
456 198 732 
789 632 514 

297 815 346 
564 973 128 
831 264 957 

378 529 461 
645 781 293 
912 346 875 
===========
123 457 689 
456 198 732 
789 632 514 

297 815 346 
564 973 128 
831 264 975 

378 529 461 
645 781 293 
912 346 857 
===========
123 457 689 
456 198 732 
789 632 514 

297 815 346 
564 973 128 
831 246 957 

378 529 461 
645 781 293 
912 364 875 
===========
123 457 689 
456 198 732 
789 632 514 

297 815 346 
564 973 128 
831 246 975 

378 529 461 
645 781 293 
912 364 857 
===========
123 457 689 
456 198 732 
789 632 514 

297 815 346 
564 973 128 
831 264 957 

378 549 261 
645 721 893 
912 386 475 
===========
123 457 689 
456 198 732 
789 632 514 

297 815 346 
564 973 128 
831 264 975 

378 549 261 
645 721 893 
912 386 457 
===========
123 457 689 
456 198 732 
789 632 514 

297 816 345 
564 973 128 
831 245 976 

378 529 461 
645 781 293 
912 364 857 
===========
123 457 689 
456 198 732 
789 632 514 

297 845 163 
564 913 278 
831 276 495 

378 521 946 
645 789 321 
912 364 857 
===========
123 457 689 
456 198 732 
789 632 514 

297 845 163 
564 913 278 
831 276 945 

378 521 496 
645 789 321 
912 364 857 
===========
123 457 689 
456 198 732 
789 632 514 

297 845 361 
564 913 278 
831 276 495 

378 529 146 
645 781 923 
912 364 857 
===========
123 457 689 
456 198 732 
789 632 514 

297 845 361 
564 913 278 
831 276 495 

378 521 946 
645 789 123 
912 364 857 
===========
123 457 689 
456 198 732 
789 632 514 

297 845 361 
564 913 278 
831 276 945 

378 521 496 
645 789 123 
912 364 857 
===========
123 457 689 
456 198 732 
789 632 514 

297 864 153 
564 913 827 
831 275 946 

378 549 261 
645 721 398 
912 386 475 
===========
123 457 689 
456 198 732 
789 632 514 

297 865 143 
564 913 278 
831 274 965 

378 521 496 
645 789 321 
912 346 857 
===========
123 457 689 
456 198 732 
789 632 514 

297 865 143 
564 913 827 
831 274 956 

378 549 261 
645 721 398 
912 386 475 
===========
123 457 689 
456 198 732 
789 632 514 

297 865 341 
564 913 278 
831 274 965 

378 521 496 
645 789 123 
912 346 857 
===========
123 457 689 
456 198 732 
789 632 514 

297 865 341 
564 913 278 
831 274 965 

378 549 126 
645 721 893 
912 386 457 
===========
123 457 689 
456 198 732 
789 632 514 

297 814 356 
564 273 198 
831 965 247 

378 529 461 
645 781 923 
912 346 875 
===========
123 457 689 
456 198 732 
789 632 514 

297 815 346 
564 273 198 
831 964 257 

378 529 461 
645 781 923 
912 346 875 
===========
123 457 689 
456 198 732 
789 632 514 

297 815 346 
564 273 198 
831 964 275 

378 529 461 
645 781 923 
912 346 857 
===========
123 457 689 
456 198 732 
789 632 514 

297 815 346 
564 273 198 
831 946 257 

378 529 461 
645 781 923 
912 364 875 
===========
123 457 689 
456 198 732 
789 632 514 

297 815 346 
564 273 198 
831 946 275 

378 529 461 
645 781 923 
912 364 857 
===========
123 457 689 
456 198 732 
789 632 514 

297 815 463 
564 273 198 
831 964 257 

378 521 946 
645 789 321 
912 346 875 
===========
123 457 689 
456 198 732 
789 632 514 

297 815 463 
564 273 198 
831 964 275 

378 521 946 
645 789 321 
912 346 857 
===========
123 457 689 
456 198 732 
789 632 514 

297 815 463 
564 273 198 
831 946 257 

378 521 946 
645 789 321 
912 364 875 
===========
123 457 689 
456 198 732 
789 632 514 

297 815 463 
564 273 198 
831 946 275 

378 521 946 
645 789 321 
912 364 857 
===========
123 457 689 
456 198 732 
789 632 514 

297 816 345 
564 273 198 
831 945 276 

378 529 461 
645 781 923 
912 364 857 
===========
123 457 689 
456 198 732 
789 632 514 

297 816 453 
564 273 198 
831 945 267 

378 521 946 
645 789 321 
912 364 875 
===========
123 457 689 
456 198 732 
789 632 514 

297 841 356 
564 273 198 
831 965 247 

378 524 961 
645 719 823 
912 386 475 
===========
123 457 689 
456 198 732 
789 632 514 

297 843 156 
564 271 398 
831 965 247 

378 524 961 
645 719 823 
912 386 475 
===========
123 457 689 
456 198 732 
789 632 514 

297 843 156 
564 271 893 
831 965 247 

378 524 961 
645 719 328 
912 386 475 
===========
123 457 689 
456 198 732 
789 632 514 

297 845 163 
564 213 978 
831 976 245 

378 521 496 
645 789 321 
912 364 857 
===========
123 457 689 
456 198 732 
789 632 514 

297 845 361 
564 213 978 
831 976 425 

378 529 146 
645 781 293 
912 364 857 
===========
123 457 689 
456 198 732 
789 632 514 

297 845 361 
564 213 978 
831 976 245 

378 521 496 
645 789 123 
912 364 857 
===========
123 457 689 
456 198 732 
789 632 514 

297 861 345 
564 273 198 
831 945 276 

378 524 961 
645 719 823 
912 386 457 
===========
123 457 689 
456 198 732 
789 632 514 

297 863 145 
564 271 398 
831 945 276 

378 524 961 
645 719 823 
912 386 457 
===========
123 457 689 
456 198 732 
789 632 514 

297 863 145 
564 271 893 
831 945 276 

378 524 961 
645 719 328 
912 386 457 
===========
123 457 689 
456 198 732 
789 632 514 

297 865 143 
564 213 978 
831 974 265 

378 521 496 
645 789 321 
912 346 857 
===========
123 457 689 
456 198 732 
789 632 514 

297 865 341 
564 213 978 
831 974 265 

378 521 496 
645 789 123 
912 346 857 
===========
123 457 689 
456 198 732 
789 632 514 

297 865 341 
564 213 978 
831 974 265 

378 549 126 
645 721 893 
912 386 457 
===========
123 457 689 
456 198 732 
789 632 514 

297 513 468 
564 879 321 
831 264 957 

378 926 145 
645 781 293 
912 345 876 
===========
123 457 689 
456 198 732 
789 632 514 

297 513 468 
564 879 321 
831 264 957 

378 925 146 
645 781 293 
912 346 875 
===========
123 457 689 
456 198 732 
789 632 514 

297 513 468 
564 879 321 
831 264 975 

378 925 146 
645 781 293 
912 346 857 
===========
123 457 689 
456 198 732 
789 632 514 

297 513 468 
564 879 321 
831 246 957 

378 925 146 
645 781 293 
912 364 875 
===========
123 457 689 
456 198 732 
789 632 514 

297 513 468 
564 879 321 
831 246 975 

378 925 146 
645 781 293 
912 364 857 
===========
123 457 689 
456 198 732 
789 632 514 

297 513 468 
564 879 321 
831 246 975 

378 924 156 
645 781 293 
912 365 847 
===========
123 457 689 
456 198 732 
789 632 514 

297 513 846 
564 879 321 
831 246 957 

378 924 165 
645 781 293 
912 365 478 
===========
123 457 689 
456 198 732 
789 632 514 

297 513 846 
564 879 123 
831 264 975 

378 946 251 
645 721 398 
912 385 467 
===========
123 457 689 
456 198 732 
789 632 514 

297 513 846 
564 879 123 
831 264 957 

378 945 261 
645 721 398 
912 386 475 
===========
123 457 689 
456 198 732 
789 632 514 

297 513 846 
564 879 123 
831 264 975 

378 945 261 
645 721 398 
912 386 457 
===========
123 457 689 
456 198 732 
789 632 514 

297 513 846 
564 879 123 
831 246 975 

378 964 251 
645 721 398 
912 385 467 
===========
123 457 689 
456 198 732 
789 632 514 

297 514 368 
564 873 291 
831 269 457 

378 926 145 
645 781 923 
912 345 876 
===========
123 457 689 
456 198 732 
789 632 514 

297 514 368 
564 873 291 
831 269 457 

378 925 146 
645 781 923 
912 346 875 
===========
123 457 689 
456 198 732 
789 632 514 

297 514 368 
564 873 291 
831 269 475 

378 925 146 
645 781 923 
912 346 857 
===========
123 457 689 
456 198 732 
789 632 514 

297 514 368 
564 873 921 
831 269 457 

378 926 145 
645 781 293 
912 345 876 
===========
123 457 689 
456 198 732 
789 632 514 

297 514 368 
564 873 921 
831 269 457 

378 925 146 
645 781 293 
912 346 875 
===========
123 457 689 
456 198 732 
789 632 514 

297 514 368 
564 873 921 
831 269 475 

378 925 146 
645 781 293 
912 346 857 
===========
123 457 689 
456 198 732 
789 632 514 

297 543 168 
564 819 327 
831 276 945 

378 964 251 
645 721 893 
912 385 476 
===========
