123 456 789 
456 789 123 
789 132 564 

297 813 456 
564 927 318 
831 645 297 

378 591 642 
645 278 931 
912 364 875 
===========
123 456 789 
456 789 123 
789 132 564 

297 813 456 
564 927 318 
831 645 972 

378 564 291 
645 291 837 
912 378 645 
===========
123 456 789 
456 789 123 
789 132 564 

297 813 456 
564 927 831 
831 645 297 

378 564 912 
645 291 378 
912 378 645 
===========
123 456 789 
456 789 123 
789 132 564 

297 813 645 
564 927 831 
831 645 972 

378 594 216 
645 271 398 
912 368 457 
===========
123 456 789 
456 789 123 
789 132 564 

297 813 645 
564 927 318 
831 645 972 

378 564 291 
645 291 837 
912 378 456 
===========
123 456 789 
456 789 123 
789 132 564 

297 813 645 
564 927 831 
831 645 297 

378 564 912 
645 291 378 
912 378 456 
===========
123 456 789 
456 789 123 
789 132 564 

297 814 356 
564 973 218 
831 625 497 

378 561 942 
645 297 831 
912 348 675 
===========
123 456 789 
456 789 123 
789 132 564 

297 814 356 
564 973 218 
831 625 947 

378 561 492 
645 297 831 
912 348 675 
===========
123 456 789 
456 789 123 
789 132 564 

297 814 356 
564 973 218 
831 625 947 

378 541 692 
645 297 831 
912 368 475 
===========
123 456 789 
456 789 123 
789 132 564 

297 814 635 
564 973 218 
831 625 497 

378 561 942 
645 298 371 
912 347 856 
===========
123 456 789 
456 789 123 
789 132 564 

297 814 635 
564 973 218 
831 625 947 

378 561 492 
645 298 371 
912 347 856 
===========
123 456 789 
456 789 123 
789 132 564 

297 814 635 
564 973 812 
831 625 947 

378 541 296 
645 298 371 
912 367 458 
===========
123 456 789 
456 789 123 
789 132 564 

297 814 635 
564 923 817 
831 675 942 

378 541 296 
645 298 371 
912 367 458 
===========
123 456 789 
456 789 123 
789 132 564 

297 814 635 
564 923 871 
831 675 942 

378 541 296 
645 298 317 
912 367 458 
===========
123 456 789 
456 789 123 
789 132 564 

297 814 635 
564 923 871 
831 675 942 

378 541 296 
645 297 318 
912 368 457 
===========
123 456 789 
456 789 123 
789 132 564 

297 815 346 
564 973 218 
831 624 957 

378 561 492 
645 297 831 
912 348 675 
===========
123 456 789 
456 789 123 
789 132 564 

297 815 346 
564 973 218 
831 624 975 

378 561 492 
645 297 831 
912 348 657 
===========
123 456 789 
456 789 123 
789 132 564 

297 815 346 
564 923 871 
831 647 295 

378 594 612 
645 271 938 
912 368 457 
===========
123 456 789 
456 789 123 
789 132 564 

297 815 346 
564 973 218 
831 624 957 

378 541 692 
645 297 831 
912 368 475 
===========
123 456 789 
456 789 123 
789 132 564 

297 815 346 
564 973 218 
831 624 975 

378 541 692 
645 297 831 
912 368 457 
===========
123 456 789 
456 789 123 
789 132 564 

297 815 436 
564 923 817 
831 674 295 

378 561 942 
645 298 371 
912 347 658 
===========
123 456 789 
456 789 123 
789 132 564 

297 815 436 
564 923 871 
831 674 295 

378 561 942 
645 298 317 
912 347 658 
===========
123 456 789 
456 789 123 
789 132 564 

297 815 436 
564 923 871 
831 674 295 

378 561 942 
645 297 318 
912 348 657 
===========
123 456 789 
456 789 123 
789 132 564 

297 815 436 
564 973 218 
831 624 957 

378 541 692 
645 298 371 
912 367 845 
===========
123 456 789 
456 789 123 
789 132 564 

297 815 436 
564 923 817 
831 647 295 

378 561 942 
645 298 371 
912 374 658 
===========
123 456 789 
456 789 123 
789 132 564 

297 815 436 
564 923 817 
831 647 952 

378 564 291 
645 291 378 
912 378 645 
===========
123 456 789 
456 789 123 
789 132 564 

297 815 436 
564 923 871 
831 647 295 

378 561 942 
645 298 317 
912 374 658 
===========
123 456 789 
456 789 123 
789 132 564 

297 841 356 
564 973 218 
831 625 947 

378 514 692 
645 297 831 
912 368 475 
===========
123 456 789 
456 789 123 
789 132 564 

297 841 635 
564 923 871 
831 675 942 

378 594 216 
645 218 397 
912 367 458 
===========
123 456 789 
456 789 123 
789 132 564 

297 841 635 
564 923 871 
831 675 942 

378 594 216 
645 217 398 
912 368 457 
===========
123 456 789 
456 789 123 
789 132 564 

297 841 635 
564 973 812 
831 625 947 

378 514 296 
645 298 371 
912 367 458 
===========
123 456 789 
456 789 123 
789 132 564 

297 841 635 
564 923 817 
831 675 942 

378 514 296 
645 298 371 
912 367 458 
===========
123 456 789 
456 789 123 
789 132 564 

297 841 635 
564 923 871 
831 675 942 

378 514 296 
645 298 317 
912 367 458 
===========
123 456 789 
456 789 123 
789 132 564 

297 841 635 
564 923 871 
831 675 942 

378 514 296 
645 297 318 
912 368 457 
===========
123 456 789 
456 789 123 
789 132 564 

297 843 615 
564 971 832 
831 625 947 

378 514 296 
645 298 371 
912 367 458 
===========
123 456 789 
456 789 123 
789 132 564 

297 843 615 
564 921 378 
831 675 942 

378 514 296 
645 297 831 
912 368 457 
===========
123 456 789 
456 789 123 
789 132 564 

297 843 615 
564 921 837 
831 675 942 

378 514 296 
645 298 371 
912 367 458 
===========
123 456 789 
456 789 123 
789 132 564 

297 843 615 
564 917 238 
831 625 497 

378 561 942 
645 298 371 
912 374 856 
===========
123 456 789 
456 789 123 
789 132 564 

297 843 615 
564 917 238 
831 625 947 

378 561 492 
645 298 371 
912 374 856 
===========
123 456 789 
456 789 123 
789 132 564 

297 843 615 
564 917 832 
831 625 947 

378 564 291 
645 291 378 
912 378 456 
===========
123 456 789 
456 789 123 
789 132 564 

297 843 651 
564 971 832 
831 625 947 

378 594 216 
645 217 398 
912 368 475 
===========
123 456 789 
456 789 123 
789 132 564 

297 843 651 
564 921 378 
831 675 492 

378 594 216 
645 218 937 
912 367 845 
===========
123 456 789 
456 789 123 
789 132 564 

297 843 651 
564 921 837 
831 675 942 

378 594 216 
645 217 398 
912 368 475 
===========
123 456 789 
456 789 123 
789 132 564 

297 843 651 
564 917 832 
831 625 947 

378 594 216 
645 271 398 
912 368 475 
===========
123 456 789 
456 789 123 
789 132 564 

297 843 651 
564 971 832 
831 625 947 

378 514 296 
645 297 318 
912 368 475 
===========
123 456 789 
456 789 123 
789 132 564 

297 843 651 
564 921 837 
831 675 942 

378 514 296 
645 297 318 
912 368 475 
===========
123 456 789 
456 789 123 
789 132 564 

297 845 316 
564 913 278 
831 627 495 

378 591 642 
645 278 931 
912 364 857 
===========
123 456 789 
456 789 123 
789 132 564 

297 845 631 
564 913 872 
831 627 945 

378 594 216 
645 271 398 
912 368 457 
===========
123 456 789 
456 789 123 
789 132 564 

297 845 631 
564 913 278 
831 627 495 

378 561 942 
645 298 317 
912 374 856 
===========
123 456 789 
456 789 123 
789 132 564 

297 845 631 
564 913 278 
831 627 945 

378 561 492 
645 298 317 
912 374 856 
===========
123 456 789 
456 789 123 
789 132 564 

297 613 458 
564 827 391 
831 945 276 

378 564 912 
645 291 837 
912 378 645 
===========
123 456 789 
456 789 123 
789 132 564 

297 613 845 
564 827 391 
831 945 276 

378 594 612 
645 271 938 
912 368 457 
===========
123 456 789 
456 789 123 
789 132 564 

297 613 845 
564 827 391 
831 945 672 

378 594 216 
645 271 938 
912 368 457 
===========
123 456 789 
456 789 123 
789 132 564 

297 613 845 
564 827 931 
831 945 276 

378 594 612 
645 271 398 
912 368 457 
===========
123 456 789 
456 789 123 
789 132 564 

297 613 845 
564 827 931 
831 945 672 

378 594 216 
645 271 398 
912 368 457 
===========
123 456 789 
456 789 123 
789 132 564 

297 613 845 
564 827 931 
831 945 276 

378 561 492 
645 298 317 
912 374 658 
===========
123 456 789 
456 789 123 
789 132 564 

297 614 358 
564 823 917 
831 975 246 

378 561 492 
645 297 831 
912 348 675 
===========
123 456 789 
456 789 123 
789 132 564 

297 614 358 
564 873 912 
831 925 647 

378 541 296 
645 297 831 
912 368 475 
===========
123 456 789 
456 789 123 
789 132 564 

297 614 358 
564 823 917 
831 975 246 

378 541 692 
645 297 831 
912 368 475 
===========
123 456 789 
456 789 123 
789 132 564 

297 614 358 
564 823 917 
831 975 642 

378 541 296 
645 297 831 
912 368 475 
===========
123 456 789 
456 789 123 
789 132 564 

297 614 835 
564 873 291 
831 925 476 

378 561 942 
645 298 317 
912 347 658 
===========
123 456 789 
456 789 123 
789 132 564 

297 614 835 
564 873 291 
831 925 476 

378 561 942 
645 297 318 
912 348 657 
===========
123 456 789 
456 789 123 
789 132 564 

297 614 835 
564 823 917 
831 975 246 

378 561 492 
645 298 371 
912 347 658 
===========
123 456 789 
456 789 123 
789 132 564 

297 614 835 
564 823 971 
831 975 246 

378 561 492 
645 298 317 
912 347 658 
===========
123 456 789 
456 789 123 
789 132 564 

297 614 835 
564 823 971 
831 975 246 

378 561 492 
645 297 318 
912 348 657 
===========
123 456 789 
456 789 123 
789 132 564 

297 614 835 
564 873 912 
831 925 647 

378 541 296 
645 298 371 
912 367 458 
===========
123 456 789 
456 789 123 
789 132 564 

297 614 835 
564 823 917 
831 975 246 

378 541 692 
645 298 371 
912 367 458 
===========
123 456 789 
456 789 123 
789 132 564 

297 614 835 
564 823 917 
831 975 642 

378 541 296 
645 298 371 
912 367 458 
===========
123 456 789 
456 789 123 
789 132 564 

297 614 835 
564 823 971 
831 975 246 

378 541 692 
645 298 317 
912 367 458 
===========
123 456 789 
456 789 123 
789 132 564 

297 614 835 
564 823 971 
831 975 642 

378 541 296 
645 298 317 
912 367 458 
===========
123 456 789 
456 789 123 
789 132 564 

297 614 835 
564 823 971 
831 975 246 

378 541 692 
645 297 318 
912 368 457 
===========
123 456 789 
456 789 123 
789 132 564 

297 614 835 
564 823 971 
831 975 642 

378 541 296 
645 297 318 
912 368 457 
===========
123 456 789 
456 789 123 
789 132 564 

297 615 348 
564 823 917 
831 974 256 

378 561 492 
645 297 831 
912 348 675 
===========
123 456 789 
456 789 123 
789 132 564 

297 615 348 
564 873 912 
831 924 657 

378 541 296 
645 297 831 
912 368 475 
===========
123 456 789 
456 789 123 
789 132 564 

297 615 348 
564 873 912 
831 924 675 

378 541 296 
645 297 831 
912 368 457 
===========
123 456 789 
456 789 123 
789 132 564 

297 615 348 
564 823 917 
831 974 256 

378 541 692 
645 297 831 
912 368 475 
===========
123 456 789 
456 789 123 
789 132 564 

297 615 348 
564 823 917 
831 974 652 

378 541 296 
645 297 831 
912 368 475 
===========
123 456 789 
456 789 123 
789 132 564 

297 615 438 
564 873 291 
831 924 675 

378 561 942 
645 298 317 
912 347 856 
===========
123 456 789 
456 789 123 
789 132 564 

297 615 438 
564 823 917 
831 947 256 

378 591 642 
645 278 391 
912 364 875 
===========
123 456 789 
456 789 123 
789 132 564 

297 615 438 
564 823 917 
831 947 652 

378 591 246 
645 278 391 
912 364 875 
===========
123 456 789 
456 789 123 
789 132 564 

297 615 438 
564 873 912 
831 924 657 

378 541 296 
645 298 371 
912 367 845 
===========
123 456 789 
456 789 123 
789 132 564 

297 615 438 
564 823 917 
831 974 256 

378 541 692 
645 298 371 
912 367 845 
===========
123 456 789 
456 789 123 
789 132 564 

297 615 438 
564 823 917 
831 974 652 

378 541 296 
645 298 371 
912 367 845 
===========
123 456 789 
456 789 123 
789 132 564 

297 615 438 
564 823 971 
831 974 256 

378 541 692 
645 298 317 
912 367 845 
===========
123 456 789 
456 789 123 
789 132 564 

297 615 438 
564 823 971 
831 974 652 

378 541 296 
645 298 317 
912 367 845 
===========
123 456 789 
456 789 123 
789 132 564 

297 641 358 
564 873 291 
831 925 476 

378 594 612 
645 218 937 
912 367 845 
===========
123 456 789 
456 789 123 
789 132 564 

297 641 358 
564 873 912 
831 925 647 

378 514 296 
645 297 831 
912 368 475 
===========
123 456 789 
456 789 123 
789 132 564 

297 641 358 
564 823 917 
831 975 246 

378 514 692 
645 297 831 
912 368 475 
===========
123 456 789 
456 789 123 
789 132 564 

297 641 358 
564 823 917 
831 975 642 

378 514 296 
645 297 831 
912 368 475 
===========
123 456 789 
456 789 123 
789 132 564 

297 641 835 
564 823 971 
831 975 246 

378 594 612 
645 218 397 
912 367 458 
===========
123 456 789 
456 789 123 
789 132 564 

297 641 835 
564 823 971 
831 975 642 

378 594 216 
645 218 397 
912 367 458 
===========
123 456 789 
456 789 123 
789 132 564 

297 641 835 
564 823 971 
831 975 246 

378 594 612 
645 217 398 
912 368 457 
===========
123 456 789 
456 789 123 
789 132 564 

297 641 835 
564 823 971 
831 975 642 

378 594 216 
645 217 398 
912 368 457 
===========
123 456 789 
456 789 123 
789 132 564 

297 641 835 
564 873 912 
831 925 647 

378 514 296 
645 298 371 
912 367 458 
===========
123 456 789 
456 789 123 
789 132 564 

297 641 835 
564 823 917 
831 975 246 

378 514 692 
645 298 371 
912 367 458 
===========
123 456 789 
456 789 123 
789 132 564 

297 641 835 
564 823 917 
831 975 642 

378 514 296 
645 298 371 
912 367 458 
===========
123 456 789 
456 789 123 
789 132 564 

297 641 835 
564 823 971 
831 975 246 

378 514 692 
645 298 317 
912 367 458 
===========
123 456 789 
456 789 123 
789 132 564 

297 641 835 
564 823 971 
831 975 642 

378 514 296 
645 298 317 
912 367 458 
===========
123 456 789 
456 789 123 
789 132 564 

297 641 835 
564 823 971 
831 975 246 

378 514 692 
645 297 318 
912 368 457 
===========
123 456 789 
456 789 123 
789 132 564 

297 641 835 
564 823 971 
831 975 642 

378 514 296 
645 297 318 
912 368 457 
===========
123 456 789 
456 789 123 
789 132 564 

297 643 815 
564 871 932 
831 925 647 

378 514 296 
645 298 371 
912 367 458 
===========
123 456 789 
456 789 123 
789 132 564 

297 643 815 
564 821 937 
831 975 246 

378 514 692 
645 298 371 
912 367 458 
===========
123 456 789 
456 789 123 
789 132 564 

297 643 815 
564 821 937 
831 975 642 

378 514 296 
645 298 371 
912 367 458 
===========
123 456 789 
456 789 123 
789 132 564 

297 643 815 
564 817 932 
831 925 647 

378 564 291 
645 291 378 
912 378 456 
===========
123 456 789 
456 789 123 
789 132 564 

297 643 851 
564 871 392 
831 925 647 

378 594 216 
645 217 938 
912 368 475 
===========
123 456 789 
456 789 123 
789 132 564 

297 643 851 
564 871 932 
831 925 647 

378 594 216 
645 217 398 
912 368 475 
===========
123 456 789 
456 789 123 
789 132 564 

297 643 851 
564 821 397 
831 975 246 

378 594 612 
645 217 938 
912 368 475 
===========
123 456 789 
456 789 123 
789 132 564 

297 643 851 
564 821 397 
831 975 642 

378 594 216 
645 217 938 
912 368 475 
===========
123 456 789 
456 789 123 
789 132 564 

297 643 851 
564 821 937 
831 975 246 

378 594 612 
645 217 398 
912 368 475 
===========
123 456 789 
456 789 123 
789 132 564 

297 643 851 
564 821 937 
831 975 642 

378 594 216 
645 217 398 
912 368 475 
===========
123 456 789 
456 789 123 
789 132 564 

297 643 851 
564 817 392 
831 925 647 

378 594 216 
645 271 938 
912 368 475 
===========
123 456 789 
456 789 123 
789 132 564 

297 643 851 
564 817 932 
831 925 647 

378 594 216 
645 271 398 
912 368 475 
===========
123 456 789 
456 789 123 
789 132 564 

297 643 851 
564 871 932 
831 925 647 

378 514 296 
645 297 318 
912 368 475 
===========
123 456 789 
456 789 123 
789 132 564 

297 643 851 
564 821 937 
831 975 246 

378 514 692 
645 297 318 
912 368 475 
===========
123 456 789 
456 789 123 
789 132 564 

297 643 851 
564 821 937 
831 975 642 

378 514 296 
645 297 318 
912 368 475 
===========
123 456 789 
456 789 123 
789 132 564 

297 645 318 
564 813 297 
831 927 456 

378 591 642 
645 278 931 
912 364 875 
===========
123 456 789 
456 789 123 
789 132 564 

297 645 318 
564 813 972 
831 927 456 

378 564 291 
645 291 837 
912 378 645 
===========
123 456 789 
456 789 123 
789 132 564 

297 645 318 
564 813 972 
831 927 645 

378 564 291 
645 291 837 
912 378 456 
===========
123 456 789 
456 789 123 
789 132 564 

297 645 831 
564 813 972 
831 927 645 

378 594 216 
645 271 398 
912 368 457 
===========
123 456 789 
456 789 123 
789 132 564 

297 645 831 
564 813 297 
831 927 456 

378 564 912 
645 291 378 
912 378 645 
===========
123 456 789 
456 789 123 
789 132 564 

297 645 831 
564 813 297 
831 927 645 

378 564 912 
645 291 378 
912 378 456 
===========
123 456 789 
456 789 123 
789 132 564 

297 813 456 
564 927 318 
831 564 972 

378 645 291 
645 291 837 
912 378 645 
===========
123 456 789 
456 789 123 
789 132 564 

297 813 456 
564 927 831 
831 564 972 

378 641 295 
645 298 317 
912 375 648 
===========
123 456 789 
456 789 123 
789 132 564 

297 813 456 
564 927 831 
831 564 297 

378 645 912 
645 291 378 
912 378 645 
===========
123 456 789 
456 789 123 
789 132 564 

297 813 645 
564 927 318 
831 564 297 

378 691 452 
645 278 931 
912 345 876 
===========
123 456 789 
456 789 123 
789 132 564 

297 813 645 
564 927 318 
831 564 972 

378 645 291 
645 291 837 
912 378 456 
===========
123 456 789 
456 789 123 
789 132 564 

297 813 645 
564 927 831 
831 564 297 

378 645 912 
645 291 378 
912 378 456 
===========
123 456 789 
456 789 123 
789 132 564 

297 814 356 
564 923 817 
831 567 492 

378 691 245 
645 278 931 
912 345 678 
===========
123 456 789 
456 789 123 
789 132 564 

297 814 356 
564 923 817 
831 567 492 

378 695 241 
645 271 938 
912 348 675 
===========
123 456 789 
456 789 123 
789 132 564 

297 814 635 
564 923 817 
831 567 942 

378 645 291 
645 291 378 
912 378 456 
===========
123 456 789 
456 789 123 
789 132 564 

297 841 356 
564 923 871 
831 567 492 

378 694 215 
645 218 937 
912 375 648 
===========
123 456 789 
456 789 123 
789 132 564 

297 843 615 
564 921 378 
831 567 492 

378 695 241 
645 218 937 
912 374 856 
===========
123 456 789 
456 789 123 
789 132 564 

297 843 615 
564 921 378 
831 567 492 

378 694 251 
645 218 937 
912 375 846 
===========
123 456 789 
456 789 123 
789 132 564 

297 843 651 
564 921 378 
831 567 492 

378 694 215 
645 218 937 
912 375 846 
===========
123 456 789 
456 789 123 
789 132 564 

297 861 345 
564 923 871 
831 574 296 

378 695 412 
645 218 937 
912 347 658 
===========
123 456 789 
456 789 123 
789 132 564 

297 861 345 
564 923 871 
831 574 296 

378 695 412 
645 217 938 
912 348 657 
===========
123 456 789 
456 789 123 
789 132 564 

297 861 345 
564 973 218 
831 524 976 

378 615 492 
645 297 831 
912 348 657 
===========
123 456 789 
456 789 123 
789 132 564 

297 861 345 
564 923 871 
831 547 296 

378 695 412 
645 218 937 
912 374 658 
===========
123 456 789 
456 789 123 
789 132 564 

297 861 435 
564 973 812 
831 524 976 

378 695 241 
645 218 397 
912 347 658 
===========
123 456 789 
456 789 123 
789 132 564 

297 861 435 
564 973 812 
831 524 976 

378 695 241 
645 217 398 
912 348 657 
===========
123 456 789 
456 789 123 
789 132 564 

297 861 435 
564 973 218 
831 524 697 

378 615 942 
645 298 371 
912 347 856 
===========
123 456 789 
456 789 123 
789 132 564 

297 861 435 
564 923 817 
831 574 296 

378 615 942 
645 298 371 
912 347 658 
===========
123 456 789 
456 789 123 
789 132 564 

297 861 435 
564 923 871 
831 574 296 

378 615 942 
645 298 317 
912 347 658 
===========
123 456 789 
456 789 123 
789 132 564 

297 861 435 
564 923 871 
831 574 296 

378 615 942 
645 297 318 
912 348 657 
===========
123 456 789 
456 789 123 
789 132 564 

297 861 435 
564 923 817 
831 547 296 

378 615 942 
645 298 371 
912 374 658 
===========
123 456 789 
456 789 123 
789 132 564 

297 861 435 
564 923 817 
831 547 296 

378 614 952 
645 298 371 
912 375 648 
===========
123 456 789 
456 789 123 
789 132 564 

297 861 435 
564 923 871 
831 547 296 

378 615 942 
645 298 317 
912 374 658 
===========
123 456 789 
456 789 123 
789 132 564 

297 861 435 
564 923 871 
831 547 296 

378 614 952 
645 298 317 
912 375 648 
===========
123 456 789 
456 789 123 
789 132 564 

297 863 415 
564 971 832 
831 524 976 

378 695 241 
645 218 397 
912 347 658 
===========
123 456 789 
456 789 123 
789 132 564 

297 863 415 
564 971 832 
831 524 976 

378 695 241 
645 217 398 
912 348 657 
===========
123 456 789 
456 789 123 
789 132 564 

297 863 415 
564 921 378 
831 574 692 

378 695 241 
645 218 937 
912 347 856 
===========
123 456 789 
456 789 123 
789 132 564 

297 863 415 
564 917 832 
831 524 976 

378 695 241 
645 271 398 
912 348 657 
===========
123 456 789 
456 789 123 
789 132 564 

297 863 415 
564 971 238 
831 524 697 

378 615 942 
645 298 371 
912 347 856 
===========
123 456 789 
456 789 123 
789 132 564 

297 863 415 
564 921 378 
831 574 296 

378 615 942 
645 297 831 
912 348 657 
===========
123 456 789 
456 789 123 
789 132 564 

297 863 415 
564 921 837 
831 574 296 

378 615 942 
645 298 371 
912 347 658 
===========
123 456 789 
456 789 123 
789 132 564 

297 863 415 
564 921 378 
831 547 692 

378 695 241 
645 218 937 
912 374 856 
===========
123 456 789 
456 789 123 
789 132 564 

297 863 415 
564 921 378 
831 547 692 

378 694 251 
645 218 937 
912 375 846 
===========
123 456 789 
456 789 123 
789 132 564 

297 863 415 
564 921 837 
831 547 296 

378 615 942 
645 298 371 
912 374 658 
===========
123 456 789 
456 789 123 
789 132 564 

297 863 415 
564 921 837 
831 547 296 

378 614 952 
645 298 371 
912 375 648 
===========
123 456 789 
456 789 123 
789 132 564 

297 863 415 
564 917 238 
831 524 697 

378 641 952 
645 298 371 
912 375 846 
===========
123 456 789 
456 789 123 
789 132 564 

297 863 451 
564 921 837 
831 574 296 

378 615 942 
645 297 318 
912 348 675 
===========
123 456 789 
456 789 123 
789 132 564 

297 863 451 
564 921 378 
831 547 692 

378 694 215 
645 218 937 
912 375 846 
===========
123 456 789 
456 789 123 
789 132 564 

297 863 451 
564 917 832 
831 524 976 

378 641 295 
645 298 317 
912 375 648 
===========
123 456 789 
456 789 123 
789 132 564 

297 864 315 
564 913 872 
831 527 496 

378 695 241 
645 271 938 
912 348 657 
===========
123 456 789 
456 789 123 
789 132 564 

297 864 351 
564 913 278 
831 527 496 

378 645 912 
645 291 837 
912 378 645 
===========
123 456 789 
456 789 123 
789 132 564 

297 513 648 
564 827 391 
831 964 275 

378 645 912 
645 291 837 
912 378 456 
===========
123 456 789 
456 789 123 
789 132 564 

297 513 846 
564 827 391 
831 964 257 

378 695 412 
645 271 938 
912 348 675 
===========
123 456 789 
456 789 123 
789 132 564 

297 513 846 
564 827 391 
831 964 275 

378 695 412 
645 271 938 
912 348 657 
===========
123 456 789 
456 789 123 
789 132 564 

297 513 846 
564 827 931 
831 964 257 

378 695 412 
645 271 398 
912 348 675 
===========
123 456 789 
456 789 123 
789 132 564 

297 513 846 
564 827 931 
831 964 275 

378 695 412 
645 271 398 
912 348 657 
===========
123 456 789 
456 789 123 
789 132 564 

297 514 638 
564 823 917 
831 967 245 

378 691 452 
645 278 391 
912 345 876 
===========
123 456 789 
456 789 123 
789 132 564 

297 514 638 
564 823 917 
831 967 452 

378 691 245 
645 278 391 
912 345 876 
===========
123 456 789 
456 789 123 
789 132 564 

297 514 638 
564 823 917 
831 967 452 

378 641 295 
645 298 371 
912 375 846 
===========
123 456 789 
456 789 123 
789 132 564 

297 514 638 
564 823 971 
831 967 452 

378 641 295 
645 298 317 
912 375 846 
===========
123 456 789 
456 789 123 
789 132 564 

297 514 836 
564 823 917 
831 967 245 

378 691 452 
645 278 391 
912 345 678 
===========
123 456 789 
456 789 123 
789 132 564 

297 514 836 
564 823 917 
831 967 452 

378 691 245 
645 278 391 
912 345 678 
===========
123 456 789 
456 789 123 
789 132 564 

297 514 836 
564 823 917 
831 967 452 

378 695 241 
645 271 398 
912 348 675 
===========
123 456 789 
456 789 123 
789 132 564 

297 514 836 
564 823 971 
831 967 245 

378 695 412 
645 271 398 
912 348 657 
===========
123 456 789 
456 789 123 
789 132 564 

297 514 836 
564 823 917 
831 967 452 

378 641 295 
645 298 371 
912 375 648 
===========
123 456 789 
456 789 123 
789 132 564 

297 514 836 
564 823 917 
831 967 452 

378 645 291 
645 291 378 
912 378 645 
===========
123 456 789 
456 789 123 
789 132 564 

297 514 836 
564 823 971 
831 967 452 

378 641 295 
645 298 317 
912 375 648 
===========
123 456 789 
456 789 123 
789 132 564 

297 541 638 
564 823 971 
831 967 245 

378 695 412 
645 218 397 
912 374 856 
===========
123 456 789 
456 789 123 
789 132 564 

297 541 638 
564 823 971 
831 967 452 

378 694 215 
645 218 397 
912 375 846 
===========
123 456 789 
456 789 123 
789 132 564 

297 541 638 
564 823 917 
831 967 245 

378 615 492 
645 298 371 
912 374 856 
===========
123 456 789 
456 789 123 
789 132 564 

297 541 638 
564 823 917 
831 967 452 

378 614 295 
645 298 371 
912 375 846 
===========
123 456 789 
456 789 123 
789 132 564 

297 541 638 
564 823 971 
831 967 245 

378 615 492 
645 298 317 
912 374 856 
===========
123 456 789 
456 789 123 
789 132 564 

297 541 638 
564 823 971 
831 967 452 

378 614 295 
645 298 317 
912 375 846 
===========
123 456 789 
456 789 123 
789 132 564 

297 541 836 
564 823 971 
831 967 245 

378 695 412 
645 218 397 
912 374 658 
===========
123 456 789 
456 789 123 
789 132 564 

297 541 836 
564 823 971 
831 967 452 

378 694 215 
645 218 397 
912 375 648 
===========
123 456 789 
456 789 123 
789 132 564 

297 541 836 
564 823 917 
831 967 245 

378 615 492 
645 298 371 
912 374 658 
===========
123 456 789 
456 789 123 
789 132 564 

297 541 836 
564 823 917 
831 967 452 

378 614 295 
645 298 371 
912 375 648 
===========
123 456 789 
456 789 123 
789 132 564 

297 541 836 
564 823 971 
831 967 245 

378 615 492 
645 298 317 
912 374 658 
===========
123 456 789 
456 789 123 
789 132 564 

297 541 836 
564 823 971 
831 967 452 

378 614 295 
645 298 317 
912 375 648 
===========
123 456 789 
456 789 123 
789 132 564 

297 543 618 
564 821 937 
831 967 245 

378 615 492 
645 298 371 
912 374 856 
===========
123 456 789 
456 789 123 
789 132 564 

297 543 618 
564 821 937 
831 967 452 

378 614 295 
645 298 371 
912 375 846 
===========
123 456 789 
456 789 123 
789 132 564 

297 543 816 
564 821 937 
831 967 245 

378 615 492 
645 298 371 
912 374 658 
===========
123 456 789 
456 789 123 
789 132 564 

297 543 816 
564 821 937 
831 967 452 

378 614 295 
645 298 371 
912 375 648 
===========
123 456 789 
456 789 123 
789 132 564 

297 561 348 
564 873 291 
831 924 675 

378 695 412 
645 218 937 
912 347 856 
===========
123 456 789 
456 789 123 
789 132 564 

297 561 348 
564 823 917 
831 974 256 

378 615 492 
645 297 831 
912 348 675 
===========
123 456 789 
456 789 123 
789 132 564 

297 561 438 
564 873 912 
831 924 675 

378 695 241 
645 218 397 
912 347 856 
===========
123 456 789 
456 789 123 
789 132 564 

297 561 438 
564 873 291 
831 924 675 

378 615 942 
645 298 317 
912 347 856 
===========
