123 457 689 
456 289 137 
789 361 245 

297 815 364 
564 923 718 
831 746 592 

378 692 451 
645 178 923 
912 534 876 
===========
123 457 689 
456 289 137 
789 361 245 

297 815 364 
564 923 718 
831 746 952 

378 694 521 
645 172 893 
912 538 476 
===========
123 457 689 
456 289 137 
789 361 245 

297 816 354 
564 923 718 
831 745 962 

378 694 521 
645 172 893 
912 538 476 
===========
123 457 689 
456 289 137 
789 361 245 

297 816 354 
564 932 871 
831 745 926 

378 694 512 
645 128 793 
912 573 468 
===========
123 457 689 
456 289 137 
789 361 245 

297 816 354 
564 932 871 
831 745 926 

378 694 512 
645 123 798 
912 578 463 
===========
123 457 689 
456 289 137 
789 361 245 

297 816 354 
564 923 871 
831 745 926 

378 694 512 
645 132 798 
912 578 463 
===========
123 457 689 
456 289 137 
789 361 245 

297 816 354 
564 932 718 
831 745 926 

378 624 591 
645 193 872 
912 578 463 
===========
123 457 689 
456 289 137 
789 361 245 

297 816 453 
564 923 871 
831 745 926 

378 692 514 
645 178 392 
912 534 768 
===========
123 457 689 
456 289 137 
789 361 245 

297 816 453 
564 923 871 
831 745 926 

378 694 512 
645 172 398 
912 538 764 
===========
123 457 689 
456 289 137 
789 361 245 

297 816 453 
564 932 871 
831 745 926 

378 694 512 
645 123 798 
912 578 364 
===========
123 457 689 
456 289 137 
789 361 245 

297 816 453 
564 923 871 
831 745 926 

378 692 514 
645 138 792 
912 574 368 
===========
123 457 689 
456 289 137 
789 361 245 

297 816 453 
564 923 871 
831 745 926 

378 694 512 
645 132 798 
912 578 364 
===========
123 457 689 
456 289 137 
789 361 245 

297 816 453 
564 932 718 
831 745 926 

378 624 591 
645 198 372 
912 573 864 
===========
123 457 689 
456 289 137 
789 361 245 

297 816 453 
564 932 718 
831 745 926 

378 624 591 
645 193 872 
912 578 364 
===========
123 457 689 
456 289 137 
789 361 245 

297 835 416 
564 912 378 
831 746 952 

378 694 521 
645 128 793 
912 573 864 
===========
123 457 689 
456 289 137 
789 361 245 

297 835 416 
564 912 873 
831 746 952 

378 694 521 
645 123 798 
912 578 364 
===========
123 457 689 
456 289 137 
789 361 245 

297 835 416 
564 912 378 
831 746 592 

378 624 951 
645 198 723 
912 573 864 
===========
123 457 689 
456 289 137 
789 361 245 

297 835 416 
564 912 378 
831 746 952 

378 624 591 
645 198 723 
912 573 864 
===========
123 457 689 
456 289 137 
789 361 245 

297 835 416 
564 912 873 
831 746 592 

378 624 951 
645 193 728 
912 578 364 
===========
123 457 689 
456 289 137 
789 361 245 

297 835 416 
564 912 873 
831 746 952 

378 624 591 
645 193 728 
912 578 364 
===========
123 457 689 
456 289 137 
789 361 245 

297 836 451 
564 912 378 
831 745 926 

378 694 512 
645 128 793 
912 573 864 
===========
123 457 689 
456 289 137 
789 361 245 

297 836 451 
564 912 873 
831 745 926 

378 694 512 
645 123 798 
912 578 364 
===========
123 457 689 
456 289 137 
789 361 245 

297 845 316 
564 913 872 
831 726 594 

378 692 451 
645 178 923 
912 534 768 
===========
123 457 689 
456 289 137 
789 361 245 

297 845 316 
564 913 728 
831 726 594 

378 692 451 
645 138 972 
912 574 863 
===========
123 457 689 
456 289 137 
789 361 245 

297 845 316 
564 913 872 
831 726 954 

378 694 521 
645 132 798 
912 578 463 
===========
123 457 689 
456 289 137 
789 361 245 

297 845 361 
564 913 728 
831 726 954 

378 694 512 
645 172 893 
912 538 476 
===========
123 457 689 
456 289 137 
789 361 245 

297 846 351 
564 913 728 
831 725 964 

378 694 512 
645 172 893 
912 538 476 
===========
123 457 689 
456 289 137 
789 361 245 

297 846 351 
564 913 872 
831 725 496 

378 692 514 
645 178 923 
912 534 768 
===========
123 457 689 
456 289 137 
789 361 245 

297 846 351 
564 913 728 
831 725 496 

378 692 514 
645 138 972 
912 574 863 
===========
123 457 689 
456 289 137 
789 361 245 

297 846 513 
564 913 728 
831 725 964 

378 692 451 
645 178 392 
912 534 876 
===========
123 457 689 
456 289 137 
789 361 245 

297 815 364 
564 723 918 
831 946 752 

378 694 521 
645 172 893 
912 538 476 
===========
123 457 689 
456 289 137 
789 361 245 

297 816 354 
564 723 918 
831 945 762 

378 694 521 
645 172 893 
912 538 476 
===========
123 457 689 
456 289 137 
789 361 245 

297 816 354 
564 732 891 
831 945 726 

378 694 512 
645 128 973 
912 573 468 
===========
123 457 689 
456 289 137 
789 361 245 

297 816 354 
564 732 891 
831 945 726 

378 694 512 
645 123 978 
912 578 463 
===========
123 457 689 
456 289 137 
789 361 245 

297 816 354 
564 723 891 
831 945 726 

378 694 512 
645 132 978 
912 578 463 
===========
123 457 689 
456 289 137 
789 361 245 

297 816 354 
564 732 918 
831 945 726 

378 624 591 
645 193 872 
912 578 463 
===========
123 457 689 
456 289 137 
789 361 245 

297 816 453 
564 732 891 
831 945 726 

378 694 512 
645 123 978 
912 578 364 
===========
123 457 689 
456 289 137 
789 361 245 

297 816 453 
564 723 891 
831 945 726 

378 692 514 
645 138 972 
912 574 368 
===========
123 457 689 
456 289 137 
789 361 245 

297 816 453 
564 723 891 
831 945 726 

378 694 512 
645 132 978 
912 578 364 
===========
123 457 689 
456 289 137 
789 361 245 

297 816 453 
564 732 918 
831 945 726 

378 624 591 
645 198 372 
912 573 864 
===========
123 457 689 
456 289 137 
789 361 245 

297 816 453 
564 732 918 
831 945 726 

378 624 591 
645 193 872 
912 578 364 
===========
123 457 689 
456 289 137 
789 361 245 

297 835 416 
564 712 398 
831 946 752 

378 694 521 
645 128 973 
912 573 864 
===========
123 457 689 
456 289 137 
789 361 245 

297 835 416 
564 712 893 
831 946 752 

378 694 521 
645 123 978 
912 578 364 
===========
123 457 689 
456 289 137 
789 361 245 

297 835 416 
564 712 398 
831 946 572 

378 624 951 
645 198 723 
912 573 864 
===========
123 457 689 
456 289 137 
789 361 245 

297 835 416 
564 712 893 
831 946 572 

378 624 951 
645 193 728 
912 578 364 
===========
123 457 689 
456 289 137 
789 361 245 

297 836 451 
564 712 398 
831 945 726 

378 694 512 
645 128 973 
912 573 864 
===========
123 457 689 
456 289 137 
789 361 245 

297 836 451 
564 712 893 
831 945 726 

378 694 512 
645 123 978 
912 578 364 
===========
123 457 689 
456 289 137 
789 361 245 

297 836 514 
564 712 398 
831 945 726 

378 624 951 
645 193 872 
912 578 463 
===========
123 457 689 
456 289 137 
789 361 245 

297 836 514 
564 712 893 
831 945 726 

378 624 951 
645 198 372 
912 573 468 
===========
123 457 689 
456 289 137 
789 361 245 

297 845 316 
564 713 892 
831 926 574 

378 692 451 
645 178 923 
912 534 768 
===========
123 457 689 
456 289 137 
789 361 245 

297 845 316 
564 713 892 
831 926 754 

378 694 521 
645 132 978 
912 578 463 
===========
123 457 689 
456 289 137 
789 361 245 

297 845 316 
564 713 928 
831 926 574 

378 692 451 
645 138 792 
912 574 863 
===========
123 457 689 
456 289 137 
789 361 245 

297 845 361 
564 713 928 
831 926 754 

378 694 512 
645 172 893 
912 538 476 
===========
123 457 689 
456 289 137 
789 361 245 

297 846 351 
564 713 892 
831 925 476 

378 692 514 
645 178 923 
912 534 768 
===========
123 457 689 
456 289 137 
789 361 245 

297 846 351 
564 713 928 
831 925 476 

378 694 512 
645 172 893 
912 538 764 
===========
123 457 689 
456 289 137 
789 361 245 

297 846 351 
564 713 928 
831 925 764 

378 694 512 
645 172 893 
912 538 476 
===========
123 457 689 
456 289 137 
789 361 245 

297 846 351 
564 713 928 
831 925 476 

378 692 514 
645 138 792 
912 574 863 
===========
123 457 689 
456 289 137 
789 361 245 

297 846 513 
564 713 928 
831 925 764 

378 692 451 
645 178 392 
912 534 876 
===========
123 457 689 
456 289 137 
789 361 245 

297 813 456 
564 792 318 
831 645 792 

378 924 561 
645 178 923 
912 536 874 
===========
123 457 689 
456 289 137 
789 361 245 

297 813 564 
564 792 318 
831 645 792 

378 926 451 
645 178 923 
912 534 876 
===========
123 457 689 
456 289 137 
789 361 245 

297 814 356 
564 793 812 
831 625 794 

378 942 561 
645 178 923 
912 536 478 
===========
123 457 689 
456 289 137 
789 361 245 

297 814 356 
564 723 918 
831 695 472 

378 946 521 
645 172 893 
912 538 764 
===========
123 457 689 
456 289 137 
789 361 245 

297 814 356 
564 732 891 
831 695 472 

378 926 514 
645 178 923 
912 543 768 
===========
123 457 689 
456 289 137 
789 361 245 

297 814 356 
564 732 891 
831 695 472 

378 926 514 
645 173 928 
912 548 763 
===========
123 457 689 
456 289 137 
789 361 245 

297 814 356 
564 732 891 
831 695 724 

378 946 512 
645 128 973 
912 573 468 
===========
123 457 689 
456 289 137 
789 361 245 

297 814 356 
564 732 891 
831 695 724 

378 946 512 
645 123 978 
912 578 463 
===========
123 457 689 
456 289 137 
789 361 245 

297 814 356 
564 732 918 
831 695 472 

378 946 521 
645 128 793 
912 573 864 
===========
123 457 689 
456 289 137 
789 361 245 

297 814 356 
564 793 812 
831 625 794 

378 946 521 
645 132 978 
912 578 463 
===========
123 457 689 
456 289 137 
789 361 245 

297 814 356 
564 793 812 
831 625 974 

378 946 521 
645 132 798 
912 578 463 
===========
123 457 689 
456 289 137 
789 361 245 

297 814 356 
564 793 821 
831 625 794 

378 946 512 
645 132 978 
912 578 463 
===========
123 457 689 
456 289 137 
789 361 245 

297 814 356 
564 793 821 
831 625 974 

378 946 512 
645 132 798 
912 578 463 
===========
123 457 689 
456 289 137 
789 361 245 

297 814 356 
564 723 891 
831 695 724 

378 946 512 
645 132 978 
912 578 463 
===========
123 457 689 
456 289 137 
789 361 245 

297 814 563 
564 732 918 
831 695 724 

378 926 451 
645 178 392 
912 543 876 
===========
123 457 689 
456 289 137 
789 361 245 

297 814 563 
564 732 918 
831 695 724 

378 926 451 
645 173 892 
912 548 376 
===========
123 457 689 
456 289 137 
789 361 245 

297 815 364 
564 723 891 
831 694 752 

378 942 516 
645 178 923 
912 536 478 
===========
123 457 689 
456 289 137 
789 361 245 

297 815 364 
564 723 918 
831 694 752 

378 946 521 
645 172 893 
912 538 476 
===========
123 457 689 
456 289 137 
789 361 245 

297 815 463 
564 732 891 
831 694 752 

378 926 514 
645 173 928 
912 548 376 
===========
123 457 689 
456 289 137 
789 361 245 

297 835 416 
564 712 398 
831 694 752 

378 946 521 
645 128 973 
912 573 864 
===========
123 457 689 
456 289 137 
789 361 245 

297 835 416 
564 712 893 
831 694 752 

378 946 521 
645 123 978 
912 578 364 
===========
123 457 689 
456 289 137 
789 361 245 

297 835 461 
564 712 398 
831 694 752 

378 926 514 
645 178 923 
912 543 876 
===========
123 457 689 
456 289 137 
789 361 245 

297 835 461 
564 712 893 
831 694 752 

378 926 514 
645 173 928 
912 548 376 
===========
123 457 689 
456 289 137 
789 361 245 

297 843 516 
564 712 398 
831 695 724 

378 926 451 
645 138 972 
912 574 863 
===========
123 457 689 
456 289 137 
789 361 245 

297 843 516 
564 712 893 
831 695 724 

378 926 451 
645 138 972 
912 574 368 
===========
123 457 689 
456 289 137 
789 361 245 

297 845 316 
564 713 892 
831 692 574 

378 926 451 
645 178 923 
912 534 768 
===========
123 457 689 
456 289 137 
789 361 245 

297 845 316 
564 713 892 
831 692 754 

378 924 561 
645 178 923 
912 536 478 
===========
123 457 689 
456 289 137 
789 361 245 

297 845 316 
564 713 928 
831 692 574 

378 926 451 
645 138 792 
912 574 863 
===========
123 457 689 
456 289 137 
789 361 245 

297 845 361 
564 713 892 
831 692 754 

378 924 516 
645 178 923 
912 536 478 
===========
123 457 689 
456 289 137 
789 361 245 

297 613 458 
564 892 713 
831 745 926 

378 924 561 
645 178 392 
912 536 874 
===========
123 457 689 
456 289 137 
789 361 245 

297 613 458 
564 892 371 
831 745 926 

378 926 514 
645 138 792 
912 574 863 
===========
123 457 689 
456 289 137 
789 361 245 

297 613 854 
564 892 713 
831 745 926 

378 924 561 
645 178 392 
912 536 478 
===========
123 457 689 
456 289 137 
789 361 245 

297 614 358 
564 893 712 
831 725 496 

378 942 561 
645 178 923 
912 536 874 
===========
123 457 689 
456 289 137 
789 361 245 

297 614 358 
564 893 712 
831 725 964 

378 946 521 
645 172 893 
912 538 476 
===========
123 457 689 
456 289 137 
789 361 245 

297 614 358 
564 893 721 
831 725 964 

378 946 512 
645 172 893 
912 538 476 
===========
123 457 689 
456 289 137 
789 361 245 

297 614 358 
564 823 791 
831 795 462 

378 942 516 
645 178 923 
912 536 874 
===========
123 457 689 
456 289 137 
789 361 245 

297 614 358 
564 823 971 
831 795 426 

378 946 512 
645 172 893 
912 538 764 
===========
123 457 689 
456 289 137 
789 361 245 

297 614 358 
564 832 791 
831 795 462 

378 926 514 
645 178 923 
912 543 876 
===========
123 457 689 
456 289 137 
789 361 245 

297 614 358 
564 832 971 
831 795 426 

378 926 514 
645 173 892 
912 548 763 
===========
123 457 689 
456 289 137 
789 361 245 

297 614 358 
564 832 791 
831 795 426 

378 946 512 
645 128 973 
912 573 864 
===========
123 457 689 
456 289 137 
789 361 245 

297 614 358 
564 832 971 
831 795 426 

378 946 512 
645 128 793 
912 573 864 
===========
123 457 689 
456 289 137 
789 361 245 

297 614 853 
564 893 712 
831 725 964 

378 946 521 
645 172 398 
912 538 476 
===========
123 457 689 
456 289 137 
789 361 245 

297 614 853 
564 893 721 
831 725 964 

378 942 516 
645 178 392 
912 536 478 
===========
123 457 689 
456 289 137 
789 361 245 

297 614 853 
564 893 721 
831 725 964 

378 946 512 
645 172 398 
912 538 476 
===========
123 457 689 
456 289 137 
789 361 245 

297 614 853 
564 823 971 
831 795 426 

378 946 512 
645 172 398 
912 538 764 
===========
123 457 689 
456 289 137 
789 361 245 

297 614 853 
564 832 791 
831 795 462 

378 926 514 
645 173 928 
912 548 376 
===========
123 457 689 
456 289 137 
789 361 245 

297 614 853 
564 832 971 
831 795 426 

378 926 514 
645 178 392 
912 543 768 
===========
123 457 689 
456 289 137 
789 361 245 

297 614 853 
564 832 791 
831 795 426 

378 946 512 
645 123 978 
912 578 364 
===========
123 457 689 
456 289 137 
789 361 245 

297 614 853 
564 832 971 
831 795 426 

378 946 512 
645 123 798 
912 578 364 
===========
123 457 689 
456 289 137 
789 361 245 

297 614 853 
564 893 712 
831 725 496 

378 946 521 
645 132 978 
912 578 364 
===========
123 457 689 
456 289 137 
789 361 245 

297 614 853 
564 893 721 
831 725 496 

378 946 512 
645 132 978 
912 578 364 
===========
123 457 689 
456 289 137 
789 361 245 

297 614 853 
564 823 791 
831 795 426 

378 946 512 
645 132 978 
912 578 364 
===========
123 457 689 
456 289 137 
789 361 245 

297 614 853 
564 823 971 
831 795 426 

378 946 512 
645 132 798 
912 578 364 
===========
123 457 689 
456 289 137 
789 361 245 

297 634 851 
564 812 793 
831 795 462 

378 926 514 
645 173 928 
912 548 376 
===========
123 457 689 
456 289 137 
789 361 245 

297 634 851 
564 812 973 
831 795 426 

378 926 514 
645 178 392 
912 543 768 
===========
123 457 689 
456 289 137 
789 361 245 

297 634 851 
564 812 793 
831 795 426 

378 946 512 
645 123 978 
912 578 364 
===========
123 457 689 
456 289 137 
789 361 245 

297 634 851 
564 812 973 
831 795 426 

378 946 512 
645 123 798 
912 578 364 
===========
123 457 689 
456 289 137 
789 361 245 

297 635 814 
564 812 793 
831 794 562 

378 926 451 
645 173 928 
912 548 376 
===========
123 457 689 
456 289 137 
789 361 245 

297 635 814 
564 812 973 
831 794 526 

378 926 451 
645 178 392 
912 543 768 
===========
123 457 689 
456 289 137 
789 361 245 

297 643 851 
564 812 973 
831 795 426 

378 926 514 
645 178 392 
912 534 768 
===========
123 457 689 
456 289 137 
789 361 245 

297 643 851 
564 812 793 
831 795 426 

378 926 514 
645 138 972 
912 574 368 
===========
123 457 689 
456 289 137 
789 361 245 

297 643 851 
564 812 973 
831 795 426 

378 926 514 
645 138 792 
912 574 368 
===========
123 457 689 
456 289 137 
789 361 245 

297 645 318 
564 813 792 
831 792 564 

378 926 451 
645 178 923 
912 534 876 
===========
123 457 689 
456 289 137 
789 361 245 

297 645 318 
564 813 792 
831 792 456 

378 924 561 
645 178 923 
912 536 874 
===========
123 457 689 
456 289 137 
789 361 245 

297 813 456 
564 972 813 
831 645 972 

378 196 524 
645 728 391 
912 534 768 
===========
123 457 689 
456 289 137 
789 361 245 

297 813 456 
564 972 813 
831 645 972 

378 126 594 
645 798 321 
912 534 768 
===========
123 457 689 
456 289 137 
789 361 245 

297 813 564 
564 972 813 
831 645 792 

378 124 956 
645 798 321 
912 536 478 
===========
123 457 689 
456 289 137 
789 361 245 

297 814 356 
564 932 871 
831 675 492 

378 196 524 
645 728 913 
912 543 768 
===========
123 457 689 
456 289 137 
789 361 245 

297 814 356 
564 932 871 
831 675 492 

378 196 524 
645 723 918 
912 548 763 
===========
123 457 689 
456 289 137 
789 361 245 

297 814 356 
564 923 718 
831 675 492 

378 192 564 
645 738 921 
912 546 873 
===========
123 457 689 
456 289 137 
789 361 245 

297 814 356 
564 923 871 
831 675 492 

378 196 524 
645 732 918 
912 548 763 
===========
123 457 689 
456 289 137 
789 361 245 

297 814 563 
564 973 812 
831 625 794 

378 142 956 
645 798 321 
912 536 478 
===========
123 457 689 
456 289 137 
789 361 245 

297 814 563 
564 973 821 
831 625 794 

378 142 956 
645 798 312 
912 536 478 
===========
123 457 689 
456 289 137 
789 361 245 

297 814 563 
564 973 821 
831 625 794 

378 146 952 
645 792 318 
912 538 476 
===========
123 457 689 
456 289 137 
789 361 245 

297 814 563 
564 923 718 
831 675 492 

378 142 956 
645 798 321 
912 536 874 
===========
123 457 689 
456 289 137 
789 361 245 

297 814 563 
564 932 718 
831 675 924 

378 196 452 
645 728 391 
912 543 876 
===========
123 457 689 
456 289 137 
789 361 245 

297 814 563 
564 932 718 
831 675 924 

378 196 452 
645 723 891 
912 548 376 
===========
123 457 689 
456 289 137 
789 361 245 

297 814 563 
564 973 812 
831 625 794 

378 192 456 
645 738 921 
912 546 378 
===========
123 457 689 
456 289 137 
789 361 245 

297 814 563 
564 973 821 
831 625 794 

378 192 456 
645 738 912 
912 546 378 
===========
123 457 689 
456 289 137 
789 361 245 

297 814 563 
564 973 821 
831 625 794 

378 196 452 
645 732 918 
912 548 376 
===========
123 457 689 
456 289 137 
789 361 245 

297 814 563 
564 923 718 
831 675 924 

378 196 452 
645 732 891 
912 548 376 
===========
123 457 689 
456 289 137 
789 361 245 

297 814 563 
564 932 718 
831 675 492 

378 126 954 
645 798 321 
912 543 876 
===========
123 457 689 
456 289 137 
789 361 245 

297 814 563 
564 932 718 
831 675 492 

378 126 954 
645 793 821 
912 548 376 
===========
123 457 689 
456 289 137 
789 361 245 

297 815 364 
564 923 718 
831 674 592 

378 192 456 
645 738 921 
912 546 873 
===========
123 457 689 
456 289 137 
789 361 245 

297 815 463 
564 923 718 
831 674 592 

378 142 956 
645 798 321 
912 536 874 
===========
123 457 689 
456 289 137 
789 361 245 

297 815 463 
564 923 718 
831 674 952 

378 142 596 
645 798 321 
912 536 874 
===========
123 457 689 
456 289 137 
789 361 245 

297 815 463 
564 932 718 
831 674 952 

378 196 524 
645 728 391 
912 543 876 
===========
123 457 689 
456 289 137 
789 361 245 

297 815 463 
564 932 718 
831 674 952 

378 196 524 
645 723 891 
912 548 376 
===========
123 457 689 
456 289 137 
789 361 245 

297 815 463 
564 923 718 
831 674 952 

378 196 524 
645 732 891 
912 548 376 
===========
123 457 689 
456 289 137 
789 361 245 

297 815 463 
564 932 718 
831 674 592 

378 126 954 
645 798 321 
912 543 876 
===========
123 457 689 
456 289 137 
789 361 245 

297 815 463 
564 932 718 
831 674 952 

378 126 594 
645 798 321 
912 543 876 
===========
123 457 689 
456 289 137 
789 361 245 

297 815 463 
564 932 718 
831 674 592 

378 126 954 
645 793 821 
912 548 376 
===========
123 457 689 
456 289 137 
789 361 245 

297 815 463 
564 932 718 
831 674 952 

378 126 594 
645 793 821 
912 548 376 
===========
123 457 689 
456 289 137 
789 361 245 

297 834 516 
564 912 378 
831 675 924 

378 196 452 
645 723 891 
912 548 763 
===========
123 457 689 
456 289 137 
789 361 245 

297 834 516 
564 912 873 
831 675 924 

378 196 452 
645 728 391 
912 543 768 
===========
123 457 689 
456 289 137 
789 361 245 

297 834 516 
564 912 378 
831 675 492 

378 126 954 
645 793 821 
912 548 763 
===========
123 457 689 
456 289 137 
789 361 245 

297 834 516 
564 912 873 
831 675 492 

378 126 954 
645 798 321 
912 543 768 
===========
123 457 689 
456 289 137 
789 361 245 

297 835 416 
564 912 378 
831 674 952 

378 196 524 
645 723 891 
912 548 763 
===========
123 457 689 
456 289 137 
789 361 245 

297 835 416 
564 912 873 
831 674 952 

378 196 524 
645 728 391 
912 543 768 
===========
123 457 689 
456 289 137 
789 361 245 

297 835 416 
564 912 378 
831 674 592 

378 126 954 
645 793 821 
912 548 763 
===========
123 457 689 
456 289 137 
789 361 245 

297 835 416 
564 912 378 
831 674 952 

378 126 594 
645 793 821 
912 548 763 
===========
123 457 689 
456 289 137 
789 361 245 

297 835 416 
564 912 873 
831 674 592 

378 126 954 
645 798 321 
912 543 768 
===========
123 457 689 
456 289 137 
789 361 245 

297 835 416 
564 912 873 
831 674 952 

378 126 594 
645 798 321 
912 543 768 
===========
123 457 689 
456 289 137 
789 361 245 

297 843 516 
564 912 873 
831 675 924 

378 196 452 
645 728 391 
912 534 768 
===========
123 457 689 
456 289 137 
789 361 245 

297 843 516 
564 912 873 
831 675 492 

378 126 954 
645 798 321 
912 534 768 
===========
123 457 689 
456 289 137 
789 361 245 

297 845 361 
564 913 728 
831 672 594 

378 196 452 
645 728 913 
912 534 876 
===========
123 457 689 
456 289 137 
789 361 245 

297 613 458 
564 872 391 
831 945 762 

378 196 524 
645 728 913 
912 534 876 
===========
123 457 689 
456 289 137 
789 361 245 

297 613 458 
564 872 391 
831 945 726 

378 194 562 
645 728 913 
912 536 874 
===========
123 457 689 
456 289 137 
789 361 245 

297 613 458 
564 872 391 
831 945 762 

378 194 526 
645 728 913 
912 536 874 
===========
123 457 689 
456 289 137 
789 361 245 

297 613 458 
564 872 913 
831 945 762 

378 196 524 
645 728 391 
912 534 876 
===========
123 457 689 
456 289 137 
789 361 245 

297 613 458 
564 872 913 
831 945 726 

378 194 562 
645 728 391 
912 536 874 
===========
123 457 689 
456 289 137 
789 361 245 

297 613 458 
564 872 913 
831 945 762 

378 194 526 
645 728 391 
912 536 874 
===========
123 457 689 
456 289 137 
789 361 245 

297 613 458 
564 872 913 
831 945 762 

378 126 594 
645 798 321 
912 534 876 
===========
123 457 689 
456 289 137 
789 361 245 

297 613 458 
564 872 913 
831 945 762 

378 124 596 
645 798 321 
912 536 874 
===========
123 457 689 
456 289 137 
789 361 245 

297 613 854 
564 872 391 
831 945 726 

378 194 562 
645 728 913 
912 536 478 
===========
123 457 689 
456 289 137 
789 361 245 

297 613 854 
564 872 391 
831 945 762 

378 194 526 
645 728 913 
912 536 478 
===========
123 457 689 
456 289 137 
789 361 245 

297 613 854 
564 872 913 
831 945 726 

378 194 562 
645 728 391 
912 536 478 
===========
123 457 689 
456 289 137 
789 361 245 

297 613 854 
564 872 913 
831 945 762 

378 194 526 
645 728 391 
912 536 478 
===========
123 457 689 
456 289 137 
789 361 245 

297 613 854 
564 872 913 
831 945 762 

378 124 596 
645 798 321 
912 536 478 
===========
123 457 689 
456 289 137 
789 361 245 

297 614 358 
564 873 921 
831 925 476 

378 146 592 
645 792 813 
912 538 764 
===========
123 457 689 
456 289 137 
789 361 245 

297 614 358 
564 873 921 
831 925 764 

378 146 592 
645 792 813 
912 538 476 
===========
123 457 689 
456 289 137 
789 361 245 

297 614 358 
564 823 971 
831 975 426 

378 146 592 
645 792 813 
912 538 764 
===========
123 457 689 
456 289 137 
789 361 245 

297 614 358 
564 832 791 
831 975 462 

378 196 524 
645 728 913 
912 543 876 
===========
123 457 689 
456 289 137 
789 361 245 

297 614 358 
564 873 912 
831 925 476 

378 196 524 
645 732 891 
912 548 763 
===========
123 457 689 
456 289 137 
789 361 245 

297 614 358 
564 823 791 
831 975 426 

378 192 564 
645 738 912 
912 546 873 
===========
123 457 689 
456 289 137 
789 361 245 

297 614 358 
564 832 971 
831 975 426 

378 126 594 
645 793 812 
912 548 763 
===========
123 457 689 
456 289 137 
789 361 245 

297 614 853 
564 873 912 
831 925 764 

378 142 596 
645 798 321 
912 536 478 
===========
123 457 689 
456 289 137 
789 361 245 

297 614 853 
564 873 921 
831 925 764 

378 142 596 
645 798 312 
912 536 478 
===========
123 457 689 
456 289 137 
789 361 245 

297 614 853 
564 873 921 
831 925 476 

378 146 592 
645 792 318 
912 538 764 
===========
123 457 689 
456 289 137 
789 361 245 

297 614 853 
564 873 921 
831 925 764 

378 146 592 
645 792 318 
912 538 476 
===========
123 457 689 
456 289 137 
789 361 245 

297 614 853 
564 823 971 
831 975 426 

378 146 592 
645 792 318 
912 538 764 
===========
123 457 689 
456 289 137 
789 361 245 

297 614 853 
564 832 791 
831 975 462 

378 196 524 
645 723 918 
912 548 376 
===========
123 457 689 
456 289 137 
789 361 245 

297 614 853 
564 823 791 
831 975 426 

378 192 564 
645 738 912 
912 546 378 
===========
123 457 689 
456 289 137 
789 361 245 

297 614 853 
564 823 791 
831 975 462 

378 196 524 
645 732 918 
912 548 376 
===========
123 457 689 
456 289 137 
789 361 245 

297 614 853 
564 832 971 
831 975 426 

378 126 594 
645 798 312 
912 543 768 
===========
123 457 689 
456 289 137 
789 361 245 

297 634 518 
564 812 793 
831 975 462 

378 126 954 
645 798 321 
912 543 876 
===========
123 457 689 
456 289 137 
789 361 245 

297 634 518 
564 812 793 
831 975 462 

378 126 954 
645 793 821 
912 548 376 
===========
123 457 689 
456 289 137 
789 361 245 

297 634 851 
564 812 793 
831 975 462 

378 196 524 
645 723 918 
912 548 376 
===========
123 457 689 
456 289 137 
789 361 245 

297 634 851 
564 812 973 
831 975 426 

378 126 594 
645 798 312 
912 543 768 
===========
123 457 689 
456 289 137 
789 361 245 

297 635 418 
564 812 793 
831 974 562 

378 126 954 
645 798 321 
912 543 876 
===========
123 457 689 
456 289 137 
789 361 245 

297 635 418 
564 812 793 
831 974 562 

378 126 954 
645 793 821 
912 548 376 
===========
123 457 689 
456 289 137 
789 361 245 

297 635 814 
564 812 973 
831 974 526 

378 196 452 
645 728 391 
912 543 768 
===========
123 457 689 
456 289 137 
789 361 245 

297 643 518 
564 812 793 
831 975 462 

378 126 954 
645 798 321 
912 534 876 
===========
