123 457 689 
456 289 137 
789 361 254 

297 815 346 
564 923 871 
831 746 592 

378 692 415 
645 178 923 
912 534 768 
===========
123 457 689 
456 289 137 
789 361 254 

297 815 346 
564 932 871 
831 746 925 

378 694 512 
645 128 793 
912 573 468 
===========
123 457 689 
456 289 137 
789 361 254 

297 815 346 
564 932 871 
831 746 925 

378 694 512 
645 123 798 
912 578 463 
===========
123 457 689 
456 289 137 
789 361 254 

297 815 346 
564 923 871 
831 746 925 

378 694 512 
645 132 798 
912 578 463 
===========
123 457 689 
456 289 137 
789 361 254 

297 815 346 
564 932 718 
831 746 925 

378 624 591 
645 193 872 
912 578 463 
===========
123 457 689 
456 289 137 
789 361 254 

297 815 346 
564 932 871 
831 746 592 

378 624 915 
645 198 723 
912 573 468 
===========
123 457 689 
456 289 137 
789 361 254 

297 815 346 
564 932 871 
831 746 592 

378 624 915 
645 193 728 
912 578 463 
===========
123 457 689 
456 289 137 
789 361 254 

297 815 463 
564 923 718 
831 746 925 

378 692 541 
645 178 392 
912 534 876 
===========
123 457 689 
456 289 137 
789 361 254 

297 815 463 
564 923 871 
831 746 925 

378 694 512 
645 172 398 
912 538 746 
===========
123 457 689 
456 289 137 
789 361 254 

297 815 463 
564 932 871 
831 746 925 

378 694 512 
645 123 798 
912 578 346 
===========
123 457 689 
456 289 137 
789 361 254 

297 815 463 
564 923 871 
831 746 925 

378 694 512 
645 132 798 
912 578 346 
===========
123 457 689 
456 289 137 
789 361 254 

297 815 463 
564 932 718 
831 746 925 

378 624 591 
645 198 372 
912 573 846 
===========
123 457 689 
456 289 137 
789 361 254 

297 815 463 
564 932 718 
831 746 925 

378 624 591 
645 193 872 
912 578 346 
===========
123 457 689 
456 289 137 
789 361 254 

297 815 463 
564 932 871 
831 746 592 

378 624 915 
645 193 728 
912 578 346 
===========
123 457 689 
456 289 137 
789 361 254 

297 816 345 
564 923 718 
831 745 962 

378 694 521 
645 172 893 
912 538 476 
===========
123 457 689 
456 289 137 
789 361 254 

297 816 345 
564 932 871 
831 745 926 

378 694 512 
645 128 793 
912 573 468 
===========
123 457 689 
456 289 137 
789 361 254 

297 816 345 
564 932 871 
831 745 926 

378 694 512 
645 123 798 
912 578 463 
===========
123 457 689 
456 289 137 
789 361 254 

297 816 345 
564 923 871 
831 745 926 

378 694 512 
645 132 798 
912 578 463 
===========
123 457 689 
456 289 137 
789 361 254 

297 816 345 
564 932 718 
831 745 926 

378 624 591 
645 193 872 
912 578 463 
===========
123 457 689 
456 289 137 
789 361 254 

297 816 543 
564 923 871 
831 745 926 

378 692 415 
645 178 392 
912 534 768 
===========
123 457 689 
456 289 137 
789 361 254 

297 816 543 
564 923 871 
831 745 926 

378 692 415 
645 138 792 
912 574 368 
===========
123 457 689 
456 289 137 
789 361 254 

297 835 461 
564 912 378 
831 746 925 

378 694 512 
645 128 793 
912 573 846 
===========
123 457 689 
456 289 137 
789 361 254 

297 835 461 
564 912 873 
831 746 925 

378 694 512 
645 123 798 
912 578 346 
===========
123 457 689 
456 289 137 
789 361 254 

297 835 461 
564 912 378 
831 746 592 

378 624 915 
645 198 723 
912 573 846 
===========
123 457 689 
456 289 137 
789 361 254 

297 835 461 
564 912 873 
831 746 592 

378 624 915 
645 193 728 
912 578 346 
===========
123 457 689 
456 289 137 
789 361 254 

297 836 415 
564 912 378 
831 745 962 

378 694 521 
645 128 793 
912 573 846 
===========
123 457 689 
456 289 137 
789 361 254 

297 836 415 
564 912 873 
831 745 962 

378 694 521 
645 123 798 
912 578 346 
===========
123 457 689 
456 289 137 
789 361 254 

297 836 415 
564 912 378 
831 745 962 

378 624 591 
645 198 723 
912 573 846 
===========
123 457 689 
456 289 137 
789 361 254 

297 836 415 
564 912 873 
831 745 962 

378 624 591 
645 193 728 
912 578 346 
===========
123 457 689 
456 289 137 
789 361 254 

297 845 316 
564 913 872 
831 726 495 

378 692 541 
645 178 923 
912 534 768 
===========
123 457 689 
456 289 137 
789 361 254 

297 845 316 
564 913 728 
831 726 495 

378 692 541 
645 138 972 
912 574 863 
===========
123 457 689 
456 289 137 
789 361 254 

297 845 316 
564 913 872 
831 726 945 

378 694 521 
645 132 798 
912 578 463 
===========
123 457 689 
456 289 137 
789 361 254 

297 845 361 
564 913 728 
831 726 945 

378 694 512 
645 172 893 
912 538 476 
===========
123 457 689 
456 289 137 
789 361 254 

297 846 315 
564 913 872 
831 725 496 

378 692 541 
645 178 923 
912 534 768 
===========
123 457 689 
456 289 137 
789 361 254 

297 846 315 
564 913 728 
831 725 496 

378 692 541 
645 138 972 
912 574 863 
===========
123 457 689 
456 289 137 
789 361 254 

297 846 315 
564 913 872 
831 725 946 

378 694 521 
645 132 798 
912 578 463 
===========
123 457 689 
456 289 137 
789 361 254 

297 815 346 
564 723 891 
831 946 572 

378 692 415 
645 178 923 
912 534 768 
===========
123 457 689 
456 289 137 
789 361 254 

297 815 346 
564 732 891 
831 946 725 

378 694 512 
645 128 973 
912 573 468 
===========
123 457 689 
456 289 137 
789 361 254 

297 815 346 
564 732 891 
831 946 725 

378 694 512 
645 123 978 
912 578 463 
===========
123 457 689 
456 289 137 
789 361 254 

297 815 346 
564 723 891 
831 946 725 

378 694 512 
645 132 978 
912 578 463 
===========
123 457 689 
456 289 137 
789 361 254 

297 815 346 
564 732 891 
831 946 572 

378 624 915 
645 198 723 
912 573 468 
===========
123 457 689 
456 289 137 
789 361 254 

297 815 346 
564 732 891 
831 946 572 

378 624 915 
645 193 728 
912 578 463 
===========
123 457 689 
456 289 137 
789 361 254 

297 815 346 
564 732 918 
831 946 725 

378 624 591 
645 193 872 
912 578 463 
===========
123 457 689 
456 289 137 
789 361 254 

297 815 463 
564 723 918 
831 946 725 

378 692 541 
645 178 392 
912 534 876 
===========
123 457 689 
456 289 137 
789 361 254 

297 815 463 
564 732 891 
831 946 725 

378 694 512 
645 123 978 
912 578 346 
===========
123 457 689 
456 289 137 
789 361 254 

297 815 463 
564 723 891 
831 946 725 

378 694 512 
645 132 978 
912 578 346 
===========
123 457 689 
456 289 137 
789 361 254 

297 815 463 
564 732 891 
831 946 572 

378 624 915 
645 193 728 
912 578 346 
===========
123 457 689 
456 289 137 
789 361 254 

297 815 463 
564 732 918 
831 946 725 

378 624 591 
645 198 372 
912 573 846 
===========
123 457 689 
456 289 137 
789 361 254 

297 815 463 
564 732 918 
831 946 725 

378 624 591 
645 193 872 
912 578 346 
===========
123 457 689 
456 289 137 
789 361 254 

297 816 345 
564 723 918 
831 945 762 

378 694 521 
645 172 893 
912 538 476 
===========
123 457 689 
456 289 137 
789 361 254 

297 816 345 
564 732 891 
831 945 726 

378 694 512 
645 128 973 
912 573 468 
===========
123 457 689 
456 289 137 
789 361 254 

297 816 345 
564 732 891 
831 945 726 

378 694 512 
645 123 978 
912 578 463 
===========
123 457 689 
456 289 137 
789 361 254 

297 816 345 
564 723 891 
831 945 726 

378 694 512 
645 132 978 
912 578 463 
===========
123 457 689 
456 289 137 
789 361 254 

297 816 345 
564 732 918 
831 945 726 

378 624 591 
645 193 872 
912 578 463 
===========
123 457 689 
456 289 137 
789 361 254 

297 816 543 
564 723 891 
831 945 726 

378 692 415 
645 138 972 
912 574 368 
===========
123 457 689 
456 289 137 
789 361 254 

297 816 543 
564 732 891 
831 945 726 

378 624 915 
645 198 372 
912 573 468 
===========
123 457 689 
456 289 137 
789 361 254 

297 835 461 
564 712 398 
831 946 725 

378 694 512 
645 128 973 
912 573 846 
===========
123 457 689 
456 289 137 
789 361 254 

297 835 461 
564 712 893 
831 946 725 

378 694 512 
645 123 978 
912 578 346 
===========
123 457 689 
456 289 137 
789 361 254 

297 835 461 
564 712 398 
831 946 572 

378 624 915 
645 198 723 
912 573 846 
===========
123 457 689 
456 289 137 
789 361 254 

297 835 461 
564 712 893 
831 946 572 

378 624 915 
645 193 728 
912 578 346 
===========
123 457 689 
456 289 137 
789 361 254 

297 836 415 
564 712 398 
831 945 762 

378 694 521 
645 128 973 
912 573 846 
===========
123 457 689 
456 289 137 
789 361 254 

297 836 415 
564 712 893 
831 945 762 

378 694 521 
645 123 978 
912 578 346 
===========
123 457 689 
456 289 137 
789 361 254 

297 836 541 
564 712 398 
831 945 726 

378 624 915 
645 193 872 
912 578 463 
===========
123 457 689 
456 289 137 
789 361 254 

297 836 541 
564 712 893 
831 945 726 

378 624 915 
645 198 372 
912 573 468 
===========
123 457 689 
456 289 137 
789 361 254 

297 845 316 
564 713 892 
831 926 475 

378 692 541 
645 178 923 
912 534 768 
===========
123 457 689 
456 289 137 
789 361 254 

297 845 316 
564 713 892 
831 926 745 

378 694 521 
645 132 978 
912 578 463 
===========
123 457 689 
456 289 137 
789 361 254 

297 845 316 
564 713 928 
831 926 475 

378 692 541 
645 138 792 
912 574 863 
===========
123 457 689 
456 289 137 
789 361 254 

297 845 361 
564 713 928 
831 926 475 

378 694 512 
645 172 893 
912 538 746 
===========
123 457 689 
456 289 137 
789 361 254 

297 845 361 
564 713 928 
831 926 745 

378 694 512 
645 172 893 
912 538 476 
===========
123 457 689 
456 289 137 
789 361 254 

297 846 315 
564 713 892 
831 925 476 

378 692 541 
645 178 923 
912 534 768 
===========
123 457 689 
456 289 137 
789 361 254 

297 846 315 
564 713 892 
831 925 746 

378 694 521 
645 132 978 
912 578 463 
===========
123 457 689 
456 289 137 
789 361 254 

297 846 315 
564 713 928 
831 925 476 

378 692 541 
645 138 792 
912 574 863 
===========
123 457 689 
456 289 137 
789 361 254 

297 813 465 
564 792 318 
831 645 792 

378 926 541 
645 178 923 
912 534 876 
===========
123 457 689 
456 289 137 
789 361 254 

297 814 365 
564 723 891 
831 695 472 

378 942 516 
645 178 923 
912 536 748 
===========
123 457 689 
456 289 137 
789 361 254 

297 814 365 
564 723 891 
831 695 742 

378 942 516 
645 178 923 
912 536 478 
===========
123 457 689 
456 289 137 
789 361 254 

297 814 365 
564 723 918 
831 695 472 

378 946 521 
645 172 893 
912 538 746 
===========
123 457 689 
456 289 137 
789 361 254 

297 814 365 
564 723 918 
831 695 742 

378 946 521 
645 172 893 
912 538 476 
===========
123 457 689 
456 289 137 
789 361 254 

297 814 365 
564 732 918 
831 695 472 

378 946 521 
645 128 793 
912 573 846 
===========
123 457 689 
456 289 137 
789 361 254 

297 814 563 
564 732 891 
831 695 742 

378 926 415 
645 173 928 
912 548 376 
===========
123 457 689 
456 289 137 
789 361 254 

297 815 346 
564 793 812 
831 642 795 

378 924 561 
645 178 923 
912 536 478 
===========
123 457 689 
456 289 137 
789 361 254 

297 815 346 
564 793 812 
831 624 795 

378 942 561 
645 178 923 
912 536 478 
===========
123 457 689 
456 289 137 
789 361 254 

297 815 346 
564 732 891 
831 694 572 

378 926 415 
645 178 923 
912 543 768 
===========
123 457 689 
456 289 137 
789 361 254 

297 815 346 
564 732 891 
831 694 572 

378 926 415 
645 173 928 
912 548 763 
===========
123 457 689 
456 289 137 
789 361 254 

297 815 346 
564 732 891 
831 694 725 

378 946 512 
645 128 973 
912 573 468 
===========
123 457 689 
456 289 137 
789 361 254 

297 815 346 
564 732 891 
831 694 725 

378 946 512 
645 123 978 
912 578 463 
===========
123 457 689 
456 289 137 
789 361 254 

297 815 346 
564 793 812 
831 624 795 

378 946 521 
645 132 978 
912 578 463 
===========
123 457 689 
456 289 137 
789 361 254 

297 815 346 
564 793 812 
831 624 975 

378 946 521 
645 132 798 
912 578 463 
===========
123 457 689 
456 289 137 
789 361 254 

297 815 346 
564 793 821 
831 624 795 

378 946 512 
645 132 978 
912 578 463 
===========
123 457 689 
456 289 137 
789 361 254 

297 815 346 
564 793 821 
831 624 975 

378 946 512 
645 132 798 
912 578 463 
===========
123 457 689 
456 289 137 
789 361 254 

297 815 346 
564 723 891 
831 694 725 

378 946 512 
645 132 978 
912 578 463 
===========
123 457 689 
456 289 137 
789 361 254 

297 815 463 
564 793 821 
831 642 975 

378 924 516 
645 178 392 
912 536 748 
===========
123 457 689 
456 289 137 
789 361 254 

297 815 463 
564 793 812 
831 624 975 

378 946 521 
645 172 398 
912 538 746 
===========
123 457 689 
456 289 137 
789 361 254 

297 815 463 
564 793 821 
831 624 975 

378 942 516 
645 178 392 
912 536 748 
===========
123 457 689 
456 289 137 
789 361 254 

297 815 463 
564 793 821 
831 624 975 

378 946 512 
645 172 398 
912 538 746 
===========
123 457 689 
456 289 137 
789 361 254 

297 815 463 
564 732 918 
831 694 725 

378 926 541 
645 178 392 
912 543 876 
===========
123 457 689 
456 289 137 
789 361 254 

297 815 463 
564 732 918 
831 694 725 

378 926 541 
645 173 892 
912 548 376 
===========
123 457 689 
456 289 137 
789 361 254 

297 815 463 
564 732 891 
831 694 725 

378 946 512 
645 123 978 
912 578 346 
===========
123 457 689 
456 289 137 
789 361 254 

297 815 463 
564 793 821 
831 642 795 

378 924 516 
645 138 972 
912 576 348 
===========
123 457 689 
456 289 137 
789 361 254 

297 815 463 
564 793 821 
831 642 975 

378 924 516 
645 138 792 
912 576 348 
===========
123 457 689 
456 289 137 
789 361 254 

297 815 463 
564 793 812 
831 624 795 

378 946 521 
645 132 978 
912 578 346 
===========
123 457 689 
456 289 137 
789 361 254 

297 815 463 
564 793 812 
831 624 975 

378 946 521 
645 132 798 
912 578 346 
===========
123 457 689 
456 289 137 
789 361 254 

297 815 463 
564 793 821 
831 624 795 

378 942 516 
645 138 972 
912 576 348 
===========
123 457 689 
456 289 137 
789 361 254 

297 815 463 
564 793 821 
831 624 975 

378 942 516 
645 138 792 
912 576 348 
===========
123 457 689 
456 289 137 
789 361 254 

297 815 463 
564 793 821 
831 624 795 

378 946 512 
645 132 978 
912 578 346 
===========
123 457 689 
456 289 137 
789 361 254 

297 815 463 
564 793 821 
831 624 975 

378 946 512 
645 132 798 
912 578 346 
===========
123 457 689 
456 289 137 
789 361 254 

297 815 463 
564 723 891 
831 694 725 

378 942 516 
645 138 972 
912 576 348 
===========
123 457 689 
456 289 137 
789 361 254 

297 815 463 
564 723 891 
831 694 725 

378 946 512 
645 132 978 
912 578 346 
===========
123 457 689 
456 289 137 
789 361 254 

297 834 561 
564 712 398 
831 695 742 

378 926 415 
645 178 923 
912 543 876 
===========
123 457 689 
456 289 137 
789 361 254 

297 834 561 
564 712 893 
831 695 742 

378 926 415 
645 173 928 
912 548 376 
===========
123 457 689 
456 289 137 
789 361 254 

297 835 461 
564 712 398 
831 694 725 

378 946 512 
645 128 973 
912 573 846 
===========
123 457 689 
456 289 137 
789 361 254 

297 835 461 
564 712 893 
831 694 725 

378 946 512 
645 123 978 
912 578 346 
===========
123 457 689 
456 289 137 
789 361 254 

297 843 561 
564 712 398 
831 695 742 

378 926 415 
645 178 923 
912 534 876 
===========
123 457 689 
456 289 137 
789 361 254 

297 845 316 
564 713 892 
831 692 475 

378 926 541 
645 178 923 
912 534 768 
===========
123 457 689 
456 289 137 
789 361 254 

297 845 316 
564 713 892 
831 692 475 

378 924 561 
645 178 923 
912 536 748 
===========
123 457 689 
456 289 137 
789 361 254 

297 845 316 
564 713 892 
831 692 745 

378 924 561 
645 178 923 
912 536 478 
===========
123 457 689 
456 289 137 
789 361 254 

297 845 316 
564 713 928 
831 692 475 

378 926 541 
645 138 792 
912 574 863 
===========
123 457 689 
456 289 137 
789 361 254 

297 845 316 
564 713 928 
831 692 475 

378 924 561 
645 138 792 
912 576 843 
===========
123 457 689 
456 289 137 
789 361 254 

297 845 361 
564 713 892 
831 692 475 

378 924 516 
645 178 923 
912 536 748 
===========
123 457 689 
456 289 137 
789 361 254 

297 845 361 
564 713 892 
831 692 745 

378 924 516 
645 178 923 
912 536 478 
===========
123 457 689 
456 289 137 
789 361 254 

297 845 361 
564 713 928 
831 692 475 

378 924 516 
645 138 792 
912 576 843 
===========
123 457 689 
456 289 137 
789 361 254 

297 613 548 
564 892 371 
831 745 926 

378 926 415 
645 138 792 
912 574 863 
===========
123 457 689 
456 289 137 
789 361 254 

297 613 845 
564 892 713 
831 745 926 

378 924 561 
645 178 392 
912 536 478 
===========
123 457 689 
456 289 137 
789 361 254 

297 615 348 
564 893 712 
831 724 965 

378 946 521 
645 172 893 
912 538 476 
===========
123 457 689 
456 289 137 
789 361 254 

297 615 348 
564 893 721 
831 724 965 

378 946 512 
645 172 893 
912 538 476 
===========
123 457 689 
456 289 137 
789 361 254 

297 615 348 
564 832 791 
831 794 562 

378 926 415 
645 178 923 
912 543 876 
===========
123 457 689 
456 289 137 
789 361 254 

297 615 348 
564 832 971 
831 794 526 

378 926 415 
645 173 892 
912 548 763 
===========
123 457 689 
456 289 137 
789 361 254 

297 615 348 
564 893 721 
831 742 596 

378 926 415 
645 138 972 
912 574 863 
===========
123 457 689 
456 289 137 
789 361 254 

297 615 843 
564 893 721 
831 742 965 

378 924 516 
645 178 392 
912 536 478 
===========
123 457 689 
456 289 137 
789 361 254 

297 615 843 
564 893 712 
831 724 965 

378 946 521 
645 172 398 
912 538 476 
===========
123 457 689 
456 289 137 
789 361 254 

297 615 843 
564 893 721 
831 724 965 

378 942 516 
645 178 392 
912 536 478 
===========
123 457 689 
456 289 137 
789 361 254 

297 615 843 
564 893 721 
831 724 965 

378 946 512 
645 172 398 
912 538 476 
===========
123 457 689 
456 289 137 
789 361 254 

297 615 843 
564 832 791 
831 794 562 

378 926 415 
645 173 928 
912 548 376 
===========
123 457 689 
456 289 137 
789 361 254 

297 615 843 
564 832 971 
831 794 526 

378 926 415 
645 178 392 
912 543 768 
===========
123 457 689 
456 289 137 
789 361 254 

297 615 843 
564 893 721 
831 742 596 

378 926 415 
645 138 972 
912 574 368 
===========
123 457 689 
456 289 137 
789 361 254 

297 634 815 
564 812 793 
831 795 462 

378 926 541 
645 173 928 
912 548 376 
===========
123 457 689 
456 289 137 
789 361 254 

297 634 815 
564 812 973 
831 795 426 

378 926 541 
645 178 392 
912 543 768 
===========
123 457 689 
456 289 137 
789 361 254 

297 634 815 
564 812 793 
831 795 462 

378 946 521 
645 123 978 
912 578 346 
===========
123 457 689 
456 289 137 
789 361 254 

297 634 815 
564 812 973 
831 795 462 

378 946 521 
645 123 798 
912 578 346 
===========
123 457 689 
456 289 137 
789 361 254 

297 635 841 
564 812 793 
831 794 562 

378 926 415 
645 173 928 
912 548 376 
===========
123 457 689 
456 289 137 
789 361 254 

297 635 841 
564 812 973 
831 794 526 

378 926 415 
645 178 392 
912 543 768 
===========
123 457 689 
456 289 137 
789 361 254 

297 643 815 
564 812 973 
831 795 426 

378 926 541 
645 178 392 
912 534 768 
===========
123 457 689 
456 289 137 
789 361 254 

297 643 815 
564 812 973 
831 795 426 

378 924 561 
645 178 392 
912 536 748 
===========
123 457 689 
456 289 137 
789 361 254 

297 643 815 
564 812 793 
831 795 426 

378 926 541 
645 138 972 
912 574 368 
===========
123 457 689 
456 289 137 
789 361 254 

297 643 815 
564 812 793 
831 795 426 

378 924 561 
645 138 972 
912 576 348 
===========
123 457 689 
456 289 137 
789 361 254 

297 643 815 
564 812 973 
831 795 426 

378 926 541 
645 138 792 
912 574 368 
===========
123 457 689 
456 289 137 
789 361 254 

297 643 815 
564 812 973 
831 795 426 

378 924 561 
645 138 792 
912 576 348 
===========
123 457 689 
456 289 137 
789 361 254 

297 645 318 
564 813 792 
831 792 465 

378 926 541 
645 178 923 
912 534 876 
===========
123 457 689 
456 289 137 
789 361 254 

297 813 465 
564 972 813 
831 645 972 

378 194 526 
645 728 391 
912 536 748 
===========
123 457 689 
456 289 137 
789 361 254 

297 813 465 
564 972 813 
831 645 972 

378 124 596 
645 798 321 
912 536 748 
===========
123 457 689 
456 289 137 
789 361 254 

297 813 546 
564 972 813 
831 645 972 

378 196 425 
645 728 391 
912 534 768 
===========
123 457 689 
456 289 137 
789 361 254 

297 813 546 
564 972 813 
831 645 972 

378 126 495 
645 798 321 
912 534 768 
===========
123 457 689 
456 289 137 
789 361 254 

297 813 546 
564 972 813 
831 645 792 

378 124 965 
645 798 321 
912 536 478 
===========
123 457 689 
456 289 137 
789 361 254 

297 814 365 
564 923 718 
831 675 492 

378 192 546 
645 738 921 
912 546 873 
===========
123 457 689 
456 289 137 
789 361 254 

297 814 563 
564 923 871 
831 675 492 

378 146 925 
645 792 318 
912 538 746 
===========
123 457 689 
456 289 137 
789 361 254 

297 814 563 
564 932 718 
831 675 942 

378 196 425 
645 728 391 
912 543 876 
===========
123 457 689 
456 289 137 
789 361 254 

297 814 563 
564 932 718 
831 675 942 

378 196 425 
645 723 891 
912 548 376 
===========
123 457 689 
456 289 137 
789 361 254 

297 814 563 
564 923 718 
831 675 942 

378 196 425 
645 732 891 
912 548 376 
===========
123 457 689 
456 289 137 
789 361 254 

297 814 563 
564 932 718 
831 675 492 

378 126 945 
645 798 321 
912 543 876 
===========
123 457 689 
456 289 137 
789 361 254 

297 814 563 
564 932 718 
831 675 942 

378 126 495 
645 798 321 
912 543 876 
===========
123 457 689 
456 289 137 
789 361 254 

297 814 563 
564 932 718 
831 675 492 

378 126 945 
645 793 821 
912 548 376 
===========
123 457 689 
456 289 137 
789 361 254 

297 814 563 
564 932 718 
831 675 942 

378 126 495 
645 793 821 
912 548 376 
===========
123 457 689 
456 289 137 
789 361 254 

297 815 346 
564 973 821 
831 642 795 

378 194 562 
645 728 913 
912 536 478 
===========
123 457 689 
456 289 137 
789 361 254 

297 815 346 
564 932 871 
831 674 592 

378 196 425 
645 728 913 
912 543 768 
===========
123 457 689 
456 289 137 
789 361 254 

297 815 346 
564 932 871 
831 674 592 

378 196 425 
645 723 918 
912 548 763 
===========
123 457 689 
456 289 137 
789 361 254 

297 815 346 
564 923 718 
831 674 592 

378 192 465 
645 738 921 
912 546 873 
===========
123 457 689 
456 289 137 
789 361 254 

297 815 346 
564 923 871 
831 674 592 

378 196 425 
645 732 918 
912 548 763 
===========
123 457 689 
456 289 137 
789 361 254 

297 815 463 
564 973 812 
831 642 975 

378 194 526 
645 728 391 
912 536 748 
===========
123 457 689 
456 289 137 
789 361 254 

297 815 463 
564 973 812 
831 642 975 

378 124 596 
645 798 321 
912 536 748 
===========
123 457 689 
456 289 137 
789 361 254 

297 815 463 
564 973 821 
831 642 975 

378 124 596 
645 798 312 
912 536 748 
===========
123 457 689 
456 289 137 
789 361 254 

297 815 463 
564 973 812 
831 624 975 

378 142 596 
645 798 321 
912 536 748 
===========
123 457 689 
456 289 137 
789 361 254 

297 815 463 
564 973 821 
831 624 975 

378 142 596 
645 798 312 
912 536 748 
===========
123 457 689 
456 289 137 
789 361 254 

297 815 463 
564 973 821 
831 624 975 

378 146 592 
645 792 318 
912 538 746 
===========
123 457 689 
456 289 137 
789 361 254 

297 815 463 
564 923 871 
831 674 925 

378 142 596 
645 798 312 
912 536 748 
===========
123 457 689 
456 289 137 
789 361 254 

297 815 463 
564 923 871 
831 674 592 

378 146 925 
645 792 318 
912 538 746 
===========
123 457 689 
456 289 137 
789 361 254 

297 815 463 
564 923 871 
831 674 925 

378 146 592 
645 792 318 
912 538 746 
===========
123 457 689 
456 289 137 
789 361 254 

297 815 463 
564 932 718 
831 674 925 

378 196 542 
645 728 391 
912 543 876 
===========
123 457 689 
456 289 137 
789 361 254 

297 815 463 
564 932 718 
831 674 925 

378 196 542 
645 723 891 
912 548 376 
===========
123 457 689 
456 289 137 
789 361 254 

297 815 463 
564 973 812 
831 624 795 

378 192 546 
645 738 921 
912 546 378 
===========
123 457 689 
456 289 137 
789 361 254 

297 815 463 
564 973 821 
831 624 795 

378 192 546 
645 738 912 
912 546 378 
===========
123 457 689 
456 289 137 
789 361 254 

297 815 463 
564 973 821 
831 624 795 

378 196 542 
645 732 918 
912 548 376 
===========
123 457 689 
456 289 137 
789 361 254 

297 815 463 
564 923 718 
831 674 925 

378 196 542 
645 732 891 
912 548 376 
===========
123 457 689 
456 289 137 
789 361 254 

297 815 463 
564 932 718 
831 674 592 

378 126 945 
645 798 321 
912 543 876 
===========
123 457 689 
456 289 137 
789 361 254 

297 815 463 
564 932 718 
831 674 592 

378 126 945 
645 793 821 
912 548 376 
===========
123 457 689 
456 289 137 
789 361 254 

297 834 516 
564 912 378 
831 675 942 

378 196 425 
645 723 891 
912 548 763 
===========
123 457 689 
456 289 137 
789 361 254 

297 834 516 
564 912 873 
831 675 942 

378 196 425 
645 728 391 
912 543 768 
===========
123 457 689 
456 289 137 
789 361 254 

297 834 516 
564 912 378 
831 675 492 

378 126 945 
645 793 821 
912 548 763 
===========
123 457 689 
456 289 137 
789 361 254 

297 834 516 
564 912 378 
831 675 942 

378 126 495 
645 793 821 
912 548 763 
===========
123 457 689 
456 289 137 
789 361 254 

297 834 516 
564 912 873 
831 675 492 

378 126 945 
645 798 321 
912 543 768 
===========
123 457 689 
456 289 137 
789 361 254 

297 834 516 
564 912 873 
831 675 942 

378 126 495 
645 798 321 
912 543 768 
===========
123 457 689 
456 289 137 
789 361 254 

297 835 416 
564 912 378 
831 674 925 

378 196 542 
645 723 891 
912 548 763 
===========
123 457 689 
456 289 137 
789 361 254 

297 835 416 
564 912 873 
831 674 925 

378 196 542 
645 728 391 
912 543 768 
===========
123 457 689 
456 289 137 
789 361 254 

297 835 416 
564 912 378 
831 674 592 

378 126 945 
645 793 821 
912 548 763 
===========
123 457 689 
456 289 137 
789 361 254 

297 835 416 
564 912 873 
831 674 592 

378 126 945 
645 798 321 
912 543 768 
===========
123 457 689 
456 289 137 
789 361 254 

297 843 516 
564 912 873 
831 675 942 

378 196 425 
645 728 391 
912 534 768 
===========
123 457 689 
456 289 137 
789 361 254 

297 843 516 
564 912 873 
831 675 492 

378 126 945 
645 798 321 
912 534 768 
===========
123 457 689 
456 289 137 
789 361 254 

297 843 516 
564 912 873 
831 675 942 

378 126 495 
645 798 321 
912 534 768 
===========
123 457 689 
456 289 137 
789 361 254 

297 843 516 
564 912 873 
831 675 492 

378 124 965 
645 798 321 
912 536 748 
===========
123 457 689 
456 289 137 
789 361 254 

297 845 361 
564 913 728 
831 672 495 

378 196 542 
645 728 913 
912 534 876 
===========
123 457 689 
456 289 137 
789 361 254 

297 845 361 
564 913 872 
831 672 495 

378 194 526 
645 728 913 
912 536 748 
===========
123 457 689 
456 289 137 
789 361 254 

297 613 548 
564 872 391 
831 945 762 

378 196 425 
645 728 913 
912 534 876 
===========
123 457 689 
456 289 137 
789 361 254 

297 613 548 
564 872 913 
831 945 762 

378 196 425 
645 728 391 
912 534 876 
===========
