123 457 689 
456 289 137 
789 631 524 

297 814 356 
564 923 718 
831 765 942 

378 592 461 
645 178 293 
912 346 875 
===========
123 457 689 
456 289 137 
789 631 524 

297 814 356 
564 923 718 
831 765 492 

378 542 961 
645 198 273 
912 376 845 
===========
123 457 689 
456 289 137 
789 631 524 

297 814 356 
564 923 718 
831 765 942 

378 546 291 
645 192 873 
912 378 465 
===========
123 457 689 
456 289 137 
789 631 524 

297 814 365 
564 923 871 
831 765 942 

378 592 416 
645 178 293 
912 346 758 
===========
123 457 689 
456 289 137 
789 631 524 

297 814 365 
564 923 718 
831 765 942 

378 546 291 
645 192 873 
912 378 456 
===========
123 457 689 
456 289 137 
789 631 524 

297 815 346 
564 923 718 
831 764 952 

378 592 461 
645 178 293 
912 346 875 
===========
123 457 689 
456 289 137 
789 631 524 

297 815 346 
564 923 718 
831 746 952 

378 592 461 
645 178 293 
912 364 875 
===========
123 457 689 
456 289 137 
789 631 524 

297 815 346 
564 923 718 
831 746 952 

378 594 261 
645 172 893 
912 368 475 
===========
123 457 689 
456 289 137 
789 631 524 

297 815 346 
564 923 718 
831 764 952 

378 546 291 
645 192 873 
912 378 465 
===========
123 457 689 
456 289 137 
789 631 524 

297 815 346 
564 923 718 
831 746 952 

378 562 491 
645 198 273 
912 374 865 
===========
123 457 689 
456 289 137 
789 631 524 

297 815 346 
564 923 718 
831 746 952 

378 564 291 
645 192 873 
912 378 465 
===========
123 457 689 
456 289 137 
789 631 524 

297 815 463 
564 923 871 
831 746 952 

378 594 216 
645 172 398 
912 368 745 
===========
123 457 689 
456 289 137 
789 631 524 

297 815 463 
564 923 718 
831 746 295 

378 562 941 
645 198 372 
912 374 856 
===========
123 457 689 
456 289 137 
789 631 524 

297 816 345 
564 923 871 
831 745 962 

378 592 416 
645 178 293 
912 364 758 
===========
123 457 689 
456 289 137 
789 631 524 

297 816 345 
564 923 718 
831 745 962 

378 562 491 
645 198 273 
912 374 856 
===========
123 457 689 
456 289 137 
789 631 524 

297 816 345 
564 923 718 
831 745 962 

378 564 291 
645 192 873 
912 378 456 
===========
123 457 689 
456 289 137 
789 631 524 

297 816 453 
564 923 871 
831 745 962 

378 594 216 
645 172 398 
912 368 745 
===========
123 457 689 
456 289 137 
789 631 524 

297 816 453 
564 923 718 
831 745 296 

378 562 941 
645 198 372 
912 374 865 
===========
123 457 689 
456 289 137 
789 631 524 

297 845 316 
564 913 872 
831 726 945 

378 592 461 
645 178 293 
912 364 758 
===========
123 457 689 
456 289 137 
789 631 524 

297 845 316 
564 913 872 
831 762 945 

378 594 261 
645 128 793 
912 376 458 
===========
123 457 689 
456 289 137 
789 631 524 

297 845 361 
564 913 872 
831 726 945 

378 592 416 
645 178 293 
912 364 758 
===========
123 457 689 
456 289 137 
789 631 524 

297 845 361 
564 913 278 
831 762 945 

378 596 412 
645 128 793 
912 374 856 
===========
123 457 689 
456 289 137 
789 631 524 

297 845 361 
564 913 872 
831 762 945 

378 594 216 
645 128 793 
912 376 458 
===========
123 457 689 
456 289 137 
789 631 524 

297 846 315 
564 913 872 
831 725 946 

378 592 461 
645 178 293 
912 364 758 
===========
123 457 689 
456 289 137 
789 631 524 

297 863 415 
564 912 378 
831 745 962 

378 596 241 
645 128 793 
912 374 856 
===========
123 457 689 
456 289 137 
789 631 524 

297 863 451 
564 912 378 
831 745 962 

378 594 216 
645 128 793 
912 376 845 
===========
123 457 689 
456 289 137 
789 631 524 

297 864 315 
564 913 872 
831 725 946 

378 592 461 
645 178 293 
912 346 758 
===========
123 457 689 
456 289 137 
789 631 524 

297 864 351 
564 913 278 
831 725 946 

378 596 412 
645 172 893 
912 348 765 
===========
123 457 689 
456 289 137 
789 631 524 

297 865 341 
564 913 278 
831 724 956 

378 596 412 
645 172 893 
912 348 765 
===========
123 457 689 
456 289 137 
789 631 524 

297 865 341 
564 913 278 
831 724 965 

378 596 412 
645 172 893 
912 348 756 
===========
123 457 689 
456 289 137 
789 631 524 

297 865 341 
564 913 872 
831 724 965 

378 592 416 
645 178 293 
912 346 758 
===========
123 457 689 
456 289 137 
789 631 524 

297 865 341 
564 913 278 
831 742 956 

378 596 412 
645 128 793 
912 374 865 
===========
123 457 689 
456 289 137 
789 631 524 

297 865 341 
564 913 278 
831 742 965 

378 596 412 
645 128 793 
912 374 856 
===========
123 457 689 
456 289 137 
789 631 524 

297 865 341 
564 913 872 
831 742 965 

378 594 216 
645 128 793 
912 376 458 
===========
123 457 689 
456 289 137 
789 631 524 

297 865 413 
564 913 872 
831 724 956 

378 596 241 
645 172 398 
912 348 765 
===========
123 457 689 
456 289 137 
789 631 524 

297 865 413 
564 913 872 
831 724 965 

378 596 241 
645 172 398 
912 348 756 
===========
123 457 689 
456 289 137 
789 631 524 

297 814 356 
564 723 918 
831 965 742 

378 592 461 
645 178 293 
912 346 875 
===========
123 457 689 
456 289 137 
789 631 524 

297 814 356 
564 723 918 
831 965 472 

378 596 241 
645 172 893 
912 348 765 
===========
123 457 689 
456 289 137 
789 631 524 

297 814 356 
564 723 918 
831 965 742 

378 546 291 
645 192 873 
912 378 465 
===========
123 457 689 
456 289 137 
789 631 524 

297 814 365 
564 723 918 
831 965 472 

378 596 241 
645 172 893 
912 348 756 
===========
123 457 689 
456 289 137 
789 631 524 

297 814 365 
564 723 891 
831 965 742 

378 542 916 
645 198 273 
912 376 458 
===========
123 457 689 
456 289 137 
789 631 524 

297 814 365 
564 723 918 
831 965 742 

378 546 291 
645 192 873 
912 378 456 
===========
123 457 689 
456 289 137 
789 631 524 

297 815 346 
564 723 918 
831 964 752 

378 592 461 
645 178 293 
912 346 875 
===========
123 457 689 
456 289 137 
789 631 524 

297 815 346 
564 723 918 
831 946 752 

378 592 461 
645 178 293 
912 364 875 
===========
123 457 689 
456 289 137 
789 631 524 

297 815 346 
564 723 918 
831 946 752 

378 594 261 
645 172 893 
912 368 475 
===========
123 457 689 
456 289 137 
789 631 524 

297 815 346 
564 723 918 
831 964 752 

378 546 291 
645 192 873 
912 378 465 
===========
123 457 689 
456 289 137 
789 631 524 

297 815 346 
564 723 918 
831 946 752 

378 562 491 
645 198 273 
912 374 865 
===========
123 457 689 
456 289 137 
789 631 524 

297 815 346 
564 723 918 
831 946 752 

378 564 291 
645 192 873 
912 378 465 
===========
123 457 689 
456 289 137 
789 631 524 

297 816 345 
564 723 918 
831 945 762 

378 562 491 
645 198 273 
912 374 856 
===========
123 457 689 
456 289 137 
789 631 524 

297 816 345 
564 723 918 
831 945 762 

378 564 291 
645 192 873 
912 378 456 
===========
123 457 689 
456 289 137 
789 631 524 

297 845 316 
564 713 892 
831 962 745 

378 594 261 
645 128 973 
912 376 458 
===========
123 457 689 
456 289 137 
789 631 524 

297 845 316 
564 713 892 
831 962 745 

378 524 961 
645 198 273 
912 376 458 
===========
123 457 689 
456 289 137 
789 631 524 

297 845 361 
564 713 298 
831 962 745 

378 596 412 
645 128 973 
912 374 856 
===========
123 457 689 
456 289 137 
789 631 524 

297 845 361 
564 713 892 
831 962 745 

378 594 216 
645 128 973 
912 376 458 
===========
123 457 689 
456 289 137 
789 631 524 

297 845 361 
564 713 892 
831 962 745 

378 524 916 
645 198 273 
912 376 458 
===========
123 457 689 
456 289 137 
789 631 524 

297 845 361 
564 713 298 
831 926 745 

378 564 912 
645 192 873 
912 378 456 
===========
123 457 689 
456 289 137 
789 631 524 

297 846 351 
564 713 298 
831 925 746 

378 564 912 
645 192 873 
912 378 465 
===========
123 457 689 
456 289 137 
789 631 524 

297 863 415 
564 712 398 
831 945 762 

378 596 241 
645 128 973 
912 374 856 
===========
123 457 689 
456 289 137 
789 631 524 

297 863 415 
564 712 398 
831 945 762 

378 526 941 
645 198 273 
912 374 856 
===========
123 457 689 
456 289 137 
789 631 524 

297 863 451 
564 712 398 
831 945 762 

378 594 216 
645 128 973 
912 376 845 
===========
123 457 689 
456 289 137 
789 631 524 

297 863 451 
564 712 398 
831 945 762 

378 524 916 
645 198 273 
912 376 845 
===========
123 457 689 
456 289 137 
789 631 524 

297 864 315 
564 713 892 
831 925 746 

378 542 961 
645 198 273 
912 376 458 
===========
123 457 689 
456 289 137 
789 631 524 

297 864 351 
564 713 298 
831 925 746 

378 546 912 
645 192 873 
912 378 465 
===========
123 457 689 
456 289 137 
789 631 524 

297 865 341 
564 713 298 
831 942 756 

378 596 412 
645 128 973 
912 374 865 
===========
123 457 689 
456 289 137 
789 631 524 

297 865 341 
564 713 298 
831 942 765 

378 596 412 
645 128 973 
912 374 856 
===========
123 457 689 
456 289 137 
789 631 524 

297 865 341 
564 713 892 
831 942 765 

378 594 216 
645 128 973 
912 376 458 
===========
123 457 689 
456 289 137 
789 631 524 

297 865 341 
564 713 892 
831 942 765 

378 524 916 
645 198 273 
912 376 458 
===========
123 457 689 
456 289 137 
789 631 524 

297 865 341 
564 713 298 
831 924 756 

378 546 912 
645 192 873 
912 378 465 
===========
123 457 689 
456 289 137 
789 631 524 

297 865 341 
564 713 298 
831 924 765 

378 546 912 
645 192 873 
912 378 456 
===========
123 457 689 
456 289 137 
789 631 524 

297 865 341 
564 713 892 
831 924 765 

378 542 916 
645 198 273 
912 376 458 
===========
123 457 689 
456 289 137 
789 631 524 

297 865 413 
564 713 298 
831 942 756 

378 526 941 
645 198 372 
912 374 865 
===========
123 457 689 
456 289 137 
789 631 524 

297 865 413 
564 713 298 
831 942 765 

378 526 941 
645 198 372 
912 374 856 
===========
123 457 689 
456 289 137 
789 631 524 

297 865 413 
564 713 298 
831 942 756 

378 524 961 
645 198 372 
912 376 845 
===========
123 457 689 
456 289 137 
789 631 524 

297 865 413 
564 713 298 
831 924 756 

378 542 961 
645 198 372 
912 376 845 
===========
123 457 689 
456 289 137 
789 631 524 

297 813 456 
564 792 318 
831 564 792 

378 945 261 
645 128 973 
912 376 845 
===========
123 457 689 
456 289 137 
789 631 524 

297 813 456 
564 792 318 
831 564 972 

378 945 261 
645 128 793 
912 376 845 
===========
123 457 689 
456 289 137 
789 631 524 

297 813 456 
564 792 318 
831 546 792 

378 965 241 
645 128 973 
912 374 865 
===========
123 457 689 
456 289 137 
789 631 524 

297 813 456 
564 792 318 
831 546 972 

378 965 241 
645 128 793 
912 374 865 
===========
123 457 689 
456 289 137 
789 631 524 

297 813 465 
564 792 318 
831 564 792 

378 946 251 
645 128 973 
912 375 846 
===========
123 457 689 
456 289 137 
789 631 524 

297 813 465 
564 792 318 
831 564 972 

378 946 251 
645 128 793 
912 375 846 
===========
123 457 689 
456 289 137 
789 631 524 

297 813 465 
564 792 318 
831 546 792 

378 965 241 
645 128 973 
912 374 856 
===========
123 457 689 
456 289 137 
789 631 524 

297 813 465 
564 792 318 
831 546 972 

378 965 241 
645 128 793 
912 374 856 
===========
123 457 689 
456 289 137 
789 631 524 

297 813 465 
564 792 318 
831 546 792 

378 964 251 
645 128 973 
912 375 846 
===========
123 457 689 
456 289 137 
789 631 524 

297 813 465 
564 792 318 
831 546 972 

378 964 251 
645 128 793 
912 375 846 
===========
123 457 689 
456 289 137 
789 631 524 

297 814 356 
564 723 918 
831 596 472 

378 965 241 
645 172 893 
912 348 765 
===========
123 457 689 
456 289 137 
789 631 524 

297 814 356 
564 723 918 
831 596 472 

378 945 261 
645 172 893 
912 368 745 
===========
123 457 689 
456 289 137 
789 631 524 

297 814 356 
564 723 918 
831 596 742 

378 945 261 
645 172 893 
912 368 475 
===========
123 457 689 
456 289 137 
789 631 524 

297 814 365 
564 723 918 
831 596 742 

378 962 451 
645 178 293 
912 345 876 
===========
123 457 689 
456 289 137 
789 631 524 

297 814 365 
564 723 918 
831 596 472 

378 965 241 
645 172 893 
912 348 756 
===========
123 457 689 
456 289 137 
789 631 524 

297 816 345 
564 793 812 
831 524 976 

378 962 451 
645 178 293 
912 345 768 
===========
123 457 689 
456 289 137 
789 631 524 

297 816 345 
564 723 918 
831 594 762 

378 962 451 
645 178 293 
912 345 876 
===========
123 457 689 
456 289 137 
789 631 524 

297 816 345 
564 793 812 
831 542 976 

378 925 461 
645 178 293 
912 364 758 
===========
123 457 689 
456 289 137 
789 631 524 

297 816 345 
564 793 812 
831 542 796 

378 964 251 
645 128 973 
912 375 468 
===========
123 457 689 
456 289 137 
789 631 524 

297 816 345 
564 793 812 
831 542 976 

378 964 251 
645 128 793 
912 375 468 
===========
123 457 689 
456 289 137 
789 631 524 

297 816 453 
564 793 812 
831 524 976 

378 965 241 
645 172 398 
912 348 765 
===========
123 457 689 
456 289 137 
789 631 524 

297 816 453 
564 793 812 
831 524 976 

378 945 261 
645 172 398 
912 368 745 
===========
123 457 689 
456 289 137 
789 631 524 

297 846 315 
564 713 892 
831 592 746 

378 964 251 
645 128 973 
912 375 468 
===========
123 457 689 
456 289 137 
789 631 524 

297 846 351 
564 713 298 
831 592 746 

378 965 412 
645 128 973 
912 374 865 
===========
123 457 689 
456 289 137 
789 631 524 

297 846 351 
564 713 892 
831 592 746 

378 964 215 
645 128 973 
912 375 468 
===========
123 457 689 
456 289 137 
789 631 524 

297 863 415 
564 712 398 
831 594 762 

378 946 251 
645 128 973 
912 375 846 
===========
123 457 689 
456 289 137 
789 631 524 

297 863 451 
564 712 398 
831 594 762 

378 946 215 
645 128 973 
912 375 846 
===========
123 457 689 
456 289 137 
789 631 524 

297 863 451 
564 712 398 
831 594 762 

378 945 216 
645 128 973 
912 376 845 
===========
123 457 689 
456 289 137 
789 631 524 

297 864 315 
564 713 892 
831 592 746 

378 946 251 
645 128 973 
912 375 468 
===========
123 457 689 
456 289 137 
789 631 524 

297 864 315 
564 713 892 
831 592 746 

378 945 261 
645 128 973 
912 376 458 
===========
123 457 689 
456 289 137 
789 631 524 

297 864 351 
564 713 892 
831 592 746 

378 946 215 
645 128 973 
912 375 468 
===========
123 457 689 
456 289 137 
789 631 524 

297 513 468 
564 892 371 
831 764 952 

378 946 215 
645 128 793 
912 375 846 
===========
123 457 689 
456 289 137 
789 631 524 

297 513 468 
564 892 371 
831 764 952 

378 945 216 
645 128 793 
912 376 845 
===========
123 457 689 
456 289 137 
789 631 524 

297 513 468 
564 892 371 
831 746 952 

378 964 215 
645 128 793 
912 375 846 
===========
123 457 689 
456 289 137 
789 631 524 

297 513 846 
564 892 371 
831 764 952 

378 926 415 
645 178 293 
912 345 768 
===========
123 457 689 
456 289 137 
789 631 524 

297 513 846 
564 892 371 
831 764 952 

378 946 215 
645 128 793 
912 375 468 
===========
123 457 689 
456 289 137 
789 631 524 

297 513 846 
564 892 371 
831 746 952 

378 964 215 
645 128 793 
912 375 468 
===========
123 457 689 
456 289 137 
789 631 524 

297 514 368 
564 893 712 
831 762 945 

378 926 451 
645 178 293 
912 345 876 
===========
123 457 689 
456 289 137 
789 631 524 

297 514 368 
564 893 271 
831 726 945 

378 965 412 
645 172 893 
912 348 756 
===========
123 457 689 
456 289 137 
789 631 524 

297 514 368 
564 893 712 
831 726 945 

378 962 451 
645 178 293 
912 345 876 
===========
123 457 689 
456 289 137 
789 631 524 

297 514 368 
564 823 971 
831 796 245 

378 965 412 
645 172 893 
912 348 756 
===========
123 457 689 
456 289 137 
789 631 524 

297 514 368 
564 823 971 
831 796 452 

378 945 216 
645 172 893 
912 368 745 
===========
123 457 689 
456 289 137 
789 631 524 

297 514 368 
564 893 712 
831 762 495 

378 946 251 
645 128 973 
912 375 846 
===========
123 457 689 
456 289 137 
789 631 524 

297 514 863 
564 893 271 
831 762 945 

378 925 416 
645 178 392 
912 346 758 
===========
123 457 689 
456 289 137 
789 631 524 

297 514 863 
564 893 271 
831 726 945 

378 965 412 
645 172 398 
912 348 756 
===========
123 457 689 
456 289 137 
789 631 524 

297 514 863 
564 823 971 
831 796 245 

378 965 412 
645 172 398 
912 348 756 
===========
123 457 689 
456 289 137 
789 631 524 

297 514 863 
564 823 971 
831 796 452 

378 945 216 
645 172 398 
912 368 745 
===========
123 457 689 
456 289 137 
789 631 524 

297 516 348 
564 893 271 
831 724 956 

378 965 412 
645 172 893 
912 348 765 
===========
123 457 689 
456 289 137 
789 631 524 

297 516 348 
564 893 271 
831 724 965 

378 965 412 
645 172 893 
912 348 756 
===========
123 457 689 
456 289 137 
789 631 524 

297 516 348 
564 893 712 
831 724 965 

378 962 451 
645 178 293 
912 345 876 
===========
123 457 689 
456 289 137 
789 631 524 

297 516 348 
564 823 971 
831 794 256 

378 965 412 
645 172 893 
912 348 765 
===========
123 457 689 
456 289 137 
789 631 524 

297 516 348 
564 823 971 
831 794 265 

378 965 412 
645 172 893 
912 348 756 
===========
123 457 689 
456 289 137 
789 631 524 

297 516 348 
564 893 712 
831 742 956 

378 925 461 
645 178 293 
912 364 875 
===========
123 457 689 
456 289 137 
789 631 524 

297 516 348 
564 893 712 
831 724 956 

378 945 261 
645 172 893 
912 368 475 
===========
123 457 689 
456 289 137 
789 631 524 

297 516 348 
564 893 271 
831 742 956 

378 965 412 
645 128 793 
912 374 865 
===========
123 457 689 
456 289 137 
789 631 524 

297 516 348 
564 893 271 
831 742 965 

378 965 412 
645 128 793 
912 374 856 
===========
123 457 689 
456 289 137 
789 631 524 

297 516 843 
564 893 271 
831 724 956 

378 962 415 
645 178 392 
912 345 768 
===========
123 457 689 
456 289 137 
789 631 524 

297 516 843 
564 893 271 
831 724 956 

378 965 412 
645 172 398 
912 348 765 
===========
123 457 689 
456 289 137 
789 631 524 

297 516 843 
564 893 271 
831 724 965 

378 965 412 
645 172 398 
912 348 756 
===========
123 457 689 
456 289 137 
789 631 524 

297 516 843 
564 823 971 
831 794 256 

378 962 415 
645 178 392 
912 345 768 
===========
123 457 689 
456 289 137 
789 631 524 

297 516 843 
564 823 971 
831 794 256 

378 965 412 
645 172 398 
912 348 765 
===========
123 457 689 
456 289 137 
789 631 524 

297 516 843 
564 823 971 
831 794 265 

378 965 412 
645 172 398 
912 348 756 
===========
123 457 689 
456 289 137 
789 631 524 

297 516 843 
564 893 271 
831 742 965 

378 925 416 
645 178 392 
912 364 758 
===========
123 457 689 
456 289 137 
789 631 524 

297 516 843 
564 893 712 
831 724 956 

378 945 261 
645 172 398 
912 368 475 
===========
123 457 689 
456 289 137 
789 631 524 

297 543 816 
564 812 973 
831 796 245 

378 925 461 
645 178 392 
912 364 758 
===========
123 457 689 
456 289 137 
789 631 524 

297 543 861 
564 812 973 
831 796 245 

378 925 416 
645 178 392 
912 364 758 
===========
123 457 689 
456 289 137 
789 631 524 

297 546 318 
564 813 792 
831 792 456 

378 965 241 
645 128 973 
912 374 865 
===========
123 457 689 
456 289 137 
789 631 524 

297 546 318 
564 813 792 
831 792 465 

378 965 241 
645 128 973 
912 374 856 
===========
123 457 689 
456 289 137 
789 631 524 

297 546 318 
564 813 792 
831 792 465 

378 964 251 
645 128 973 
912 375 846 
===========
123 457 689 
456 289 137 
789 631 524 

297 546 318 
564 813 972 
831 792 456 

378 965 241 
645 128 793 
912 374 865 
===========
123 457 689 
456 289 137 
789 631 524 

297 546 318 
564 813 972 
831 792 465 

378 965 241 
645 128 793 
912 374 856 
===========
123 457 689 
456 289 137 
789 631 524 

297 546 318 
564 813 972 
831 792 465 

378 964 251 
645 128 793 
912 375 846 
===========
123 457 689 
456 289 137 
789 631 524 

297 563 841 
564 812 973 
831 794 256 

378 926 415 
645 178 392 
912 345 768 
===========
123 457 689 
456 289 137 
789 631 524 

297 563 841 
564 812 973 
831 794 265 

378 925 416 
645 178 392 
912 346 758 
===========
123 457 689 
456 289 137 
789 631 524 

297 564 318 
564 813 792 
831 792 465 

378 946 251 
645 128 973 
912 375 846 
===========
123 457 689 
456 289 137 
789 631 524 

297 564 318 
564 813 792 
831 792 456 

378 945 261 
645 128 973 
912 376 845 
===========
123 457 689 
456 289 137 
789 631 524 

297 564 318 
564 813 972 
831 792 465 

378 946 251 
645 128 793 
912 375 846 
===========
123 457 689 
456 289 137 
789 631 524 

297 564 318 
564 813 972 
831 792 456 

378 945 261 
645 128 793 
912 376 845 
===========
123 457 689 
456 289 137 
789 631 524 

297 813 456 
564 972 813 
831 564 972 

378 196 245 
645 728 391 
912 345 768 
===========
123 457 689 
456 289 137 
789 631 524 

297 813 456 
564 972 813 
831 546 972 

378 194 265 
645 728 391 
912 365 748 
===========
123 457 689 
456 289 137 
789 631 524 

297 813 465 
564 972 813 
831 564 972 

378 195 246 
645 728 391 
912 346 758 
===========
123 457 689 
456 289 137 
789 631 524 

297 813 465 
564 972 813 
831 546 972 

378 195 246 
645 728 391 
912 364 758 
===========
123 457 689 
456 289 137 
789 631 524 

297 813 465 
564 972 813 
831 546 972 

378 194 256 
645 728 391 
912 365 748 
===========
123 457 689 
456 289 137 
789 631 524 

297 814 356 
564 923 871 
831 576 492 

378 162 945 
645 798 213 
912 345 768 
===========
123 457 689 
456 289 137 
789 631 524 

297 814 356 
564 923 871 
831 576 942 

378 162 495 
645 798 213 
912 345 768 
===========
123 457 689 
456 289 137 
789 631 524 

297 814 356 
564 923 871 
831 576 492 

378 142 965 
645 798 213 
912 365 748 
===========
123 457 689 
456 289 137 
789 631 524 

297 814 365 
564 923 871 
831 576 492 

378 142 956 
645 798 213 
912 365 748 
===========
123 457 689 
456 289 137 
789 631 524 

297 816 453 
564 923 871 
831 574 296 

378 162 945 
645 798 312 
912 345 768 
===========
123 457 689 
456 289 137 
789 631 524 

297 816 453 
564 923 871 
831 574 296 

378 165 942 
645 792 318 
912 348 765 
===========
123 457 689 
456 289 137 
789 631 524 

297 816 453 
564 973 812 
831 542 976 

378 194 265 
645 728 391 
912 365 748 
===========
123 457 689 
456 289 137 
789 631 524 

297 816 453 
564 923 871 
831 574 296 

378 142 965 
645 798 312 
912 365 748 
===========
123 457 689 
456 289 137 
789 631 524 

297 816 453 
564 923 871 
831 574 296 

378 145 962 
645 792 318 
912 368 745 
===========
123 457 689 
456 289 137 
789 631 524 

297 816 453 
564 923 871 
831 574 962 

378 145 296 
645 792 318 
912 368 745 
===========
123 457 689 
456 289 137 
789 631 524 

297 846 351 
564 913 872 
831 572 496 

378 194 265 
645 728 913 
912 365 748 
===========
123 457 689 
456 289 137 
789 631 524 

297 846 351 
564 913 872 
831 572 496 

378 124 965 
645 798 213 
912 365 748 
===========
123 457 689 
456 289 137 
789 631 524 

297 863 415 
564 912 873 
831 574 962 

378 195 246 
645 728 391 
912 346 758 
===========
123 457 689 
456 289 137 
789 631 524 

297 863 451 
564 912 873 
831 574 296 

378 126 945 
645 798 312 
912 345 768 
===========
123 457 689 
456 289 137 
789 631 524 

297 864 351 
564 913 872 
831 572 496 

378 196 245 
645 728 913 
912 345 768 
===========
123 457 689 
456 289 137 
789 631 524 

297 864 351 
564 913 872 
831 572 496 

378 126 945 
645 798 213 
912 345 768 
===========
123 457 689 
456 289 137 
789 631 524 

297 864 351 
564 913 872 
831 572 946 

378 126 495 
645 798 213 
912 345 768 
===========
123 457 689 
456 289 137 
789 631 524 

297 513 468 
564 872 391 
831 964 752 

378 196 245 
645 728 913 
912 345 876 
===========
123 457 689 
456 289 137 
789 631 524 

297 513 468 
564 872 391 
831 964 752 

378 195 246 
645 728 913 
912 346 875 
===========
123 457 689 
456 289 137 
789 631 524 

297 513 468 
564 872 913 
831 964 752 

378 196 245 
645 728 391 
912 345 876 
===========
123 457 689 
456 289 137 
789 631 524 

297 513 468 
564 872 913 
831 964 752 

378 195 246 
645 728 391 
912 346 875 
===========
123 457 689 
456 289 137 
789 631 524 

297 513 468 
564 872 391 
831 964 752 

378 126 945 
645 798 213 
912 345 876 
===========
123 457 689 
456 289 137 
789 631 524 

297 513 468 
564 872 391 
831 964 752 

378 125 946 
645 798 213 
912 346 875 
===========
123 457 689 
456 289 137 
789 631 524 

297 513 468 
564 872 391 
831 946 752 

378 195 246 
645 728 913 
912 364 875 
===========
123 457 689 
456 289 137 
789 631 524 

297 513 468 
564 872 913 
831 946 752 

378 195 246 
645 728 391 
912 364 875 
===========
123 457 689 
456 289 137 
789 631 524 

297 513 468 
564 872 391 
831 946 752 

378 125 946 
645 798 213 
912 364 875 
===========
123 457 689 
456 289 137 
789 631 524 

297 513 846 
564 872 391 
831 964 275 

378 196 452 
645 728 913 
912 345 768 
===========
123 457 689 
456 289 137 
789 631 524 

297 513 846 
564 872 391 
831 964 275 

378 195 462 
645 728 913 
912 346 758 
===========
123 457 689 
456 289 137 
789 631 524 

297 513 846 
564 872 913 
831 964 275 

378 196 452 
645 728 391 
912 345 768 
===========
123 457 689 
456 289 137 
789 631 524 

297 513 846 
564 872 913 
831 964 275 

378 195 462 
645 728 391 
912 346 758 
===========
123 457 689 
456 289 137 
789 631 524 

297 513 846 
564 872 391 
831 946 275 

378 195 462 
645 728 913 
912 364 758 
===========
123 457 689 
456 289 137 
789 631 524 

297 513 846 
564 872 391 
831 946 752 

378 194 265 
645 728 913 
912 365 478 
===========
123 457 689 
456 289 137 
789 631 524 

297 513 846 
564 872 913 
831 946 275 

378 195 462 
645 728 391 
912 364 758 
===========
123 457 689 
456 289 137 
789 631 524 

297 513 846 
564 872 913 
831 946 752 

378 194 265 
645 728 391 
912 365 478 
===========
123 457 689 
456 289 137 
789 631 524 

297 513 846 
564 872 391 
831 946 752 

378 124 965 
645 798 213 
912 365 478 
===========
123 457 689 
456 289 137 
789 631 524 

297 514 368 
564 873 291 
831 962 745 

378 196 452 
645 728 913 
912 345 876 
===========
123 457 689 
456 289 137 
789 631 524 

297 514 368 
564 873 291 
831 926 475 

378 165 942 
645 792 813 
912 348 756 
===========
123 457 689 
456 289 137 
789 631 524 

297 514 368 
564 823 791 
831 976 452 

378 162 945 
645 798 213 
912 345 876 
===========
123 457 689 
456 289 137 
789 631 524 

297 514 368 
564 823 971 
831 976 245 

378 165 492 
645 792 813 
912 348 756 
===========
123 457 689 
456 289 137 
789 631 524 

297 514 368 
564 823 971 
831 976 452 

378 145 296 
645 792 813 
912 368 745 
===========
123 457 689 
456 289 137 
789 631 524 

297 514 863 
564 873 912 
831 962 475 

378 195 246 
645 728 391 
912 346 758 
===========
123 457 689 
456 289 137 
789 631 524 

297 514 863 
564 873 291 
831 962 475 

378 125 946 
645 798 312 
912 346 758 
===========
123 457 689 
456 289 137 
789 631 524 

297 514 863 
564 873 291 
831 926 475 

378 165 942 
645 792 318 
912 348 756 
===========
123 457 689 
456 289 137 
789 631 524 

297 514 863 
564 823 971 
831 976 245 

378 165 492 
645 792 318 
912 348 756 
===========
