123 457 689 
456 289 173 
789 163 452 

297 814 536 
564 932 817 
831 675 924 

378 596 241 
645 721 398 
912 348 765 
===========
123 457 689 
456 289 173 
789 163 452 

297 814 536 
564 932 817 
831 675 294 

378 526 941 
645 791 328 
912 348 765 
===========
123 457 689 
456 289 173 
789 163 452 

297 834 516 
564 921 837 
831 675 924 

378 596 241 
645 712 398 
912 348 765 
===========
123 457 689 
456 289 173 
789 163 452 

297 834 516 
564 912 837 
831 675 924 

378 596 241 
645 721 398 
912 348 765 
===========
123 457 689 
456 289 173 
789 163 452 

297 834 516 
564 971 328 
831 625 947 

378 516 294 
645 792 831 
912 348 765 
===========
123 457 689 
456 289 173 
789 163 452 

297 834 516 
564 912 837 
831 675 294 

378 526 941 
645 791 328 
912 348 765 
===========
123 457 689 
456 289 173 
789 163 452 

297 614 835 
564 832 791 
831 975 246 

378 526 914 
645 791 328 
912 348 567 
===========
123 457 689 
456 289 173 
789 163 452 

297 615 834 
564 832 917 
831 974 526 

378 596 241 
645 721 398 
912 348 765 
===========
123 457 689 
456 289 173 
789 163 452 

297 634 518 
564 821 397 
831 975 246 

378 516 924 
645 792 831 
912 348 765 
===========
123 457 689 
456 289 173 
789 163 452 

297 635 814 
564 821 397 
831 974 526 

378 596 241 
645 712 938 
912 348 765 
===========
123 457 689 
456 289 173 
789 163 452 

297 635 814 
564 821 937 
831 974 526 

378 596 241 
645 712 398 
912 348 765 
===========
123 457 689 
456 289 173 
789 163 452 

297 635 814 
564 812 397 
831 974 526 

378 596 241 
645 721 938 
912 348 765 
===========
123 457 689 
456 289 173 
789 163 452 

297 635 814 
564 812 937 
831 974 526 

378 596 241 
645 721 398 
912 348 765 
===========
123 457 689 
456 289 173 
789 163 452 

297 635 814 
564 812 397 
831 974 526 

378 526 941 
645 791 238 
912 348 765 
===========
123 457 689 
456 289 173 
789 163 452 

297 635 841 
564 821 397 
831 974 526 

378 596 214 
645 712 938 
912 348 765 
===========
123 457 689 
456 289 173 
789 163 452 

297 635 841 
564 821 937 
831 974 526 

378 596 214 
645 712 398 
912 348 765 
===========
123 457 689 
456 289 173 
789 163 452 

297 635 841 
564 812 397 
831 974 526 

378 596 214 
645 721 938 
912 348 765 
===========
123 457 689 
456 289 173 
789 163 452 

297 635 841 
564 812 937 
831 974 526 

378 596 214 
645 721 398 
912 348 765 
===========
123 457 689 
456 289 173 
789 163 452 

297 635 841 
564 821 937 
831 974 526 

378 516 294 
645 792 318 
912 348 765 
===========
123 457 689 
456 289 173 
789 163 452 

297 635 841 
564 812 397 
831 974 526 

378 526 914 
645 791 238 
912 348 765 
===========
123 457 689 
456 289 173 
789 163 452 

297 814 536 
564 932 718 
831 576 924 

378 691 245 
645 728 391 
912 345 867 
===========
123 457 689 
456 289 173 
789 163 452 

297 814 536 
564 932 817 
831 576 924 

378 691 245 
645 728 391 
912 345 768 
===========
123 457 689 
456 289 173 
789 163 452 

297 814 536 
564 932 817 
831 576 924 

378 695 241 
645 721 398 
912 348 765 
===========
123 457 689 
456 289 173 
789 163 452 

297 814 536 
564 932 718 
831 576 294 

378 621 945 
645 798 321 
912 345 867 
===========
123 457 689 
456 289 173 
789 163 452 

297 814 536 
564 932 817 
831 576 294 

378 621 945 
645 798 321 
912 345 768 
===========
123 457 689 
456 289 173 
789 163 452 

297 814 536 
564 932 817 
831 576 294 

378 625 941 
645 791 328 
912 348 765 
===========
123 457 689 
456 289 173 
789 163 452 

297 816 345 
564 932 718 
831 574 296 

378 691 524 
645 728 931 
912 345 867 
===========
123 457 689 
456 289 173 
789 163 452 

297 816 345 
564 932 817 
831 574 296 

378 691 524 
645 728 931 
912 345 768 
===========
123 457 689 
456 289 173 
789 163 452 

297 816 345 
564 932 718 
831 574 926 

378 621 594 
645 798 231 
912 345 867 
===========
123 457 689 
456 289 173 
789 163 452 

297 816 345 
564 932 817 
831 574 926 

378 621 594 
645 798 231 
912 345 768 
===========
123 457 689 
456 289 173 
789 163 452 

297 816 534 
564 932 718 
831 574 926 

378 691 245 
645 728 391 
912 345 867 
===========
123 457 689 
456 289 173 
789 163 452 

297 816 534 
564 932 817 
831 574 926 

378 691 245 
645 728 391 
912 345 768 
===========
123 457 689 
456 289 173 
789 163 452 

297 816 534 
564 932 817 
831 574 926 

378 695 241 
645 721 398 
912 348 765 
===========
123 457 689 
456 289 173 
789 163 452 

297 816 534 
564 932 718 
831 574 296 

378 621 945 
645 798 321 
912 345 867 
===========
123 457 689 
456 289 173 
789 163 452 

297 816 534 
564 932 817 
831 574 296 

378 621 945 
645 798 321 
912 345 768 
===========
123 457 689 
456 289 173 
789 163 452 

297 816 534 
564 932 817 
831 574 296 

378 625 941 
645 791 328 
912 348 765 
===========
123 457 689 
456 289 173 
789 163 452 

297 834 516 
564 921 837 
831 576 924 

378 695 241 
645 712 398 
912 348 765 
===========
123 457 689 
456 289 173 
789 163 452 

297 834 516 
564 912 738 
831 576 924 

378 691 245 
645 728 391 
912 345 867 
===========
123 457 689 
456 289 173 
789 163 452 

297 834 516 
564 912 837 
831 576 924 

378 691 245 
645 728 391 
912 345 768 
===========
123 457 689 
456 289 173 
789 163 452 

297 834 516 
564 912 837 
831 576 924 

378 695 241 
645 721 398 
912 348 765 
===========
123 457 689 
456 289 173 
789 163 452 

297 834 516 
564 971 238 
831 526 794 

378 612 945 
645 798 321 
912 345 867 
===========
123 457 689 
456 289 173 
789 163 452 

297 834 516 
564 971 328 
831 526 794 

378 612 945 
645 798 231 
912 345 867 
===========
123 457 689 
456 289 173 
789 163 452 

297 834 516 
564 971 328 
831 526 947 

378 615 294 
645 792 831 
912 348 765 
===========
123 457 689 
456 289 173 
789 163 452 

297 834 516 
564 921 738 
831 576 294 

378 612 945 
645 798 321 
912 345 867 
===========
123 457 689 
456 289 173 
789 163 452 

297 834 516 
564 921 837 
831 576 294 

378 612 945 
645 798 321 
912 345 768 
===========
123 457 689 
456 289 173 
789 163 452 

297 834 516 
564 912 738 
831 576 294 

378 621 945 
645 798 321 
912 345 867 
===========
123 457 689 
456 289 173 
789 163 452 

297 834 516 
564 912 837 
831 576 294 

378 621 945 
645 798 321 
912 345 768 
===========
123 457 689 
456 289 173 
789 163 452 

297 834 516 
564 912 837 
831 576 294 

378 625 941 
645 791 328 
912 348 765 
===========
123 457 689 
456 289 173 
789 163 452 

297 836 514 
564 921 837 
831 574 926 

378 695 241 
645 712 398 
912 348 765 
===========
123 457 689 
456 289 173 
789 163 452 

297 836 514 
564 912 738 
831 574 926 

378 691 245 
645 728 391 
912 345 867 
===========
123 457 689 
456 289 173 
789 163 452 

297 836 514 
564 912 837 
831 574 926 

378 691 245 
645 728 391 
912 345 768 
===========
123 457 689 
456 289 173 
789 163 452 

297 836 514 
564 912 837 
831 574 926 

378 695 241 
645 721 398 
912 348 765 
===========
123 457 689 
456 289 173 
789 163 452 

297 836 514 
564 971 238 
831 524 796 

378 612 945 
645 798 321 
912 345 867 
===========
123 457 689 
456 289 173 
789 163 452 

297 836 514 
564 971 328 
831 524 796 

378 612 945 
645 798 231 
912 345 867 
===========
123 457 689 
456 289 173 
789 163 452 

297 836 514 
564 921 738 
831 574 296 

378 612 945 
645 798 321 
912 345 867 
===========
123 457 689 
456 289 173 
789 163 452 

297 836 514 
564 921 837 
831 574 296 

378 612 945 
645 798 321 
912 345 768 
===========
123 457 689 
456 289 173 
789 163 452 

297 836 514 
564 912 738 
831 574 296 

378 621 945 
645 798 321 
912 345 867 
===========
123 457 689 
456 289 173 
789 163 452 

297 836 514 
564 912 837 
831 574 296 

378 621 945 
645 798 321 
912 345 768 
===========
123 457 689 
456 289 173 
789 163 452 

297 836 514 
564 912 837 
831 574 296 

378 625 941 
645 791 328 
912 348 765 
===========
123 457 689 
456 289 173 
789 163 452 

297 836 541 
564 921 837 
831 574 926 

378 695 214 
645 712 398 
912 348 765 
===========
123 457 689 
456 289 173 
789 163 452 

297 836 541 
564 912 837 
831 574 926 

378 695 214 
645 721 398 
912 348 765 
===========
123 457 689 
456 289 173 
789 163 452 

297 836 541 
564 921 837 
831 574 296 

378 615 924 
645 792 318 
912 348 765 
===========
123 457 689 
456 289 173 
789 163 452 

297 836 541 
564 921 837 
831 574 926 

378 615 294 
645 792 318 
912 348 765 
===========
123 457 689 
456 289 173 
789 163 452 

297 836 541 
564 912 837 
831 574 296 

378 625 914 
645 791 328 
912 348 765 
===========
123 457 689 
456 289 173 
789 163 452 

297 514 836 
564 832 917 
831 976 245 

378 691 524 
645 728 391 
912 345 768 
===========
123 457 689 
456 289 173 
789 163 452 

297 514 836 
564 832 917 
831 976 524 

378 691 245 
645 728 391 
912 345 768 
===========
123 457 689 
456 289 173 
789 163 452 

297 514 836 
564 832 917 
831 976 524 

378 695 241 
645 721 398 
912 348 765 
===========
123 457 689 
456 289 173 
789 163 452 

297 514 836 
564 832 791 
831 976 245 

378 625 914 
645 791 328 
912 348 567 
===========
123 457 689 
456 289 173 
789 163 452 

297 514 836 
564 832 917 
831 976 245 

378 621 594 
645 798 321 
912 345 768 
===========
123 457 689 
456 289 173 
789 163 452 

297 516 834 
564 832 917 
831 974 526 

378 691 245 
645 728 391 
912 345 768 
===========
123 457 689 
456 289 173 
789 163 452 

297 516 834 
564 832 917 
831 974 526 

378 695 241 
645 721 398 
912 348 765 
===========
123 457 689 
456 289 173 
789 163 452 

297 534 816 
564 821 397 
831 976 524 

378 695 241 
645 712 938 
912 348 765 
===========
123 457 689 
456 289 173 
789 163 452 

297 534 816 
564 821 937 
831 976 524 

378 695 241 
645 712 398 
912 348 765 
===========
123 457 689 
456 289 173 
789 163 452 

297 534 816 
564 812 397 
831 976 245 

378 691 524 
645 728 931 
912 345 768 
===========
123 457 689 
456 289 173 
789 163 452 

297 534 816 
564 812 397 
831 976 524 

378 691 245 
645 728 931 
912 345 768 
===========
123 457 689 
456 289 173 
789 163 452 

297 534 816 
564 812 397 
831 976 524 

378 695 241 
645 721 938 
912 348 765 
===========
123 457 689 
456 289 173 
789 163 452 

297 534 816 
564 812 937 
831 976 245 

378 691 524 
645 728 391 
912 345 768 
===========
123 457 689 
456 289 173 
789 163 452 

297 534 816 
564 812 937 
831 976 524 

378 691 245 
645 728 391 
912 345 768 
===========
123 457 689 
456 289 173 
789 163 452 

297 534 816 
564 812 937 
831 976 524 

378 695 241 
645 721 398 
912 348 765 
===========
123 457 689 
456 289 173 
789 163 452 

297 534 816 
564 821 397 
831 976 524 

378 612 945 
645 798 231 
912 345 768 
===========
123 457 689 
456 289 173 
789 163 452 

297 534 816 
564 821 937 
831 976 245 

378 612 594 
645 798 321 
912 345 768 
===========
123 457 689 
456 289 173 
789 163 452 

297 534 816 
564 812 397 
831 976 524 

378 621 945 
645 798 231 
912 345 768 
===========
123 457 689 
456 289 173 
789 163 452 

297 534 816 
564 812 397 
831 976 524 

378 625 941 
645 791 238 
912 348 765 
===========
123 457 689 
456 289 173 
789 163 452 

297 534 816 
564 812 937 
831 976 245 

378 621 594 
645 798 321 
912 345 768 
===========
123 457 689 
456 289 173 
789 163 452 

297 536 814 
564 821 397 
831 974 526 

378 695 241 
645 712 938 
912 348 765 
===========
123 457 689 
456 289 173 
789 163 452 

297 536 814 
564 821 937 
831 974 526 

378 695 241 
645 712 398 
912 348 765 
===========
123 457 689 
456 289 173 
789 163 452 

297 536 814 
564 812 397 
831 974 526 

378 691 245 
645 728 931 
912 345 768 
===========
123 457 689 
456 289 173 
789 163 452 

297 536 814 
564 812 397 
831 974 526 

378 695 241 
645 721 938 
912 348 765 
===========
123 457 689 
456 289 173 
789 163 452 

297 536 814 
564 812 937 
831 974 526 

378 691 245 
645 728 391 
912 345 768 
===========
123 457 689 
456 289 173 
789 163 452 

297 536 814 
564 812 937 
831 974 526 

378 695 241 
645 721 398 
912 348 765 
===========
123 457 689 
456 289 173 
789 163 452 

297 536 814 
564 821 397 
831 974 526 

378 612 945 
645 798 231 
912 345 768 
===========
123 457 689 
456 289 173 
789 163 452 

297 536 814 
564 812 397 
831 974 526 

378 621 945 
645 798 231 
912 345 768 
===========
123 457 689 
456 289 173 
789 163 452 

297 536 814 
564 812 397 
831 974 526 

378 625 941 
645 791 238 
912 348 765 
===========
123 457 689 
456 289 173 
789 163 452 

297 536 841 
564 821 397 
831 974 526 

378 695 214 
645 712 938 
912 348 765 
===========
123 457 689 
456 289 173 
789 163 452 

297 536 841 
564 821 937 
831 974 526 

378 695 214 
645 712 398 
912 348 765 
===========
123 457 689 
456 289 173 
789 163 452 

297 536 841 
564 812 397 
831 974 526 

378 695 214 
645 721 938 
912 348 765 
===========
123 457 689 
456 289 173 
789 163 452 

297 536 841 
564 812 937 
831 974 526 

378 695 214 
645 721 398 
912 348 765 
===========
123 457 689 
456 289 173 
789 163 452 

297 536 841 
564 821 937 
831 974 526 

378 615 294 
645 792 318 
912 348 765 
===========
123 457 689 
456 289 173 
789 163 452 

297 536 841 
564 812 397 
831 974 526 

378 625 914 
645 791 238 
912 348 765 
===========
123 457 689 
456 289 173 
789 163 452 

297 631 845 
564 892 317 
831 574 296 

378 916 524 
645 728 931 
912 345 768 
===========
123 457 689 
456 289 173 
789 163 452 

297 634 815 
564 891 237 
831 572 946 

378 916 524 
645 728 391 
912 345 768 
===========
123 457 689 
456 289 173 
789 163 452 

297 531 846 
564 892 317 
831 674 295 

378 916 524 
645 728 931 
912 345 768 
===========
123 457 689 
456 289 173 
789 163 452 

297 534 816 
564 891 237 
831 672 945 

378 916 524 
645 728 391 
912 345 768 
===========
123 457 689 
456 289 173 
789 163 452 

297 534 816 
564 891 327 
831 672 594 

378 916 245 
645 728 931 
912 345 768 
===========
123 457 689 
456 289 173 
789 163 452 

297 614 538 
564 938 721 
831 725 964 

378 541 296 
645 892 317 
912 376 845 
===========
123 457 689 
456 289 173 
789 163 452 

297 614 835 
564 938 721 
831 725 964 

378 541 296 
645 892 317 
912 376 548 
===========
123 457 689 
456 289 173 
789 163 452 

297 615 348 
564 938 721 
831 742 596 

378 596 214 
645 821 937 
912 374 865 
===========
123 457 689 
456 289 173 
789 163 452 

297 615 348 
564 938 721 
831 742 596 

378 526 914 
645 891 237 
912 374 865 
===========
123 457 689 
456 289 173 
789 163 452 

297 615 834 
564 938 721 
831 742 965 

378 594 216 
645 821 397 
912 376 548 
===========
123 457 689 
456 289 173 
789 163 452 

297 615 834 
564 938 721 
831 724 965 

378 541 296 
645 892 317 
912 376 548 
===========
123 457 689 
456 289 173 
789 163 452 

297 618 534 
564 932 718 
831 745 926 

378 596 241 
645 821 397 
912 374 865 
===========
123 457 689 
456 289 173 
789 163 452 

297 618 534 
564 932 718 
831 745 926 

378 594 261 
645 821 397 
912 376 845 
===========
123 457 689 
456 289 173 
789 163 452 

297 618 534 
564 932 718 
831 745 296 

378 526 941 
645 891 327 
912 374 865 
===========
123 457 689 
456 289 173 
789 163 452 

297 618 534 
564 932 718 
831 745 296 

378 524 961 
645 891 327 
912 376 845 
===========
123 457 689 
456 289 173 
789 163 452 

297 631 548 
564 928 731 
831 745 926 

378 596 214 
645 812 397 
912 374 865 
===========
123 457 689 
456 289 173 
789 163 452 

297 631 548 
564 928 317 
831 745 296 

378 516 924 
645 892 731 
912 374 865 
===========
123 457 689 
456 289 173 
789 163 452 

297 631 548 
564 928 317 
831 745 926 

378 516 294 
645 892 731 
912 374 865 
===========
123 457 689 
456 289 173 
789 163 452 

297 631 548 
564 928 731 
831 745 296 

378 516 924 
645 892 317 
912 374 865 
===========
123 457 689 
456 289 173 
789 163 452 

297 631 548 
564 928 731 
831 745 926 

378 516 294 
645 892 317 
912 374 865 
===========
123 457 689 
456 289 173 
789 163 452 

297 631 845 
564 928 731 
831 745 926 

378 596 214 
645 812 397 
912 374 568 
===========
123 457 689 
456 289 173 
789 163 452 

297 631 845 
564 928 317 
831 745 296 

378 516 924 
645 892 731 
912 374 568 
===========
123 457 689 
456 289 173 
789 163 452 

297 631 845 
564 928 317 
831 745 926 

378 516 294 
645 892 731 
912 374 568 
===========
123 457 689 
456 289 173 
789 163 452 

297 631 845 
564 928 731 
831 745 296 

378 516 924 
645 892 317 
912 374 568 
===========
123 457 689 
456 289 173 
789 163 452 

297 631 845 
564 928 731 
831 745 926 

378 516 294 
645 892 317 
912 374 568 
===========
123 457 689 
456 289 173 
789 163 452 

297 634 518 
564 918 327 
831 725 964 

378 541 296 
645 892 731 
912 376 845 
===========
123 457 689 
456 289 173 
789 163 452 

297 634 815 
564 918 327 
831 725 964 

378 541 296 
645 892 731 
912 376 548 
===========
123 457 689 
456 289 173 
789 163 452 

297 635 814 
564 918 327 
831 724 965 

378 541 296 
645 892 731 
912 376 548 
===========
123 457 689 
456 289 173 
789 163 452 

297 638 514 
564 921 738 
831 745 926 

378 596 241 
645 812 397 
912 374 865 
===========
123 457 689 
456 289 173 
789 163 452 

297 638 514 
564 921 738 
831 745 926 

378 594 261 
645 812 397 
912 376 845 
===========
123 457 689 
456 289 173 
789 163 452 

297 638 514 
564 912 738 
831 745 926 

378 596 241 
645 821 397 
912 374 865 
===========
123 457 689 
456 289 173 
789 163 452 

297 638 514 
564 912 738 
831 745 926 

378 594 261 
645 821 397 
912 376 845 
===========
123 457 689 
456 289 173 
789 163 452 

297 638 514 
564 912 738 
831 745 296 

378 526 941 
645 891 327 
912 374 865 
===========
123 457 689 
456 289 173 
789 163 452 

297 638 514 
564 912 738 
831 745 296 

378 524 961 
645 891 327 
912 376 845 
===========
123 457 689 
456 289 173 
789 163 452 

297 638 541 
564 921 738 
831 745 926 

378 596 214 
645 812 397 
912 374 865 
===========
123 457 689 
456 289 173 
789 163 452 

297 638 541 
564 912 738 
831 745 926 

378 596 214 
645 821 397 
912 374 865 
===========
123 457 689 
456 289 173 
789 163 452 

297 638 541 
564 921 738 
831 745 296 

378 516 924 
645 892 317 
912 374 865 
===========
123 457 689 
456 289 173 
789 163 452 

297 638 541 
564 921 738 
831 745 926 

378 516 294 
645 892 317 
912 374 865 
===========
123 457 689 
456 289 173 
789 163 452 

297 638 541 
564 912 738 
831 745 296 

378 526 914 
645 891 327 
912 374 865 
===========
123 457 689 
456 289 173 
789 163 452 

297 641 538 
564 938 721 
831 725 946 

378 596 214 
645 812 397 
912 374 865 
===========
123 457 689 
456 289 173 
789 163 452 

297 641 538 
564 938 721 
831 725 964 

378 594 216 
645 812 397 
912 376 845 
===========
123 457 689 
456 289 173 
789 163 452 

297 641 538 
564 938 721 
831 725 946 

378 516 294 
645 892 317 
912 374 865 
===========
123 457 689 
456 289 173 
789 163 452 

297 641 538 
564 938 721 
831 725 964 

378 514 296 
645 892 317 
912 376 845 
===========
123 457 689 
456 289 173 
789 163 452 

297 641 835 
564 938 721 
831 725 946 

378 596 214 
645 812 397 
912 374 568 
===========
123 457 689 
456 289 173 
789 163 452 

297 641 835 
564 938 721 
831 725 964 

378 594 216 
645 812 397 
912 376 548 
===========
123 457 689 
456 289 173 
789 163 452 

297 641 835 
564 938 721 
831 725 946 

378 516 294 
645 892 317 
912 374 568 
===========
123 457 689 
456 289 173 
789 163 452 

297 641 835 
564 938 721 
831 725 964 

378 514 296 
645 892 317 
912 376 548 
===========
123 457 689 
456 289 173 
789 163 452 

297 648 315 
564 931 827 
831 725 946 

378 516 294 
645 892 731 
912 374 568 
===========
123 457 689 
456 289 173 
789 163 452 

297 648 315 
564 931 827 
831 725 964 

378 514 296 
645 892 731 
912 376 548 
===========
123 457 689 
456 289 173 
789 163 452 

297 648 531 
564 931 728 
831 725 946 

378 596 214 
645 812 397 
912 374 865 
===========
123 457 689 
456 289 173 
789 163 452 

297 648 531 
564 931 728 
831 725 964 

378 594 216 
645 812 397 
912 376 845 
===========
123 457 689 
456 289 173 
789 163 452 

297 648 531 
564 931 728 
831 725 946 

378 516 294 
645 892 317 
912 374 865 
===========
123 457 689 
456 289 173 
789 163 452 

297 648 531 
564 931 728 
831 725 964 

378 514 296 
645 892 317 
912 376 845 
===========
123 457 689 
456 289 173 
789 163 452 

297 614 538 
564 738 291 
831 925 764 

378 542 916 
645 891 327 
912 376 845 
===========
123 457 689 
456 289 173 
789 163 452 

297 614 538 
564 738 291 
831 925 764 

378 541 926 
645 892 317 
912 376 845 
===========
123 457 689 
456 289 173 
789 163 452 

297 614 538 
564 738 921 
831 925 764 

378 541 296 
645 892 317 
912 376 845 
===========
123 457 689 
456 289 173 
789 163 452 

297 614 835 
564 738 291 
831 925 764 

378 542 916 
645 891 327 
912 376 548 
===========
123 457 689 
456 289 173 
789 163 452 

297 614 835 
564 738 291 
831 925 764 

378 541 926 
645 892 317 
912 376 548 
===========
123 457 689 
456 289 173 
789 163 452 

297 614 835 
564 738 921 
831 925 764 

378 541 296 
645 892 317 
912 376 548 
===========
123 457 689 
456 289 173 
789 163 452 

297 615 834 
564 738 921 
831 942 765 

378 594 216 
645 821 397 
912 376 548 
===========
123 457 689 
456 289 173 
789 163 452 

297 615 834 
564 738 291 
831 942 765 

378 524 916 
645 891 327 
912 376 548 
===========
123 457 689 
456 289 173 
789 163 452 

297 615 834 
564 738 291 
831 924 765 

378 542 916 
645 891 327 
912 376 548 
===========
123 457 689 
456 289 173 
789 163 452 

297 615 834 
564 738 291 
831 924 765 

378 541 926 
645 892 317 
912 376 548 
===========
123 457 689 
456 289 173 
789 163 452 

297 615 834 
564 738 921 
831 924 765 

378 541 296 
645 892 317 
912 376 548 
===========
123 457 689 
456 289 173 
789 163 452 

297 618 345 
564 732 891 
831 945 726 

378 596 214 
645 821 937 
912 374 568 
===========
123 457 689 
456 289 173 
789 163 452 

297 618 345 
564 732 891 
831 945 726 

378 526 914 
645 891 237 
912 374 568 
===========
123 457 689 
456 289 173 
789 163 452 

297 618 534 
564 732 918 
831 945 726 

378 596 241 
645 821 397 
912 374 865 
===========
123 457 689 
456 289 173 
789 163 452 

297 618 534 
564 732 918 
831 945 726 

378 594 261 
645 821 397 
912 376 845 
===========
123 457 689 
456 289 173 
789 163 452 

297 631 548 
564 728 391 
831 945 726 

378 596 214 
645 812 937 
912 374 865 
===========
123 457 689 
456 289 173 
789 163 452 

297 631 548 
564 728 931 
831 945 726 

378 596 214 
645 812 397 
912 374 865 
===========
123 457 689 
456 289 173 
789 163 452 

297 631 548 
564 728 931 
831 945 726 

378 516 294 
645 892 317 
912 374 865 
===========
123 457 689 
456 289 173 
789 163 452 

297 631 845 
564 728 391 
831 945 726 

378 596 214 
645 812 937 
912 374 568 
===========
123 457 689 
456 289 173 
789 163 452 

297 631 845 
564 728 931 
831 945 726 

378 596 214 
645 812 397 
912 374 568 
===========
123 457 689 
456 289 173 
789 163 452 

297 631 845 
564 728 931 
831 945 726 

378 516 294 
645 892 317 
912 374 568 
===========
123 457 689 
456 289 173 
789 163 452 

297 638 514 
564 721 398 
831 945 726 

378 596 241 
645 812 937 
912 374 865 
===========
123 457 689 
456 289 173 
789 163 452 

297 638 514 
564 721 398 
831 945 726 

378 594 261 
645 812 937 
912 376 845 
===========
123 457 689 
456 289 173 
789 163 452 

297 638 514 
564 721 938 
831 945 726 

378 596 241 
645 812 397 
912 374 865 
===========
123 457 689 
456 289 173 
789 163 452 

297 638 514 
564 721 938 
831 945 726 

378 594 261 
645 812 397 
912 376 845 
===========
123 457 689 
456 289 173 
789 163 452 

297 638 514 
564 712 398 
831 945 726 

378 596 241 
645 821 937 
912 374 865 
===========
123 457 689 
456 289 173 
789 163 452 

297 638 514 
564 712 398 
831 945 726 

378 594 261 
645 821 937 
912 376 845 
===========
123 457 689 
456 289 173 
789 163 452 

297 638 514 
564 712 938 
831 945 726 

378 596 241 
645 821 397 
912 374 865 
===========
123 457 689 
456 289 173 
789 163 452 

297 638 514 
564 712 938 
831 945 726 

378 594 261 
645 821 397 
912 376 845 
===========
123 457 689 
456 289 173 
789 163 452 

297 638 514 
564 721 398 
831 945 267 

378 514 926 
645 892 731 
912 376 845 
===========
123 457 689 
456 289 173 
789 163 452 

297 638 514 
564 712 398 
831 945 726 

378 526 941 
645 891 237 
912 374 865 
===========
123 457 689 
456 289 173 
789 163 452 

297 638 514 
564 712 398 
831 945 726 

378 524 961 
645 891 237 
912 376 845 
===========
123 457 689 
456 289 173 
789 163 452 

297 638 541 
564 721 398 
831 945 726 

378 596 214 
645 812 937 
912 374 865 
===========
123 457 689 
456 289 173 
789 163 452 

297 638 541 
564 721 938 
831 945 726 

378 596 214 
645 812 397 
912 374 865 
===========
123 457 689 
456 289 173 
789 163 452 

297 638 541 
564 712 398 
831 945 726 

378 596 214 
645 821 937 
912 374 865 
===========
123 457 689 
456 289 173 
789 163 452 

297 638 541 
564 712 938 
831 945 726 

378 596 214 
645 821 397 
912 374 865 
===========
123 457 689 
456 289 173 
789 163 452 

297 638 541 
564 721 938 
831 945 726 

378 516 294 
645 892 317 
912 374 865 
===========
123 457 689 
456 289 173 
789 163 452 

297 638 541 
564 712 398 
831 945 726 

378 526 914 
645 891 237 
912 374 865 
===========
123 457 689 
456 289 173 
789 163 452 

297 641 538 
564 738 921 
831 925 746 

378 596 214 
645 812 397 
912 374 865 
===========
123 457 689 
456 289 173 
789 163 452 

297 641 538 
564 738 921 
831 925 764 

378 594 216 
645 812 397 
912 376 845 
===========
123 457 689 
456 289 173 
789 163 452 

297 641 538 
564 738 291 
831 925 746 

378 516 924 
645 892 317 
912 374 865 
===========
123 457 689 
456 289 173 
789 163 452 

297 641 538 
564 738 291 
831 925 764 

378 514 926 
645 892 317 
912 376 845 
===========
123 457 689 
456 289 173 
789 163 452 

297 641 538 
564 738 921 
831 925 746 

378 516 294 
645 892 317 
912 374 865 
===========
123 457 689 
456 289 173 
789 163 452 

297 641 538 
564 738 921 
831 925 764 

378 514 296 
645 892 317 
912 376 845 
===========
123 457 689 
456 289 173 
789 163 452 

297 641 835 
564 738 921 
831 925 746 

378 596 214 
645 812 397 
912 374 568 
===========
123 457 689 
456 289 173 
789 163 452 

297 641 835 
564 738 921 
831 925 764 

378 594 216 
645 812 397 
912 376 548 
===========
123 457 689 
456 289 173 
789 163 452 

297 641 835 
564 738 291 
831 925 746 

378 516 924 
645 892 317 
912 374 568 
===========
123 457 689 
456 289 173 
789 163 452 

297 641 835 
564 738 291 
831 925 764 

378 514 926 
645 892 317 
912 376 548 
===========
123 457 689 
456 289 173 
789 163 452 

297 641 835 
564 738 921 
831 925 746 

378 516 294 
645 892 317 
912 374 568 
===========
