123 457 689 
456 289 173 
789 613 245 

297 834 516 
564 921 738 
831 765 924 

378 592 461 
645 178 392 
912 346 857 
===========
123 457 689 
456 289 173 
789 613 245 

297 834 516 
564 921 837 
831 765 924 

378 592 461 
645 178 392 
912 346 758 
===========
123 457 689 
456 289 173 
789 613 245 

297 834 516 
564 921 738 
831 765 492 

378 542 961 
645 198 327 
912 376 854 
===========
123 457 689 
456 289 173 
789 613 245 

297 834 561 
564 921 738 
831 765 924 

378 592 416 
645 178 392 
912 346 857 
===========
123 457 689 
456 289 173 
789 613 245 

297 834 561 
564 921 837 
831 765 924 

378 592 416 
645 178 392 
912 346 758 
===========
123 457 689 
456 289 173 
789 613 245 

297 834 561 
564 921 837 
831 765 924 

378 596 412 
645 172 398 
912 348 756 
===========
123 457 689 
456 289 173 
789 613 245 

297 834 561 
564 921 738 
831 765 492 

378 542 916 
645 198 327 
912 376 854 
===========
123 457 689 
456 289 173 
789 613 245 

297 835 416 
564 921 738 
831 764 592 

378 542 961 
645 198 327 
912 376 854 
===========
123 457 689 
456 289 173 
789 613 245 

297 835 461 
564 921 738 
831 764 592 

378 542 916 
645 198 327 
912 376 854 
===========
123 457 689 
456 289 173 
789 613 245 

297 835 461 
564 921 738 
831 746 592 

378 562 914 
645 198 327 
912 374 856 
===========
123 457 689 
456 289 173 
789 613 245 

297 836 514 
564 921 738 
831 745 926 

378 592 461 
645 178 392 
912 364 857 
===========
123 457 689 
456 289 173 
789 613 245 

297 836 514 
564 921 837 
831 745 926 

378 592 461 
645 178 392 
912 364 758 
===========
123 457 689 
456 289 173 
789 613 245 

297 836 514 
564 921 738 
831 745 962 

378 562 491 
645 198 327 
912 374 856 
===========
123 457 689 
456 289 173 
789 613 245 

297 841 356 
564 932 817 
831 765 924 

378 526 491 
645 198 732 
912 374 568 
===========
123 457 689 
456 289 173 
789 613 245 

297 841 536 
564 932 718 
831 765 492 

378 524 961 
645 198 327 
912 376 854 
===========
123 457 689 
456 289 173 
789 613 245 

297 845 316 
564 931 728 
831 726 594 

378 592 461 
645 178 932 
912 364 857 
===========
123 457 689 
456 289 173 
789 613 245 

297 845 316 
564 931 827 
831 726 594 

378 592 461 
645 178 932 
912 364 758 
===========
123 457 689 
456 289 173 
789 613 245 

297 845 316 
564 931 827 
831 762 954 

378 526 491 
645 198 732 
912 374 568 
===========
123 457 689 
456 289 173 
789 613 245 

297 845 316 
564 931 827 
831 762 594 

378 524 961 
645 198 732 
912 376 458 
===========
123 457 689 
456 289 173 
789 613 245 

297 845 316 
564 931 827 
831 726 954 

378 562 491 
645 198 732 
912 374 568 
===========
123 457 689 
456 289 173 
789 613 245 

297 845 361 
564 931 728 
831 726 594 

378 592 416 
645 178 932 
912 364 857 
===========
123 457 689 
456 289 173 
789 613 245 

297 845 361 
564 931 827 
831 726 594 

378 592 416 
645 178 932 
912 364 758 
===========
123 457 689 
456 289 173 
789 613 245 

297 845 361 
564 931 728 
831 762 594 

378 596 412 
645 128 937 
912 374 856 
===========
123 457 689 
456 289 173 
789 613 245 

297 845 361 
564 931 827 
831 762 594 

378 524 916 
645 198 732 
912 376 458 
===========
123 457 689 
456 289 173 
789 613 245 

297 845 361 
564 931 728 
831 726 594 

378 564 912 
645 192 837 
912 378 456 
===========
123 457 689 
456 289 173 
789 613 245 

297 845 361 
564 931 827 
831 726 594 

378 564 912 
645 192 738 
912 378 456 
===========
123 457 689 
456 289 173 
789 613 245 

297 846 351 
564 931 728 
831 725 496 

378 564 912 
645 192 837 
912 378 564 
===========
123 457 689 
456 289 173 
789 613 245 

297 846 351 
564 931 827 
831 725 496 

378 562 914 
645 198 732 
912 374 568 
===========
123 457 689 
456 289 173 
789 613 245 

297 846 351 
564 931 827 
831 725 496 

378 564 912 
645 192 738 
912 378 564 
===========
123 457 689 
456 289 173 
789 613 245 

297 846 531 
564 931 728 
831 725 964 

378 592 416 
645 178 392 
912 364 857 
===========
123 457 689 
456 289 173 
789 613 245 

297 846 531 
564 931 827 
831 725 964 

378 592 416 
645 178 392 
912 364 758 
===========
123 457 689 
456 289 173 
789 613 245 

297 861 354 
564 932 817 
831 745 926 

378 526 491 
645 198 732 
912 374 568 
===========
123 457 689 
456 289 173 
789 613 245 

297 861 534 
564 932 718 
831 745 962 

378 596 421 
645 128 397 
912 374 856 
===========
123 457 689 
456 289 173 
789 613 245 

297 861 534 
564 932 718 
831 745 962 

378 526 491 
645 198 327 
912 374 856 
===========
123 457 689 
456 289 173 
789 613 245 

297 864 351 
564 931 728 
831 725 496 

378 546 912 
645 192 837 
912 378 564 
===========
123 457 689 
456 289 173 
789 613 245 

297 864 351 
564 931 827 
831 725 496 

378 546 912 
645 192 738 
912 378 564 
===========
123 457 689 
456 289 173 
789 613 245 

297 864 531 
564 931 728 
831 725 964 

378 592 416 
645 178 392 
912 346 857 
===========
123 457 689 
456 289 173 
789 613 245 

297 864 531 
564 931 827 
831 725 964 

378 592 416 
645 178 392 
912 346 758 
===========
123 457 689 
456 289 173 
789 613 245 

297 864 531 
564 931 827 
831 725 964 

378 596 412 
645 172 398 
912 348 756 
===========
123 457 689 
456 289 173 
789 613 245 

297 865 314 
564 931 728 
831 724 596 

378 592 461 
645 178 932 
912 346 857 
===========
123 457 689 
456 289 173 
789 613 245 

297 865 314 
564 931 827 
831 724 596 

378 592 461 
645 178 932 
912 346 758 
===========
123 457 689 
456 289 173 
789 613 245 

297 865 314 
564 931 827 
831 742 956 

378 526 491 
645 198 732 
912 374 568 
===========
123 457 689 
456 289 173 
789 613 245 

297 865 314 
564 931 827 
831 742 596 

378 524 961 
645 198 732 
912 376 458 
===========
123 457 689 
456 289 173 
789 613 245 

297 865 314 
564 931 827 
831 724 596 

378 542 961 
645 198 732 
912 376 458 
===========
123 457 689 
456 289 173 
789 613 245 

297 834 516 
564 721 398 
831 965 724 

378 592 461 
645 178 932 
912 346 857 
===========
123 457 689 
456 289 173 
789 613 245 

297 834 516 
564 721 938 
831 965 724 

378 592 461 
645 178 392 
912 346 857 
===========
123 457 689 
456 289 173 
789 613 245 

297 834 516 
564 721 398 
831 965 427 

378 542 961 
645 198 732 
912 376 854 
===========
123 457 689 
456 289 173 
789 613 245 

297 834 561 
564 721 398 
831 965 724 

378 592 416 
645 178 932 
912 346 857 
===========
123 457 689 
456 289 173 
789 613 245 

297 834 561 
564 721 938 
831 965 724 

378 592 416 
645 178 392 
912 346 857 
===========
123 457 689 
456 289 173 
789 613 245 

297 834 561 
564 721 398 
831 965 427 

378 542 916 
645 198 732 
912 376 854 
===========
123 457 689 
456 289 173 
789 613 245 

297 834 561 
564 721 398 
831 965 724 

378 546 912 
645 192 837 
912 378 456 
===========
123 457 689 
456 289 173 
789 613 245 

297 835 416 
564 721 398 
831 964 527 

378 542 961 
645 198 732 
912 376 854 
===========
123 457 689 
456 289 173 
789 613 245 

297 835 416 
564 721 398 
831 964 752 

378 546 921 
645 192 837 
912 378 564 
===========
123 457 689 
456 289 173 
789 613 245 

297 835 416 
564 721 398 
831 946 752 

378 564 921 
645 192 837 
912 378 564 
===========
123 457 689 
456 289 173 
789 613 245 

297 835 461 
564 721 398 
831 964 527 

378 542 916 
645 198 732 
912 376 854 
===========
123 457 689 
456 289 173 
789 613 245 

297 835 461 
564 721 398 
831 946 527 

378 562 914 
645 198 732 
912 374 856 
===========
123 457 689 
456 289 173 
789 613 245 

297 836 451 
564 721 398 
831 945 726 

378 564 912 
645 192 837 
912 378 564 
===========
123 457 689 
456 289 173 
789 613 245 

297 836 514 
564 721 398 
831 945 726 

378 592 461 
645 178 932 
912 364 857 
===========
123 457 689 
456 289 173 
789 613 245 

297 836 514 
564 721 938 
831 945 726 

378 592 461 
645 178 392 
912 364 857 
===========
123 457 689 
456 289 173 
789 613 245 

297 836 514 
564 721 398 
831 945 762 

378 564 921 
645 192 837 
912 378 456 
===========
123 457 689 
456 289 173 
789 613 245 

297 836 514 
564 721 938 
831 945 762 

378 562 491 
645 198 327 
912 374 856 
===========
123 457 689 
456 289 173 
789 613 245 

297 841 356 
564 732 891 
831 965 724 

378 596 412 
645 128 937 
912 374 568 
===========
123 457 689 
456 289 173 
789 613 245 

297 841 356 
564 732 891 
831 965 427 

378 526 914 
645 198 732 
912 374 568 
===========
123 457 689 
456 289 173 
789 613 245 

297 845 316 
564 731 892 
831 962 754 

378 596 421 
645 128 937 
912 374 568 
===========
123 457 689 
456 289 173 
789 613 245 

297 845 316 
564 731 892 
831 926 457 

378 564 921 
645 192 738 
912 378 564 
===========
123 457 689 
456 289 173 
789 613 245 

297 846 531 
564 731 928 
831 925 764 

378 592 416 
645 178 392 
912 364 857 
===========
123 457 689 
456 289 173 
789 613 245 

297 861 354 
564 732 891 
831 945 726 

378 596 412 
645 128 937 
912 374 568 
===========
123 457 689 
456 289 173 
789 613 245 

297 861 534 
564 732 918 
831 945 762 

378 596 421 
645 128 397 
912 374 856 
===========
123 457 689 
456 289 173 
789 613 245 

297 861 534 
564 732 891 
831 945 762 

378 524 916 
645 198 327 
912 376 458 
===========
123 457 689 
456 289 173 
789 613 245 

297 861 534 
564 732 918 
831 945 762 

378 526 491 
645 198 327 
912 374 856 
===========
123 457 689 
456 289 173 
789 613 245 

297 864 531 
564 731 928 
831 925 764 

378 592 416 
645 178 392 
912 346 857 
===========
123 457 689 
456 289 173 
789 613 245 

297 864 531 
564 731 892 
831 925 764 

378 542 916 
645 198 327 
912 376 458 
===========
123 457 689 
456 289 173 
789 613 245 

297 865 314 
564 731 892 
831 924 567 

378 596 421 
645 172 938 
912 348 756 
===========
123 457 689 
456 289 173 
789 613 245 

297 865 314 
564 731 892 
831 924 756 

378 596 421 
645 172 938 
912 348 567 
===========
123 457 689 
456 289 173 
789 613 245 

297 865 314 
564 731 892 
831 942 756 

378 596 421 
645 128 937 
912 374 568 
===========
123 457 689 
456 289 173 
789 613 245 

297 865 314 
564 731 928 
831 942 567 

378 526 491 
645 198 732 
912 374 856 
===========
123 457 689 
456 289 173 
789 613 245 

297 865 314 
564 731 892 
831 924 567 

378 546 921 
645 192 738 
912 378 456 
===========
123 457 689 
456 289 173 
789 613 245 

297 865 431 
564 731 892 
831 942 756 

378 526 914 
645 198 327 
912 374 568 
===========
123 457 689 
456 289 173 
789 613 245 

297 831 456 
564 792 831 
831 564 927 

378 926 514 
645 178 392 
912 345 768 
===========
123 457 689 
456 289 173 
789 613 245 

297 831 456 
564 792 318 
831 564 792 

378 946 521 
645 128 937 
912 375 864 
===========
123 457 689 
456 289 173 
789 613 245 

297 831 456 
564 792 318 
831 546 792 

378 964 521 
645 128 937 
912 375 864 
===========
123 457 689 
456 289 173 
789 613 245 

297 831 564 
564 792 831 
831 564 927 

378 925 416 
645 178 392 
912 346 758 
===========
123 457 689 
456 289 173 
789 613 245 

297 831 564 
564 792 831 
831 546 927 

378 925 416 
645 178 392 
912 364 758 
===========
123 457 689 
456 289 173 
789 613 245 

297 831 564 
564 792 318 
831 546 792 

378 965 421 
645 128 937 
912 374 856 
===========
123 457 689 
456 289 173 
789 613 245 

297 834 516 
564 791 328 
831 562 794 

378 926 451 
645 178 932 
912 345 867 
===========
123 457 689 
456 289 173 
789 613 245 

297 834 516 
564 791 328 
831 562 794 

378 925 461 
645 178 932 
912 346 857 
===========
123 457 689 
456 289 173 
789 613 245 

297 834 516 
564 791 328 
831 526 794 

378 962 451 
645 178 932 
912 345 867 
===========
123 457 689 
456 289 173 
789 613 245 

297 834 516 
564 721 398 
831 596 724 

378 962 451 
645 178 932 
912 345 867 
===========
123 457 689 
456 289 173 
789 613 245 

297 834 516 
564 721 938 
831 596 724 

378 962 451 
645 178 392 
912 345 867 
===========
123 457 689 
456 289 173 
789 613 245 

297 834 561 
564 791 328 
831 562 794 

378 925 416 
645 178 932 
912 346 857 
===========
123 457 689 
456 289 173 
789 613 245 

297 836 451 
564 791 328 
831 524 796 

378 962 514 
645 178 932 
912 345 867 
===========
123 457 689 
456 289 173 
789 613 245 

297 836 451 
564 721 398 
831 594 726 

378 962 514 
645 178 932 
912 345 867 
===========
123 457 689 
456 289 173 
789 613 245 

297 836 451 
564 721 938 
831 594 726 

378 962 514 
645 178 392 
912 345 867 
===========
123 457 689 
456 289 173 
789 613 245 

297 836 451 
564 791 328 
831 542 796 

378 964 512 
645 128 937 
912 375 864 
===========
123 457 689 
456 289 173 
789 613 245 

297 836 514 
564 791 328 
831 524 796 

378 962 451 
645 178 932 
912 345 867 
===========
123 457 689 
456 289 173 
789 613 245 

297 836 514 
564 791 832 
831 524 967 

378 965 421 
645 172 398 
912 348 756 
===========
123 457 689 
456 289 173 
789 613 245 

297 836 514 
564 721 398 
831 594 726 

378 962 451 
645 178 932 
912 345 867 
===========
123 457 689 
456 289 173 
789 613 245 

297 836 514 
564 721 938 
831 594 726 

378 962 451 
645 178 392 
912 345 867 
===========
123 457 689 
456 289 173 
789 613 245 

297 836 514 
564 791 328 
831 542 796 

378 925 461 
645 178 932 
912 364 857 
===========
123 457 689 
456 289 173 
789 613 245 

297 841 356 
564 732 891 
831 596 724 

378 965 412 
645 128 937 
912 374 568 
===========
123 457 689 
456 289 173 
789 613 245 

297 841 356 
564 732 891 
831 596 724 

378 964 512 
645 128 937 
912 375 468 
===========
123 457 689 
456 289 173 
789 613 245 

297 841 536 
564 732 918 
831 596 724 

378 925 461 
645 178 392 
912 364 857 
===========
123 457 689 
456 289 173 
789 613 245 

297 846 531 
564 731 928 
831 592 764 

378 925 416 
645 178 392 
912 364 857 
===========
123 457 689 
456 289 173 
789 613 245 

297 846 531 
564 731 928 
831 592 764 

378 965 412 
645 128 397 
912 374 856 
===========
123 457 689 
456 289 173 
789 613 245 

297 861 354 
564 732 891 
831 594 726 

378 946 512 
645 128 937 
912 375 468 
===========
123 457 689 
456 289 173 
789 613 245 

297 861 534 
564 732 918 
831 594 726 

378 926 451 
645 178 392 
912 345 867 
===========
123 457 689 
456 289 173 
789 613 245 

297 861 534 
564 732 918 
831 594 726 

378 925 461 
645 178 392 
912 346 857 
===========
123 457 689 
456 289 173 
789 613 245 

297 864 531 
564 731 928 
831 592 764 

378 925 416 
645 178 392 
912 346 857 
===========
123 457 689 
456 289 173 
789 613 245 

297 534 816 
564 891 327 
831 762 594 

378 926 451 
645 178 932 
912 345 768 
===========
123 457 689 
456 289 173 
789 613 245 

297 534 816 
564 891 327 
831 762 594 

378 925 461 
645 178 932 
912 346 758 
===========
123 457 689 
456 289 173 
789 613 245 

297 534 816 
564 891 327 
831 726 594 

378 962 451 
645 178 932 
912 345 768 
===========
123 457 689 
456 289 173 
789 613 245 

297 534 816 
564 891 732 
831 726 954 

378 965 421 
645 172 398 
912 348 567 
===========
123 457 689 
456 289 173 
789 613 245 

297 534 816 
564 821 397 
831 796 524 

378 962 451 
645 178 932 
912 345 768 
===========
123 457 689 
456 289 173 
789 613 245 

297 534 816 
564 821 937 
831 796 524 

378 962 451 
645 178 392 
912 345 768 
===========
123 457 689 
456 289 173 
789 613 245 

297 534 816 
564 891 732 
831 762 954 

378 946 521 
645 128 397 
912 375 468 
===========
123 457 689 
456 289 173 
789 613 245 

297 534 861 
564 891 327 
831 762 594 

378 925 416 
645 178 932 
912 346 758 
===========
123 457 689 
456 289 173 
789 613 245 

297 534 861 
564 891 327 
831 726 594 

378 965 412 
645 172 938 
912 348 756 
===========
123 457 689 
456 289 173 
789 613 245 

297 534 861 
564 821 397 
831 796 524 

378 965 412 
645 172 938 
912 348 756 
===========
123 457 689 
456 289 173 
789 613 245 

297 534 861 
564 821 937 
831 796 524 

378 965 412 
645 172 398 
912 348 756 
===========
123 457 689 
456 289 173 
789 613 245 

297 536 418 
564 891 732 
831 742 956 

378 964 521 
645 128 397 
912 375 864 
===========
123 457 689 
456 289 173 
789 613 245 

297 536 814 
564 891 327 
831 724 596 

378 962 451 
645 178 932 
912 345 768 
===========
123 457 689 
456 289 173 
789 613 245 

297 536 814 
564 891 732 
831 724 956 

378 965 421 
645 172 398 
912 348 567 
===========
123 457 689 
456 289 173 
789 613 245 

297 536 814 
564 821 397 
831 794 526 

378 962 451 
645 178 932 
912 345 768 
===========
123 457 689 
456 289 173 
789 613 245 

297 536 814 
564 821 397 
831 794 562 

378 965 421 
645 172 938 
912 348 756 
===========
123 457 689 
456 289 173 
789 613 245 

297 536 814 
564 821 937 
831 794 526 

378 962 451 
645 178 392 
912 345 768 
===========
123 457 689 
456 289 173 
789 613 245 

297 536 814 
564 821 937 
831 794 562 

378 965 421 
645 172 398 
912 348 756 
===========
123 457 689 
456 289 173 
789 613 245 

297 536 814 
564 891 327 
831 742 596 

378 925 461 
645 178 932 
912 364 758 
===========
123 457 689 
456 289 173 
789 613 245 

297 536 814 
564 891 732 
831 742 956 

378 965 421 
645 128 397 
912 374 568 
===========
123 457 689 
456 289 173 
789 613 245 

297 536 814 
564 891 732 
831 742 956 

378 964 521 
645 128 397 
912 375 468 
===========
123 457 689 
456 289 173 
789 613 245 

297 541 368 
564 832 791 
831 796 524 

378 925 416 
645 178 932 
912 364 857 
===========
123 457 689 
456 289 173 
789 613 245 

297 541 368 
564 832 791 
831 796 524 

378 965 412 
645 128 937 
912 374 856 
===========
123 457 689 
456 289 173 
789 613 245 

297 541 836 
564 832 917 
831 796 524 

378 925 461 
645 178 392 
912 364 758 
===========
123 457 689 
456 289 173 
789 613 245 

297 546 318 
564 831 792 
831 792 564 

378 965 421 
645 128 937 
912 374 856 
===========
123 457 689 
456 289 173 
789 613 245 

297 546 318 
564 831 792 
831 792 456 

378 964 521 
645 128 937 
912 375 864 
===========
123 457 689 
456 289 173 
789 613 245 

297 546 831 
564 831 927 
831 792 564 

378 925 416 
645 178 392 
912 364 758 
===========
123 457 689 
456 289 173 
789 613 245 

297 561 834 
564 832 917 
831 794 526 

378 926 451 
645 178 392 
912 345 768 
===========
123 457 689 
456 289 173 
789 613 245 

297 561 834 
564 832 917 
831 794 526 

378 925 461 
645 178 392 
912 346 758 
===========
123 457 689 
456 289 173 
789 613 245 

297 564 318 
564 831 792 
831 792 456 

378 946 521 
645 128 937 
912 375 864 
===========
123 457 689 
456 289 173 
789 613 245 

297 564 831 
564 831 927 
831 792 456 

378 926 514 
645 178 392 
912 345 768 
===========
123 457 689 
456 289 173 
789 613 245 

297 564 831 
564 831 927 
831 792 564 

378 925 416 
645 178 392 
912 346 758 
===========
123 457 689 
456 289 173 
789 613 245 

297 831 456 
564 972 318 
831 564 792 

378 196 524 
645 728 931 
912 345 867 
===========
123 457 689 
456 289 173 
789 613 245 

297 831 456 
564 972 831 
831 564 927 

378 126 594 
645 798 312 
912 345 768 
===========
123 457 689 
456 289 173 
789 613 245 

297 831 564 
564 972 318 
831 564 792 

378 195 426 
645 728 931 
912 346 857 
===========
123 457 689 
456 289 173 
789 613 245 

297 831 564 
564 972 831 
831 564 927 

378 125 496 
645 798 312 
912 346 758 
===========
123 457 689 
456 289 173 
789 613 245 

297 831 564 
564 972 318 
831 546 792 

378 195 426 
645 728 931 
912 364 857 
===========
123 457 689 
456 289 173 
789 613 245 

297 831 564 
564 972 831 
831 546 927 

378 125 496 
645 798 312 
912 364 758 
===========
123 457 689 
456 289 173 
789 613 245 

297 834 516 
564 971 328 
831 562 794 

378 196 452 
645 728 931 
912 345 867 
===========
123 457 689 
456 289 173 
789 613 245 

297 834 516 
564 971 328 
831 562 794 

378 195 462 
645 728 931 
912 346 857 
===========
123 457 689 
456 289 173 
789 613 245 

297 834 516 
564 971 832 
831 562 497 

378 126 954 
645 798 321 
912 345 768 
===========
123 457 689 
456 289 173 
789 613 245 

297 834 516 
564 971 832 
831 562 497 

378 125 964 
645 798 321 
912 346 758 
===========
123 457 689 
456 289 173 
789 613 245 

297 834 516 
564 971 832 
831 526 497 

378 162 954 
645 798 321 
912 345 768 
===========
123 457 689 
456 289 173 
789 613 245 

297 834 516 
564 921 738 
831 576 492 

378 162 954 
645 798 321 
912 345 867 
===========
123 457 689 
456 289 173 
789 613 245 

297 834 516 
564 921 837 
831 576 492 

378 162 954 
645 798 321 
912 345 768 
===========
123 457 689 
456 289 173 
789 613 245 

297 834 516 
564 971 328 
831 526 497 

378 145 962 
645 792 831 
912 368 754 
===========
123 457 689 
456 289 173 
789 613 245 

297 834 516 
564 971 328 
831 526 794 

378 145 962 
645 792 831 
912 368 457 
===========
123 457 689 
456 289 173 
789 613 245 

297 834 561 
564 971 832 
831 526 497 

378 165 924 
645 792 318 
912 348 756 
===========
123 457 689 
456 289 173 
789 613 245 

297 834 561 
564 921 837 
831 576 492 

378 165 924 
645 792 318 
912 348 756 
===========
123 457 689 
456 289 173 
789 613 245 

297 834 561 
564 921 837 
831 576 924 

378 165 492 
645 792 318 
912 348 756 
===========
123 457 689 
456 289 173 
789 613 245 

297 834 561 
564 971 832 
831 526 497 

378 145 926 
645 792 318 
912 368 754 
===========
123 457 689 
456 289 173 
789 613 245 

297 834 561 
564 971 832 
831 526 794 

378 145 926 
645 792 318 
912 368 457 
===========
123 457 689 
456 289 173 
789 613 245 

297 834 561 
564 921 837 
831 576 492 

378 145 926 
645 792 318 
912 368 754 
===========
123 457 689 
456 289 173 
789 613 245 

297 836 451 
564 971 832 
831 524 796 

378 165 924 
645 792 318 
912 348 567 
===========
123 457 689 
456 289 173 
789 613 245 

297 836 451 
564 921 738 
831 574 926 

378 162 594 
645 798 312 
912 345 867 
===========
123 457 689 
456 289 173 
789 613 245 

297 836 451 
564 921 837 
831 574 926 

378 162 594 
645 798 312 
912 345 768 
===========
123 457 689 
456 289 173 
789 613 245 

297 836 514 
564 971 328 
831 524 967 

378 165 492 
645 792 831 
912 348 756 
===========
123 457 689 
456 289 173 
789 613 245 

297 836 514 
564 971 328 
831 542 796 

378 195 462 
645 728 931 
912 364 857 
===========
123 457 689 
456 289 173 
789 613 245 

297 836 514 
564 971 832 
831 542 967 

378 195 426 
645 728 391 
912 364 758 
===========
123 457 689 
456 289 173 
789 613 245 

297 836 514 
564 971 832 
831 542 967 

378 125 496 
645 798 321 
912 364 758 
===========
123 457 689 
456 289 173 
789 613 245 

297 836 514 
564 971 328 
831 524 796 

378 145 962 
645 792 831 
912 368 457 
===========
123 457 689 
456 289 173 
789 613 245 

297 841 536 
564 932 718 
831 576 924 

378 195 462 
645 728 391 
912 364 857 
===========
123 457 689 
456 289 173 
789 613 245 

297 841 536 
564 932 817 
831 576 924 

378 195 462 
645 728 391 
912 364 758 
===========
123 457 689 
456 289 173 
789 613 245 

297 841 536 
564 932 718 
831 576 492 

378 125 964 
645 798 321 
912 364 857 
===========
123 457 689 
456 289 173 
789 613 245 

297 841 536 
564 932 817 
831 576 492 

378 125 964 
645 798 321 
912 364 758 
===========
123 457 689 
456 289 173 
789 613 245 

297 846 531 
564 931 728 
831 572 496 

378 125 964 
645 798 312 
912 364 857 
===========
123 457 689 
456 289 173 
789 613 245 

297 846 531 
564 931 728 
831 572 964 

378 125 496 
645 798 312 
912 364 857 
===========
123 457 689 
456 289 173 
789 613 245 

297 846 531 
564 931 827 
831 572 496 

378 125 964 
645 798 312 
912 364 758 
===========
123 457 689 
456 289 173 
789 613 245 

297 846 531 
564 931 827 
831 572 964 

378 125 496 
645 798 312 
912 364 758 
===========
123 457 689 
456 289 173 
789 613 245 

297 861 534 
564 932 718 
831 574 926 

378 196 452 
645 728 391 
912 345 867 
===========
123 457 689 
456 289 173 
789 613 245 

297 861 534 
564 932 718 
831 574 926 

378 195 462 
645 728 391 
912 346 857 
===========
123 457 689 
456 289 173 
789 613 245 

297 861 534 
564 932 718 
831 574 962 

378 195 426 
645 728 391 
912 346 857 
===========
123 457 689 
456 289 173 
789 613 245 

297 861 534 
564 932 817 
831 574 926 

378 196 452 
645 728 391 
912 345 768 
===========
123 457 689 
456 289 173 
789 613 245 

297 861 534 
564 932 817 
831 574 926 

378 195 462 
645 728 391 
912 346 758 
===========
123 457 689 
456 289 173 
789 613 245 

297 861 534 
564 932 817 
831 574 962 

378 195 426 
645 728 391 
912 346 758 
===========
123 457 689 
456 289 173 
789 613 245 

297 861 534 
564 932 718 
831 574 962 

378 125 496 
645 798 321 
912 346 857 
===========
123 457 689 
456 289 173 
789 613 245 

297 861 534 
564 932 817 
831 574 962 

378 125 496 
645 798 321 
912 346 758 
===========
123 457 689 
456 289 173 
789 613 245 

297 864 531 
564 931 728 
831 572 496 

378 126 954 
645 798 312 
912 345 867 
===========
123 457 689 
456 289 173 
789 613 245 

297 864 531 
564 931 728 
831 572 496 

378 125 964 
645 798 312 
912 346 857 
===========
123 457 689 
456 289 173 
789 613 245 

297 864 531 
564 931 728 
831 572 964 

378 125 496 
645 798 312 
912 346 857 
===========
123 457 689 
456 289 173 
789 613 245 

297 864 531 
564 931 827 
831 572 496 

378 126 954 
645 798 312 
912 345 768 
===========
123 457 689 
456 289 173 
789 613 245 

297 864 531 
564 931 827 
831 572 496 

378 125 964 
645 798 312 
912 346 758 
===========
123 457 689 
456 289 173 
789 613 245 

297 864 531 
564 931 827 
831 572 964 

378 125 496 
645 798 312 
912 346 758 
===========
123 457 689 
456 289 173 
789 613 245 

297 531 864 
564 872 931 
831 964 527 

378 125 496 
645 798 312 
912 346 758 
===========
123 457 689 
456 289 173 
789 613 245 

297 531 864 
564 872 931 
831 946 527 

378 125 496 
645 798 312 
912 364 758 
===========
123 457 689 
456 289 173 
789 613 245 

297 534 816 
564 871 392 
831 962 457 

378 196 524 
645 728 931 
912 345 768 
===========
123 457 689 
456 289 173 
789 613 245 

297 534 816 
564 871 932 
831 962 457 

378 196 524 
645 728 391 
912 345 768 
===========
123 457 689 
456 289 173 
789 613 245 

297 534 816 
564 871 932 
831 962 457 

378 126 594 
645 798 321 
912 345 768 
===========
123 457 689 
456 289 173 
789 613 245 

297 534 816 
564 871 932 
831 926 457 

378 162 594 
645 798 321 
912 345 768 
===========
123 457 689 
456 289 173 
789 613 245 

297 534 816 
564 821 937 
831 976 452 

378 162 594 
645 798 321 
912 345 768 
===========
123 457 689 
456 289 173 
789 613 245 

297 534 861 
564 821 937 
831 976 524 

378 165 492 
645 792 318 
912 348 756 
===========
123 457 689 
456 289 173 
789 613 245 

297 536 418 
564 871 392 
831 924 567 

378 165 924 
645 792 831 
912 348 756 
===========
123 457 689 
456 289 173 
789 613 245 

297 536 418 
564 871 392 
831 924 756 

378 165 924 
645 792 831 
912 348 567 
===========
