123 457 689 
456 289 173 
789 613 254 

297 834 516 
564 921 837 
831 765 942 

378 596 421 
645 172 398 
912 348 765 
===========
123 457 689 
456 289 173 
789 613 254 

297 834 516 
564 921 738 
831 765 492 

378 542 961 
645 198 327 
912 376 845 
===========
123 457 689 
456 289 173 
789 613 254 

297 834 561 
564 921 738 
831 765 492 

378 542 916 
645 198 327 
912 376 845 
===========
123 457 689 
456 289 173 
789 613 254 

297 835 416 
564 921 738 
831 764 592 

378 542 961 
645 198 327 
912 376 845 
===========
123 457 689 
456 289 173 
789 613 254 

297 835 416 
564 921 738 
831 746 592 

378 562 941 
645 198 327 
912 374 865 
===========
123 457 689 
456 289 173 
789 613 254 

297 835 461 
564 921 738 
831 764 592 

378 542 916 
645 198 327 
912 376 845 
===========
123 457 689 
456 289 173 
789 613 254 

297 841 536 
564 932 718 
831 765 942 

378 596 421 
645 128 397 
912 374 865 
===========
123 457 689 
456 289 173 
789 613 254 

297 841 536 
564 932 718 
831 765 492 

378 526 941 
645 198 327 
912 374 865 
===========
123 457 689 
456 289 173 
789 613 254 

297 841 536 
564 932 718 
831 765 942 

378 526 491 
645 198 327 
912 374 865 
===========
123 457 689 
456 289 173 
789 613 254 

297 841 536 
564 932 718 
831 765 492 

378 524 961 
645 198 327 
912 376 845 
===========
123 457 689 
456 289 173 
789 613 254 

297 845 316 
564 931 827 
831 762 495 

378 526 941 
645 198 732 
912 374 568 
===========
123 457 689 
456 289 173 
789 613 254 

297 845 316 
564 931 827 
831 762 945 

378 526 491 
645 198 732 
912 374 568 
===========
123 457 689 
456 289 173 
789 613 254 

297 845 316 
564 931 827 
831 762 495 

378 524 961 
645 198 732 
912 376 548 
===========
123 457 689 
456 289 173 
789 613 254 

297 845 316 
564 931 827 
831 726 495 

378 562 941 
645 198 732 
912 374 568 
===========
123 457 689 
456 289 173 
789 613 254 

297 845 316 
564 931 827 
831 726 945 

378 562 491 
645 198 732 
912 374 568 
===========
123 457 689 
456 289 173 
789 613 254 

297 845 361 
564 931 827 
831 762 495 

378 524 916 
645 198 732 
912 376 548 
===========
123 457 689 
456 289 173 
789 613 254 

297 845 361 
564 931 728 
831 726 495 

378 564 912 
645 192 837 
912 378 546 
===========
123 457 689 
456 289 173 
789 613 254 

297 845 361 
564 931 827 
831 726 495 

378 564 912 
645 192 738 
912 378 546 
===========
123 457 689 
456 289 173 
789 613 254 

297 846 315 
564 931 827 
831 725 496 

378 562 941 
645 198 732 
912 374 568 
===========
123 457 689 
456 289 173 
789 613 254 

297 846 315 
564 931 827 
831 725 946 

378 562 491 
645 198 732 
912 374 568 
===========
123 457 689 
456 289 173 
789 613 254 

297 861 345 
564 932 817 
831 745 926 

378 526 491 
645 198 732 
912 374 568 
===========
123 457 689 
456 289 173 
789 613 254 

297 864 315 
564 931 827 
831 725 496 

378 542 961 
645 198 732 
912 376 548 
===========
123 457 689 
456 289 173 
789 613 254 

297 864 531 
564 931 827 
831 725 946 

378 596 412 
645 172 398 
912 348 765 
===========
123 457 689 
456 289 173 
789 613 254 

297 865 341 
564 931 827 
831 724 596 

378 596 412 
645 172 938 
912 348 765 
===========
123 457 689 
456 289 173 
789 613 254 

297 865 341 
564 931 728 
831 742 596 

378 596 412 
645 128 937 
912 374 865 
===========
123 457 689 
456 289 173 
789 613 254 

297 865 341 
564 931 728 
831 724 596 

378 546 912 
645 192 837 
912 378 465 
===========
123 457 689 
456 289 173 
789 613 254 

297 865 341 
564 931 827 
831 724 596 

378 546 912 
645 192 738 
912 378 465 
===========
123 457 689 
456 289 173 
789 613 254 

297 834 516 
564 721 398 
831 965 427 

378 542 961 
645 198 732 
912 376 845 
===========
123 457 689 
456 289 173 
789 613 254 

297 834 516 
564 721 398 
831 965 742 

378 546 921 
645 192 837 
912 378 465 
===========
123 457 689 
456 289 173 
789 613 254 

297 834 561 
564 721 398 
831 965 427 

378 542 916 
645 198 732 
912 376 845 
===========
123 457 689 
456 289 173 
789 613 254 

297 835 416 
564 721 398 
831 964 527 

378 542 961 
645 198 732 
912 376 845 
===========
123 457 689 
456 289 173 
789 613 254 

297 835 416 
564 721 398 
831 946 527 

378 562 941 
645 198 732 
912 374 865 
===========
123 457 689 
456 289 173 
789 613 254 

297 835 461 
564 721 398 
831 964 527 

378 542 916 
645 198 732 
912 376 845 
===========
123 457 689 
456 289 173 
789 613 254 

297 835 461 
564 721 398 
831 964 725 

378 546 912 
645 192 837 
912 378 546 
===========
123 457 689 
456 289 173 
789 613 254 

297 835 461 
564 721 398 
831 946 725 

378 564 912 
645 192 837 
912 378 546 
===========
123 457 689 
456 289 173 
789 613 254 

297 836 415 
564 721 398 
831 945 762 

378 564 921 
645 192 837 
912 378 546 
===========
123 457 689 
456 289 173 
789 613 254 

297 836 541 
564 721 398 
831 945 726 

378 564 912 
645 192 837 
912 378 465 
===========
123 457 689 
456 289 173 
789 613 254 

297 841 365 
564 732 891 
831 965 427 

378 524 916 
645 198 732 
912 376 548 
===========
123 457 689 
456 289 173 
789 613 254 

297 841 536 
564 732 918 
831 965 742 

378 596 421 
645 128 397 
912 374 865 
===========
123 457 689 
456 289 173 
789 613 254 

297 841 536 
564 732 918 
831 965 742 

378 526 491 
645 198 327 
912 374 865 
===========
123 457 689 
456 289 173 
789 613 254 

297 845 316 
564 731 892 
831 962 745 

378 596 421 
645 128 937 
912 374 568 
===========
123 457 689 
456 289 173 
789 613 254 

297 845 316 
564 731 928 
831 962 547 

378 526 491 
645 198 732 
912 374 865 
===========
123 457 689 
456 289 173 
789 613 254 

297 845 316 
564 731 892 
831 926 547 

378 564 921 
645 192 738 
912 378 465 
===========
123 457 689 
456 289 173 
789 613 254 

297 845 316 
564 731 928 
831 926 547 

378 562 491 
645 198 732 
912 374 865 
===========
123 457 689 
456 289 173 
789 613 254 

297 846 315 
564 731 892 
831 925 467 

378 564 921 
645 192 738 
912 378 546 
===========
123 457 689 
456 289 173 
789 613 254 

297 861 345 
564 732 891 
831 945 726 

378 596 412 
645 128 937 
912 374 568 
===========
123 457 689 
456 289 173 
789 613 254 

297 861 435 
564 732 891 
831 945 762 

378 524 916 
645 198 327 
912 376 548 
===========
123 457 689 
456 289 173 
789 613 254 

297 864 315 
564 731 892 
831 925 746 

378 596 421 
645 172 938 
912 348 567 
===========
123 457 689 
456 289 173 
789 613 254 

297 864 315 
564 731 892 
831 925 467 

378 546 921 
645 192 738 
912 378 546 
===========
123 457 689 
456 289 173 
789 613 254 

297 865 431 
564 731 892 
831 942 765 

378 524 916 
645 198 327 
912 376 548 
===========
123 457 689 
456 289 173 
789 613 254 

297 865 431 
564 731 892 
831 924 765 

378 542 916 
645 198 327 
912 376 548 
===========
123 457 689 
456 289 173 
789 613 254 

297 831 465 
564 792 831 
831 546 927 

378 924 516 
645 178 392 
912 365 748 
===========
123 457 689 
456 289 173 
789 613 254 

297 831 465 
564 792 318 
831 564 792 

378 946 521 
645 128 937 
912 375 846 
===========
123 457 689 
456 289 173 
789 613 254 

297 831 465 
564 792 318 
831 546 792 

378 964 521 
645 128 937 
912 375 846 
===========
123 457 689 
456 289 173 
789 613 254 

297 831 546 
564 792 831 
831 564 927 

378 926 415 
645 178 392 
912 345 768 
===========
123 457 689 
456 289 173 
789 613 254 

297 831 546 
564 792 318 
831 546 792 

378 965 421 
645 128 937 
912 374 865 
===========
123 457 689 
456 289 173 
789 613 254 

297 834 516 
564 791 832 
831 526 947 

378 965 421 
645 172 398 
912 348 765 
===========
123 457 689 
456 289 173 
789 613 254 

297 836 415 
564 791 328 
831 524 796 

378 962 541 
645 178 932 
912 345 867 
===========
123 457 689 
456 289 173 
789 613 254 

297 836 415 
564 721 398 
831 594 726 

378 962 541 
645 178 932 
912 345 867 
===========
123 457 689 
456 289 173 
789 613 254 

297 836 415 
564 721 938 
831 594 726 

378 962 541 
645 178 392 
912 345 867 
===========
123 457 689 
456 289 173 
789 613 254 

297 836 415 
564 791 328 
831 542 796 

378 924 561 
645 178 932 
912 365 847 
===========
123 457 689 
456 289 173 
789 613 254 

297 836 415 
564 791 328 
831 524 796 

378 942 561 
645 178 932 
912 365 847 
===========
123 457 689 
456 289 173 
789 613 254 

297 836 415 
564 721 398 
831 594 726 

378 942 561 
645 178 932 
912 365 847 
===========
123 457 689 
456 289 173 
789 613 254 

297 836 415 
564 721 938 
831 594 726 

378 942 561 
645 178 392 
912 365 847 
===========
123 457 689 
456 289 173 
789 613 254 

297 836 541 
564 791 328 
831 524 796 

378 962 415 
645 178 932 
912 345 867 
===========
123 457 689 
456 289 173 
789 613 254 

297 836 541 
564 721 398 
831 594 726 

378 962 415 
645 178 932 
912 345 867 
===========
123 457 689 
456 289 173 
789 613 254 

297 836 541 
564 721 938 
831 594 726 

378 962 415 
645 178 392 
912 345 867 
===========
123 457 689 
456 289 173 
789 613 254 

297 836 541 
564 791 328 
831 542 796 

378 965 412 
645 128 937 
912 374 865 
===========
123 457 689 
456 289 173 
789 613 254 

297 841 365 
564 732 891 
831 596 427 

378 924 516 
645 178 932 
912 365 748 
===========
123 457 689 
456 289 173 
789 613 254 

297 841 536 
564 732 918 
831 596 742 

378 965 421 
645 128 397 
912 374 865 
===========
123 457 689 
456 289 173 
789 613 254 

297 846 315 
564 731 892 
831 592 746 

378 965 421 
645 128 937 
912 374 568 
===========
123 457 689 
456 289 173 
789 613 254 

297 846 315 
564 731 892 
831 592 746 

378 964 521 
645 128 937 
912 375 468 
===========
123 457 689 
456 289 173 
789 613 254 

297 846 531 
564 731 928 
831 592 746 

378 965 412 
645 128 397 
912 374 865 
===========
123 457 689 
456 289 173 
789 613 254 

297 861 345 
564 732 891 
831 594 726 

378 946 512 
645 128 937 
912 375 468 
===========
123 457 689 
456 289 173 
789 613 254 

297 861 435 
564 732 918 
831 594 726 

378 926 541 
645 178 392 
912 345 867 
===========
123 457 689 
456 289 173 
789 613 254 

297 861 435 
564 732 918 
831 594 762 

378 946 521 
645 128 397 
912 375 846 
===========
123 457 689 
456 289 173 
789 613 254 

297 864 315 
564 731 892 
831 592 746 

378 946 521 
645 128 937 
912 375 468 
===========
123 457 689 
456 289 173 
789 613 254 

297 864 531 
564 731 928 
831 592 746 

378 926 415 
645 178 392 
912 345 867 
===========
123 457 689 
456 289 173 
789 613 254 

297 531 468 
564 892 731 
831 746 925 

378 924 516 
645 178 392 
912 365 847 
===========
123 457 689 
456 289 173 
789 613 254 

297 531 468 
564 892 731 
831 764 925 

378 946 512 
645 128 397 
912 375 846 
===========
123 457 689 
456 289 173 
789 613 254 

297 531 468 
564 892 731 
831 746 925 

378 964 512 
645 128 397 
912 375 846 
===========
123 457 689 
456 289 173 
789 613 254 

297 531 846 
564 892 731 
831 764 925 

378 946 512 
645 128 397 
912 375 468 
===========
123 457 689 
456 289 173 
789 613 254 

297 531 846 
564 892 731 
831 746 925 

378 965 412 
645 128 397 
912 374 568 
===========
123 457 689 
456 289 173 
789 613 254 

297 531 846 
564 892 731 
831 746 925 

378 964 512 
645 128 397 
912 375 468 
===========
123 457 689 
456 289 173 
789 613 254 

297 534 816 
564 891 327 
831 762 495 

378 926 541 
645 178 932 
912 345 768 
===========
123 457 689 
456 289 173 
789 613 254 

297 534 816 
564 891 327 
831 726 495 

378 962 541 
645 178 932 
912 345 768 
===========
123 457 689 
456 289 173 
789 613 254 

297 534 816 
564 891 732 
831 726 945 

378 965 421 
645 172 398 
912 348 567 
===========
123 457 689 
456 289 173 
789 613 254 

297 534 816 
564 821 397 
831 796 425 

378 962 541 
645 178 932 
912 345 768 
===========
123 457 689 
456 289 173 
789 613 254 

297 534 816 
564 821 397 
831 796 542 

378 965 421 
645 172 938 
912 348 765 
===========
123 457 689 
456 289 173 
789 613 254 

297 534 816 
564 821 937 
831 796 425 

378 962 541 
645 178 392 
912 345 768 
===========
123 457 689 
456 289 173 
789 613 254 

297 534 816 
564 821 937 
831 796 542 

378 965 421 
645 172 398 
912 348 765 
===========
123 457 689 
456 289 173 
789 613 254 

297 534 816 
564 891 327 
831 726 495 

378 942 561 
645 178 932 
912 365 748 
===========
123 457 689 
456 289 173 
789 613 254 

297 534 816 
564 821 397 
831 796 425 

378 942 561 
645 178 932 
912 365 748 
===========
123 457 689 
456 289 173 
789 613 254 

297 534 816 
564 821 937 
831 796 425 

378 942 561 
645 178 392 
912 365 748 
===========
123 457 689 
456 289 173 
789 613 254 

297 534 816 
564 891 732 
831 762 945 

378 946 521 
645 128 397 
912 375 468 
===========
123 457 689 
456 289 173 
789 613 254 

297 534 861 
564 891 327 
831 726 495 

378 942 516 
645 178 932 
912 365 748 
===========
123 457 689 
456 289 173 
789 613 254 

297 534 861 
564 821 397 
831 796 425 

378 942 516 
645 178 932 
912 365 748 
===========
123 457 689 
456 289 173 
789 613 254 

297 534 861 
564 821 937 
831 796 425 

378 942 516 
645 178 392 
912 365 748 
===========
123 457 689 
456 289 173 
789 613 254 

297 536 418 
564 891 732 
831 742 965 

378 964 521 
645 128 397 
912 375 846 
===========
123 457 689 
456 289 173 
789 613 254 

297 536 841 
564 891 327 
831 724 596 

378 962 415 
645 178 932 
912 345 768 
===========
123 457 689 
456 289 173 
789 613 254 

297 536 841 
564 891 327 
831 724 596 

378 965 412 
645 172 938 
912 348 765 
===========
123 457 689 
456 289 173 
789 613 254 

297 536 841 
564 821 397 
831 794 526 

378 962 415 
645 178 932 
912 345 768 
===========
123 457 689 
456 289 173 
789 613 254 

297 536 841 
564 821 397 
831 794 526 

378 965 412 
645 172 938 
912 348 765 
===========
123 457 689 
456 289 173 
789 613 254 

297 536 841 
564 821 937 
831 794 526 

378 962 415 
645 178 392 
912 345 768 
===========
123 457 689 
456 289 173 
789 613 254 

297 536 841 
564 821 937 
831 794 526 

378 965 412 
645 172 398 
912 348 765 
===========
123 457 689 
456 289 173 
789 613 254 

297 541 368 
564 832 791 
831 796 425 

378 924 516 
645 178 932 
912 365 847 
===========
123 457 689 
456 289 173 
789 613 254 

297 541 368 
564 832 791 
831 796 425 

378 964 512 
645 128 937 
912 375 846 
===========
123 457 689 
456 289 173 
789 613 254 

297 541 836 
564 832 917 
831 796 425 

378 924 561 
645 178 392 
912 365 748 
===========
123 457 689 
456 289 173 
789 613 254 

297 546 318 
564 831 792 
831 792 546 

378 965 421 
645 128 937 
912 374 865 
===========
123 457 689 
456 289 173 
789 613 254 

297 546 318 
564 831 792 
831 792 465 

378 964 521 
645 128 937 
912 375 846 
===========
123 457 689 
456 289 173 
789 613 254 

297 546 831 
564 831 927 
831 792 465 

378 924 516 
645 178 392 
912 365 748 
===========
123 457 689 
456 289 173 
789 613 254 

297 561 348 
564 832 791 
831 794 526 

378 926 415 
645 178 932 
912 345 867 
===========
123 457 689 
456 289 173 
789 613 254 

297 564 318 
564 831 792 
831 792 465 

378 946 521 
645 128 937 
912 375 846 
===========
123 457 689 
456 289 173 
789 613 254 

297 564 831 
564 831 927 
831 792 546 

378 926 415 
645 178 392 
912 345 768 
===========
123 457 689 
456 289 173 
789 613 254 

297 831 465 
564 972 318 
831 546 792 

378 194 526 
645 728 931 
912 365 847 
===========
123 457 689 
456 289 173 
789 613 254 

297 831 465 
564 972 831 
831 546 927 

378 124 596 
645 798 312 
912 365 748 
===========
123 457 689 
456 289 173 
789 613 254 

297 831 546 
564 972 318 
831 564 792 

378 196 425 
645 728 931 
912 345 867 
===========
123 457 689 
456 289 173 
789 613 254 

297 831 546 
564 972 831 
831 564 927 

378 126 495 
645 798 312 
912 345 768 
===========
123 457 689 
456 289 173 
789 613 254 

297 834 516 
564 971 832 
831 562 947 

378 196 425 
645 728 391 
912 345 768 
===========
123 457 689 
456 289 173 
789 613 254 

297 834 516 
564 971 832 
831 562 497 

378 126 945 
645 798 321 
912 345 768 
===========
123 457 689 
456 289 173 
789 613 254 

297 834 516 
564 971 832 
831 562 947 

378 126 495 
645 798 321 
912 345 768 
===========
123 457 689 
456 289 173 
789 613 254 

297 834 516 
564 971 328 
831 526 497 

378 165 942 
645 792 831 
912 348 765 
===========
123 457 689 
456 289 173 
789 613 254 

297 834 516 
564 971 328 
831 526 947 

378 165 492 
645 792 831 
912 348 765 
===========
123 457 689 
456 289 173 
789 613 254 

297 834 516 
564 971 832 
831 526 497 

378 162 945 
645 798 321 
912 345 768 
===========
123 457 689 
456 289 173 
789 613 254 

297 834 516 
564 971 832 
831 526 947 

378 162 495 
645 798 321 
912 345 768 
===========
123 457 689 
456 289 173 
789 613 254 

297 834 516 
564 921 738 
831 576 492 

378 162 945 
645 798 321 
912 345 867 
===========
123 457 689 
456 289 173 
789 613 254 

297 834 516 
564 921 738 
831 576 942 

378 162 495 
645 798 321 
912 345 867 
===========
123 457 689 
456 289 173 
789 613 254 

297 834 516 
564 921 837 
831 576 492 

378 162 945 
645 798 321 
912 345 768 
===========
123 457 689 
456 289 173 
789 613 254 

297 834 516 
564 921 837 
831 576 942 

378 162 495 
645 798 321 
912 345 768 
===========
123 457 689 
456 289 173 
789 613 254 

297 834 516 
564 971 328 
831 526 497 

378 145 962 
645 792 831 
912 368 745 
===========
123 457 689 
456 289 173 
789 613 254 

297 834 516 
564 971 832 
831 526 497 

378 142 965 
645 798 321 
912 365 748 
===========
123 457 689 
456 289 173 
789 613 254 

297 834 516 
564 921 738 
831 576 492 

378 142 965 
645 798 321 
912 365 847 
===========
123 457 689 
456 289 173 
789 613 254 

297 834 516 
564 921 837 
831 576 492 

378 142 965 
645 798 321 
912 365 748 
===========
123 457 689 
456 289 173 
789 613 254 

297 834 561 
564 971 832 
831 526 497 

378 145 926 
645 792 318 
912 368 745 
===========
123 457 689 
456 289 173 
789 613 254 

297 834 561 
564 921 837 
831 576 492 

378 145 926 
645 792 318 
912 368 745 
===========
123 457 689 
456 289 173 
789 613 254 

297 836 415 
564 971 328 
831 524 796 

378 165 942 
645 792 831 
912 348 567 
===========
123 457 689 
456 289 173 
789 613 254 

297 836 415 
564 971 328 
831 542 796 

378 194 562 
645 728 931 
912 365 847 
===========
123 457 689 
456 289 173 
789 613 254 

297 836 415 
564 971 832 
831 542 967 

378 194 526 
645 728 391 
912 365 748 
===========
123 457 689 
456 289 173 
789 613 254 

297 836 415 
564 971 832 
831 542 967 

378 124 596 
645 798 321 
912 365 748 
===========
123 457 689 
456 289 173 
789 613 254 

297 836 415 
564 971 328 
831 524 796 

378 145 962 
645 792 831 
912 368 547 
===========
123 457 689 
456 289 173 
789 613 254 

297 836 415 
564 971 832 
831 524 967 

378 142 596 
645 798 321 
912 365 748 
===========
123 457 689 
456 289 173 
789 613 254 

297 836 415 
564 921 738 
831 574 962 

378 142 596 
645 798 321 
912 365 847 
===========
123 457 689 
456 289 173 
789 613 254 

297 836 415 
564 921 837 
831 574 962 

378 142 596 
645 798 321 
912 365 748 
===========
123 457 689 
456 289 173 
789 613 254 

297 836 541 
564 921 738 
831 574 926 

378 162 495 
645 798 312 
912 345 867 
===========
123 457 689 
456 289 173 
789 613 254 

297 836 541 
564 921 837 
831 574 926 

378 162 495 
645 798 312 
912 345 768 
===========
123 457 689 
456 289 173 
789 613 254 

297 836 541 
564 921 837 
831 574 926 

378 165 492 
645 792 318 
912 348 765 
===========
123 457 689 
456 289 173 
789 613 254 

297 841 365 
564 932 718 
831 576 492 

378 194 526 
645 728 931 
912 365 847 
===========
123 457 689 
456 289 173 
789 613 254 

297 841 365 
564 932 817 
831 576 492 

378 194 526 
645 728 931 
912 365 748 
===========
123 457 689 
456 289 173 
789 613 254 

297 841 536 
564 932 718 
831 576 492 

378 124 965 
645 798 321 
912 365 847 
===========
123 457 689 
456 289 173 
789 613 254 

297 841 536 
564 932 817 
831 576 492 

378 124 965 
645 798 321 
912 365 748 
===========
123 457 689 
456 289 173 
789 613 254 

297 846 315 
564 931 728 
831 572 496 

378 194 562 
645 728 931 
912 365 847 
===========
123 457 689 
456 289 173 
789 613 254 

297 846 315 
564 931 827 
831 572 496 

378 194 562 
645 728 931 
912 365 748 
===========
123 457 689 
456 289 173 
789 613 254 

297 846 531 
564 931 728 
831 572 496 

378 124 965 
645 798 312 
912 365 847 
===========
123 457 689 
456 289 173 
789 613 254 

297 846 531 
564 931 827 
831 572 496 

378 124 965 
645 798 312 
912 365 748 
===========
123 457 689 
456 289 173 
789 613 254 

297 861 435 
564 932 718 
831 574 926 

378 196 542 
645 728 391 
912 345 867 
===========
123 457 689 
456 289 173 
789 613 254 

297 861 435 
564 932 817 
831 574 926 

378 196 542 
645 728 391 
912 345 768 
===========
123 457 689 
456 289 173 
789 613 254 

297 864 315 
564 931 728 
831 572 496 

378 196 542 
645 728 931 
912 345 867 
===========
123 457 689 
456 289 173 
789 613 254 

297 864 315 
564 931 827 
831 572 496 

378 196 542 
645 728 931 
912 345 768 
===========
123 457 689 
456 289 173 
789 613 254 

297 864 531 
564 931 728 
831 572 496 

378 126 945 
645 798 312 
912 345 867 
===========
123 457 689 
456 289 173 
789 613 254 

297 864 531 
564 931 728 
831 572 946 

378 126 495 
645 798 312 
912 345 867 
===========
123 457 689 
456 289 173 
789 613 254 

297 864 531 
564 931 827 
831 572 496 

378 126 945 
645 798 312 
912 345 768 
===========
123 457 689 
456 289 173 
789 613 254 

297 864 531 
564 931 827 
831 572 946 

378 126 495 
645 798 312 
912 345 768 
===========
123 457 689 
456 289 173 
789 613 254 

297 531 468 
564 872 931 
831 946 725 

378 124 596 
645 798 312 
912 365 847 
===========
123 457 689 
456 289 173 
789 613 254 

297 531 846 
564 872 931 
831 964 527 

378 126 495 
645 798 312 
912 345 768 
===========
123 457 689 
456 289 173 
789 613 254 

297 534 816 
564 871 392 
831 962 547 

378 196 425 
645 728 931 
912 345 768 
===========
123 457 689 
456 289 173 
789 613 254 

297 534 816 
564 871 932 
831 962 547 

378 196 425 
645 728 391 
912 345 768 
===========
123 457 689 
456 289 173 
789 613 254 

297 534 816 
564 871 932 
831 962 547 

378 126 495 
645 798 321 
912 345 768 
===========
123 457 689 
456 289 173 
789 613 254 

297 534 816 
564 871 932 
831 926 547 

378 162 495 
645 798 321 
912 345 768 
===========
123 457 689 
456 289 173 
789 613 254 

297 534 816 
564 821 937 
831 976 542 

378 162 495 
645 798 321 
912 345 768 
===========
123 457 689 
456 289 173 
789 613 254 

297 534 861 
564 821 937 
831 976 425 

378 142 596 
645 798 312 
912 365 748 
===========
123 457 689 
456 289 173 
789 613 254 

297 536 418 
564 821 397 
831 974 526 

378 165 942 
645 792 831 
912 348 765 
===========
123 457 689 
456 289 173 
789 613 254 

297 536 418 
564 871 392 
831 942 765 

378 194 526 
645 728 931 
912 365 847 
===========
123 457 689 
456 289 173 
789 613 254 

297 536 418 
564 871 932 
831 942 765 

378 194 526 
645 728 391 
912 365 847 
===========
123 457 689 
456 289 173 
789 613 254 

297 536 418 
564 871 932 
831 942 765 

378 124 596 
645 798 321 
912 365 847 
===========
123 457 689 
456 289 173 
789 613 254 

297 536 418 
564 871 392 
831 924 567 

378 145 926 
645 792 831 
912 368 745 
===========
123 457 689 
456 289 173 
789 613 254 

297 536 418 
564 871 392 
831 924 765 

378 145 926 
645 792 831 
912 368 547 
===========
123 457 689 
456 289 173 
789 613 254 

297 536 418 
564 871 932 
831 924 765 

378 142 596 
645 798 321 
912 365 847 
===========
123 457 689 
456 289 173 
789 613 254 

297 536 418 
564 821 397 
831 974 526 

378 145 962 
645 792 831 
912 368 745 
===========
123 457 689 
456 289 173 
789 613 254 

297 536 418 
564 821 397 
831 974 562 

378 145 926 
645 792 831 
912 368 745 
===========
123 457 689 
456 289 173 
789 613 254 

297 536 841 
564 821 937 
831 974 526 

378 162 495 
645 798 312 
912 345 768 
===========
123 457 689 
456 289 173 
789 613 254 

297 536 841 
564 821 937 
831 974 526 

378 165 492 
645 792 318 
912 348 765 
===========
123 457 689 
456 289 173 
789 613 254 

297 541 836 
564 832 917 
831 976 425 

378 194 562 
645 728 391 
912 365 748 
===========
123 457 689 
456 289 173 
789 613 254 

297 546 318 
564 831 792 
831 972 465 

378 194 526 
645 728 931 
912 365 847 
===========
123 457 689 
456 289 173 
789 613 254 

297 546 831 
564 831 927 
831 972 465 

378 124 596 
645 798 312 
912 365 748 
===========
123 457 689 
456 289 173 
789 613 254 

297 561 438 
564 832 791 
831 974 526 

378 126 945 
645 798 312 
912 345 867 
===========
123 457 689 
456 289 173 
789 613 254 

297 564 318 
564 831 792 
831 972 546 

378 196 425 
645 728 931 
912 345 867 
===========
123 457 689 
456 289 173 
789 613 254 

297 564 831 
564 831 927 
831 972 546 

378 126 495 
645 798 312 
912 345 768 
===========
123 457 689 
456 289 173 
789 613 254 

297 834 516 
564 172 398 
831 965 427 

378 526 941 
645 791 832 
912 348 765 
===========
123 457 689 
456 289 173 
789 613 254 

297 835 416 
564 172 398 
831 964 527 

378 526 941 
645 791 832 
912 348 765 
===========
123 457 689 
456 289 173 
789 613 254 

297 835 416 
564 172 398 
831 964 725 

378 526 941 
645 791 832 
912 348 567 
===========
123 457 689 
456 289 173 
789 613 254 

297 835 416 
564 172 398 
831 946 527 

378 524 961 
645 791 832 
912 368 745 
===========
123 457 689 
456 289 173 
789 613 254 

297 835 416 
564 172 398 
831 946 725 

378 524 961 
645 791 832 
912 368 547 
===========
123 457 689 
456 289 173 
789 613 254 

297 835 461 
564 172 398 
831 946 527 

378 524 916 
645 791 832 
912 368 745 
===========
123 457 689 
456 289 173 
789 613 254 

297 835 461 
564 172 398 
831 946 725 

378 524 916 
645 791 832 
912 368 547 
===========
123 457 689 
456 289 173 
789 613 254 

297 836 415 
564 172 398 
831 945 726 

378 524 961 
645 791 832 
912 368 547 
===========
123 457 689 
456 289 173 
789 613 254 

297 845 316 
564 132 798 
831 976 425 

378 524 961 
645 791 832 
912 368 547 
===========
123 457 689 
456 289 173 
789 613 254 

297 845 361 
564 132 798 
831 976 425 

378 524 916 
645 791 832 
912 368 547 
===========
123 457 689 
456 289 173 
789 613 254 

297 846 315 
564 132 798 
831 975 426 

378 524 961 
645 791 832 
912 368 547 
===========
123 457 689 
456 289 173 
789 613 254 

297 846 531 
564 132 897 
831 975 462 

378 524 916 
645 791 328 
912 368 745 
===========
123 457 689 
456 289 173 
789 613 254 

297 864 315 
564 132 798 
831 975 426 

378 526 941 
645 791 832 
912 348 567 
===========
123 457 689 
456 289 173 
789 613 254 

297 865 341 
564 132 897 
831 974 526 

378 596 412 
645 721 938 
912 348 765 
===========
