123 457 689 
456 289 731 
789 163 245 

297 814 356 
564 932 178 
831 675 924 

378 596 412 
645 721 893 
912 348 567 
===========
123 457 689 
456 289 731 
789 163 245 

297 814 356 
564 932 817 
831 675 924 

378 591 462 
645 728 193 
912 346 578 
===========
123 457 689 
456 289 731 
789 163 245 

297 814 356 
564 932 178 
831 675 492 

378 526 914 
645 791 823 
912 348 567 
===========
123 457 689 
456 289 731 
789 163 245 

297 814 356 
564 932 817 
831 675 492 

378 521 964 
645 798 123 
912 346 578 
===========
123 457 689 
456 289 731 
789 163 245 

297 814 563 
564 932 178 
831 675 924 

378 521 496 
645 798 312 
912 346 857 
===========
123 457 689 
456 289 731 
789 163 245 

297 815 364 
564 932 178 
831 674 592 

378 591 426 
645 728 913 
912 346 857 
===========
123 457 689 
456 289 731 
789 163 245 

297 815 364 
564 932 817 
831 674 952 

378 591 426 
645 728 193 
912 346 578 
===========
123 457 689 
456 289 731 
789 163 245 

297 815 364 
564 932 817 
831 674 952 

378 521 496 
645 798 123 
912 346 578 
===========
123 457 689 
456 289 731 
789 163 245 

297 815 463 
564 932 817 
831 674 952 

378 596 124 
645 721 398 
912 348 576 
===========
123 457 689 
456 289 731 
789 163 245 

297 815 463 
564 932 817 
831 674 952 

378 526 194 
645 791 328 
912 348 576 
===========
123 457 689 
456 289 731 
789 163 245 

297 834 156 
564 971 328 
831 625 974 

378 596 412 
645 712 893 
912 348 567 
===========
123 457 689 
456 289 731 
789 163 245 

297 834 156 
564 971 823 
831 625 974 

378 596 412 
645 712 398 
912 348 567 
===========
123 457 689 
456 289 731 
789 163 245 

297 834 156 
564 921 378 
831 675 924 

378 596 412 
645 712 893 
912 348 567 
===========
123 457 689 
456 289 731 
789 163 245 

297 834 156 
564 921 873 
831 675 924 

378 596 412 
645 712 398 
912 348 567 
===========
123 457 689 
456 289 731 
789 163 245 

297 834 156 
564 912 378 
831 675 924 

378 596 412 
645 721 893 
912 348 567 
===========
123 457 689 
456 289 731 
789 163 245 

297 834 156 
564 912 873 
831 675 924 

378 596 412 
645 721 398 
912 348 567 
===========
123 457 689 
456 289 731 
789 163 245 

297 834 156 
564 971 328 
831 625 974 

378 516 492 
645 792 813 
912 348 567 
===========
123 457 689 
456 289 731 
789 163 245 

297 834 156 
564 971 823 
831 625 497 

378 512 964 
645 798 312 
912 346 578 
===========
123 457 689 
456 289 731 
789 163 245 

297 834 156 
564 971 823 
831 625 974 

378 516 492 
645 792 318 
912 348 567 
===========
123 457 689 
456 289 731 
789 163 245 

297 834 156 
564 921 378 
831 675 492 

378 516 924 
645 792 813 
912 348 567 
===========
123 457 689 
456 289 731 
789 163 245 

297 834 156 
564 921 378 
831 675 924 

378 516 492 
645 792 813 
912 348 567 
===========
123 457 689 
456 289 731 
789 163 245 

297 834 156 
564 921 873 
831 675 492 

378 516 924 
645 792 318 
912 348 567 
===========
123 457 689 
456 289 731 
789 163 245 

297 834 156 
564 921 873 
831 675 924 

378 516 492 
645 792 318 
912 348 567 
===========
123 457 689 
456 289 731 
789 163 245 

297 834 156 
564 912 378 
831 675 492 

378 526 914 
645 791 823 
912 348 567 
===========
123 457 689 
456 289 731 
789 163 245 

297 834 156 
564 912 873 
831 675 492 

378 526 914 
645 791 328 
912 348 567 
===========
123 457 689 
456 289 731 
789 163 245 

297 834 516 
564 921 378 
831 675 492 

378 592 164 
645 718 923 
912 346 857 
===========
123 457 689 
456 289 731 
789 163 245 

297 834 516 
564 912 378 
831 675 924 

378 591 462 
645 728 193 
912 346 857 
===========
123 457 689 
456 289 731 
789 163 245 

297 834 516 
564 921 378 
831 675 492 

378 512 964 
645 798 123 
912 346 857 
===========
123 457 689 
456 289 731 
789 163 245 

297 834 516 
564 912 378 
831 675 492 

378 521 964 
645 798 123 
912 346 857 
===========
123 457 689 
456 289 731 
789 163 245 

297 835 164 
564 971 328 
831 624 957 

378 596 412 
645 712 893 
912 348 576 
===========
123 457 689 
456 289 731 
789 163 245 

297 835 164 
564 971 823 
831 624 957 

378 592 416 
645 718 392 
912 346 578 
===========
123 457 689 
456 289 731 
789 163 245 

297 835 164 
564 971 823 
831 624 957 

378 596 412 
645 712 398 
912 348 576 
===========
123 457 689 
456 289 731 
789 163 245 

297 835 164 
564 921 378 
831 674 592 

378 592 416 
645 718 923 
912 346 857 
===========
123 457 689 
456 289 731 
789 163 245 

297 835 164 
564 912 378 
831 674 592 

378 591 426 
645 728 913 
912 346 857 
===========
123 457 689 
456 289 731 
789 163 245 

297 835 164 
564 971 328 
831 624 957 

378 516 492 
645 792 813 
912 348 576 
===========
123 457 689 
456 289 731 
789 163 245 

297 835 164 
564 971 823 
831 624 957 

378 512 496 
645 798 312 
912 346 578 
===========
123 457 689 
456 289 731 
789 163 245 

297 835 164 
564 971 823 
831 624 957 

378 516 492 
645 792 318 
912 348 576 
===========
123 457 689 
456 289 731 
789 163 245 

297 835 416 
564 971 823 
831 624 957 

378 592 164 
645 718 392 
912 346 578 
===========
123 457 689 
456 289 731 
789 163 245 

297 835 416 
564 921 378 
831 674 592 

378 592 164 
645 718 923 
912 346 857 
===========
123 457 689 
456 289 731 
789 163 245 

297 835 416 
564 921 378 
831 674 952 

378 596 124 
645 712 893 
912 348 567 
===========
123 457 689 
456 289 731 
789 163 245 

297 835 416 
564 921 873 
831 674 952 

378 596 124 
645 712 398 
912 348 567 
===========
123 457 689 
456 289 731 
789 163 245 

297 835 416 
564 912 378 
831 674 952 

378 596 124 
645 721 893 
912 348 567 
===========
123 457 689 
456 289 731 
789 163 245 

297 835 416 
564 912 873 
831 674 952 

378 596 124 
645 721 398 
912 348 567 
===========
123 457 689 
456 289 731 
789 163 245 

297 835 416 
564 921 378 
831 674 592 

378 512 964 
645 798 123 
912 346 857 
===========
123 457 689 
456 289 731 
789 163 245 

297 835 416 
564 912 378 
831 674 592 

378 521 964 
645 798 123 
912 346 857 
===========
123 457 689 
456 289 731 
789 163 245 

297 835 416 
564 912 378 
831 674 952 

378 526 194 
645 791 823 
912 348 567 
===========
123 457 689 
456 289 731 
789 163 245 

297 835 416 
564 912 873 
831 674 952 

378 526 194 
645 791 328 
912 348 567 
===========
123 457 689 
456 289 731 
789 163 245 

297 614 358 
564 832 917 
831 975 462 

378 596 124 
645 721 893 
912 348 576 
===========
123 457 689 
456 289 731 
789 163 245 

297 614 358 
564 832 197 
831 975 462 

378 526 914 
645 791 823 
912 348 576 
===========
123 457 689 
456 289 731 
789 163 245 

297 614 358 
564 832 917 
831 975 462 

378 526 194 
645 791 823 
912 348 576 
===========
123 457 689 
456 289 731 
789 163 245 

297 614 853 
564 832 917 
831 975 462 

378 596 124 
645 721 398 
912 348 576 
===========
123 457 689 
456 289 731 
789 163 245 

297 614 853 
564 832 197 
831 975 426 

378 521 964 
645 798 312 
912 346 578 
===========
123 457 689 
456 289 731 
789 163 245 

297 614 853 
564 832 197 
831 975 462 

378 526 914 
645 791 328 
912 348 576 
===========
123 457 689 
456 289 731 
789 163 245 

297 614 853 
564 832 917 
831 975 462 

378 526 194 
645 791 328 
912 348 576 
===========
123 457 689 
456 289 731 
789 163 245 

297 634 158 
564 871 392 
831 925 467 

378 516 924 
645 792 813 
912 348 576 
===========
123 457 689 
456 289 731 
789 163 245 

297 634 158 
564 871 392 
831 925 476 

378 516 924 
645 792 813 
912 348 567 
===========
123 457 689 
456 289 731 
789 163 245 

297 634 158 
564 821 397 
831 975 462 

378 516 924 
645 792 813 
912 348 576 
===========
123 457 689 
456 289 731 
789 163 245 

297 634 158 
564 812 397 
831 975 462 

378 526 914 
645 791 823 
912 348 576 
===========
123 457 689 
456 289 731 
789 163 245 

297 634 518 
564 871 392 
831 925 476 

378 592 164 
645 718 923 
912 346 857 
===========
123 457 689 
456 289 731 
789 163 245 

297 634 518 
564 871 923 
831 925 476 

378 592 164 
645 718 392 
912 346 857 
===========
123 457 689 
456 289 731 
789 163 245 

297 634 518 
564 821 973 
831 975 426 

378 592 164 
645 718 392 
912 346 857 
===========
123 457 689 
456 289 731 
789 163 245 

297 634 518 
564 871 392 
831 925 476 

378 512 964 
645 798 123 
912 346 857 
===========
123 457 689 
456 289 731 
789 163 245 

297 635 418 
564 871 392 
831 924 576 

378 592 164 
645 718 923 
912 346 857 
===========
123 457 689 
456 289 731 
789 163 245 

297 635 418 
564 871 923 
831 924 576 

378 592 164 
645 718 392 
912 346 857 
===========
123 457 689 
456 289 731 
789 163 245 

297 635 418 
564 821 973 
831 974 526 

378 592 164 
645 718 392 
912 346 857 
===========
123 457 689 
456 289 731 
789 163 245 

297 635 418 
564 871 392 
831 924 576 

378 512 964 
645 798 123 
912 346 857 
===========
123 457 689 
456 289 731 
789 163 245 

297 814 356 
564 932 178 
831 576 492 

378 691 524 
645 728 913 
912 345 867 
===========
123 457 689 
456 289 731 
789 163 245 

297 814 356 
564 932 178 
831 576 924 

378 695 412 
645 721 893 
912 348 567 
===========
123 457 689 
456 289 731 
789 163 245 

297 814 356 
564 932 178 
831 576 492 

378 625 914 
645 791 823 
912 348 567 
===========
123 457 689 
456 289 731 
789 163 245 

297 816 354 
564 932 178 
831 574 926 

378 695 412 
645 721 893 
912 348 567 
===========
123 457 689 
456 289 731 
789 163 245 

297 816 453 
564 932 817 
831 574 962 

378 695 124 
645 721 398 
912 348 576 
===========
123 457 689 
456 289 731 
789 163 245 

297 816 453 
564 932 178 
831 574 926 

378 621 594 
645 798 312 
912 345 867 
===========
123 457 689 
456 289 731 
789 163 245 

297 816 453 
564 932 817 
831 574 962 

378 625 194 
645 791 328 
912 348 576 
===========
123 457 689 
456 289 731 
789 163 245 

297 834 156 
564 971 328 
831 526 974 

378 695 412 
645 712 893 
912 348 567 
===========
123 457 689 
456 289 731 
789 163 245 

297 834 156 
564 971 823 
831 526 974 

378 695 412 
645 712 398 
912 348 567 
===========
123 457 689 
456 289 731 
789 163 245 

297 834 156 
564 921 378 
831 576 492 

378 692 514 
645 718 923 
912 345 867 
===========
123 457 689 
456 289 731 
789 163 245 

297 834 156 
564 921 378 
831 576 924 

378 695 412 
645 712 893 
912 348 567 
===========
123 457 689 
456 289 731 
789 163 245 

297 834 156 
564 921 873 
831 576 924 

378 695 412 
645 712 398 
912 348 567 
===========
123 457 689 
456 289 731 
789 163 245 

297 834 156 
564 912 378 
831 576 492 

378 691 524 
645 728 913 
912 345 867 
===========
123 457 689 
456 289 731 
789 163 245 

297 834 156 
564 912 378 
831 576 924 

378 695 412 
645 721 893 
912 348 567 
===========
123 457 689 
456 289 731 
789 163 245 

297 834 156 
564 912 873 
831 576 924 

378 695 412 
645 721 398 
912 348 567 
===========
123 457 689 
456 289 731 
789 163 245 

297 834 156 
564 971 328 
831 526 974 

378 615 492 
645 792 813 
912 348 567 
===========
123 457 689 
456 289 731 
789 163 245 

297 834 156 
564 971 823 
831 526 974 

378 615 492 
645 792 318 
912 348 567 
===========
123 457 689 
456 289 731 
789 163 245 

297 834 156 
564 921 378 
831 576 492 

378 615 924 
645 792 813 
912 348 567 
===========
123 457 689 
456 289 731 
789 163 245 

297 834 156 
564 921 378 
831 576 924 

378 615 492 
645 792 813 
912 348 567 
===========
123 457 689 
456 289 731 
789 163 245 

297 834 156 
564 921 873 
831 576 492 

378 615 924 
645 792 318 
912 348 567 
===========
123 457 689 
456 289 731 
789 163 245 

297 834 156 
564 921 873 
831 576 924 

378 615 492 
645 792 318 
912 348 567 
===========
123 457 689 
456 289 731 
789 163 245 

297 834 156 
564 912 378 
831 576 492 

378 625 914 
645 791 823 
912 348 567 
===========
123 457 689 
456 289 731 
789 163 245 

297 834 156 
564 912 873 
831 576 492 

378 625 914 
645 791 328 
912 348 567 
===========
123 457 689 
456 289 731 
789 163 245 

297 834 516 
564 921 378 
831 576 492 

378 692 154 
645 718 923 
912 345 867 
===========
123 457 689 
456 289 731 
789 163 245 

297 834 516 
564 912 378 
831 576 924 

378 691 452 
645 728 193 
912 345 867 
===========
123 457 689 
456 289 731 
789 163 245 

297 834 516 
564 921 378 
831 576 492 

378 612 954 
645 798 123 
912 345 867 
===========
123 457 689 
456 289 731 
789 163 245 

297 834 516 
564 912 378 
831 576 492 

378 621 954 
645 798 123 
912 345 867 
===========
123 457 689 
456 289 731 
789 163 245 

297 836 154 
564 971 328 
831 524 967 

378 695 412 
645 712 893 
912 348 576 
===========
123 457 689 
456 289 731 
789 163 245 

297 836 154 
564 971 328 
831 524 976 

378 695 412 
645 712 893 
912 348 567 
===========
123 457 689 
456 289 731 
789 163 245 

297 836 154 
564 971 823 
831 524 967 

378 695 412 
645 712 398 
912 348 576 
===========
123 457 689 
456 289 731 
789 163 245 

297 836 154 
564 971 823 
831 524 976 

378 695 412 
645 712 398 
912 348 567 
===========
123 457 689 
456 289 731 
789 163 245 

297 836 154 
564 921 378 
831 574 926 

378 695 412 
645 712 893 
912 348 567 
===========
123 457 689 
456 289 731 
789 163 245 

297 836 154 
564 921 873 
831 574 926 

378 695 412 
645 712 398 
912 348 567 
===========
123 457 689 
456 289 731 
789 163 245 

297 836 154 
564 912 378 
831 574 926 

378 695 412 
645 721 893 
912 348 567 
===========
123 457 689 
456 289 731 
789 163 245 

297 836 154 
564 912 873 
831 574 926 

378 695 412 
645 721 398 
912 348 567 
===========
123 457 689 
456 289 731 
789 163 245 

297 836 154 
564 971 328 
831 524 967 

378 615 492 
645 792 813 
912 348 576 
===========
123 457 689 
456 289 731 
789 163 245 

297 836 154 
564 971 328 
831 524 976 

378 615 492 
645 792 813 
912 348 567 
===========
123 457 689 
456 289 731 
789 163 245 

297 836 154 
564 971 823 
831 524 967 

378 615 492 
645 792 318 
912 348 576 
===========
123 457 689 
456 289 731 
789 163 245 

297 836 154 
564 971 823 
831 524 976 

378 615 492 
645 792 318 
912 348 567 
===========
123 457 689 
456 289 731 
789 163 245 

297 836 154 
564 921 378 
831 574 926 

378 615 492 
645 792 813 
912 348 567 
===========
123 457 689 
456 289 731 
789 163 245 

297 836 154 
564 921 873 
831 574 926 

378 615 492 
645 792 318 
912 348 567 
===========
123 457 689 
456 289 731 
789 163 245 

297 836 514 
564 912 378 
831 574 926 

378 691 452 
645 728 193 
912 345 867 
===========
123 457 689 
456 289 731 
789 163 245 

297 514 368 
564 832 197 
831 976 452 

378 691 524 
645 728 913 
912 345 876 
===========
123 457 689 
456 289 731 
789 163 245 

297 514 368 
564 832 197 
831 976 524 

378 691 452 
645 728 913 
912 345 876 
===========
123 457 689 
456 289 731 
789 163 245 

297 514 368 
564 832 917 
831 976 452 

378 691 524 
645 728 193 
912 345 876 
===========
123 457 689 
456 289 731 
789 163 245 

297 514 368 
564 832 917 
831 976 524 

378 691 452 
645 728 193 
912 345 876 
===========
123 457 689 
456 289 731 
789 163 245 

297 514 368 
564 832 917 
831 976 452 

378 695 124 
645 721 893 
912 348 576 
===========
123 457 689 
456 289 731 
789 163 245 

297 514 368 
564 832 197 
831 976 452 

378 625 914 
645 791 823 
912 348 576 
===========
123 457 689 
456 289 731 
789 163 245 

297 514 368 
564 832 917 
831 976 452 

378 621 594 
645 798 123 
912 345 876 
===========
123 457 689 
456 289 731 
789 163 245 

297 514 368 
564 832 917 
831 976 452 

378 625 194 
645 791 823 
912 348 576 
===========
123 457 689 
456 289 731 
789 163 245 

297 514 863 
564 832 917 
831 976 452 

378 695 124 
645 721 398 
912 348 576 
===========
123 457 689 
456 289 731 
789 163 245 

297 514 863 
564 832 197 
831 976 452 

378 625 914 
645 791 328 
912 348 576 
===========
123 457 689 
456 289 731 
789 163 245 

297 514 863 
564 832 917 
831 976 452 

378 625 194 
645 791 328 
912 348 576 
===========
123 457 689 
456 289 731 
789 163 245 

297 534 168 
564 871 392 
831 926 457 

378 692 514 
645 718 923 
912 345 876 
===========
123 457 689 
456 289 731 
789 163 245 

297 534 168 
564 871 923 
831 926 457 

378 692 514 
645 718 392 
912 345 876 
===========
123 457 689 
456 289 731 
789 163 245 

297 534 168 
564 821 397 
831 976 452 

378 692 514 
645 718 923 
912 345 876 
===========
123 457 689 
456 289 731 
789 163 245 

297 534 168 
564 812 397 
831 976 452 

378 691 524 
645 728 913 
912 345 876 
===========
123 457 689 
456 289 731 
789 163 245 

297 534 168 
564 812 397 
831 976 524 

378 691 452 
645 728 913 
912 345 876 
===========
123 457 689 
456 289 731 
789 163 245 

297 534 168 
564 871 392 
831 926 457 

378 615 924 
645 792 813 
912 348 576 
===========
123 457 689 
456 289 731 
789 163 245 

297 534 168 
564 871 923 
831 926 457 

378 612 594 
645 798 312 
912 345 876 
===========
123 457 689 
456 289 731 
789 163 245 

297 534 168 
564 821 397 
831 976 452 

378 615 924 
645 792 813 
912 348 576 
===========
123 457 689 
456 289 731 
789 163 245 

297 534 168 
564 812 397 
831 976 452 

378 625 914 
645 791 823 
912 348 576 
===========
123 457 689 
456 289 731 
789 163 245 

297 534 816 
564 821 973 
831 976 452 

378 695 124 
645 712 398 
912 348 567 
===========
123 457 689 
456 289 731 
789 163 245 

297 534 816 
564 812 973 
831 976 452 

378 695 124 
645 721 398 
912 348 567 
===========
123 457 689 
456 289 731 
789 163 245 

297 534 816 
564 812 973 
831 976 452 

378 625 194 
645 791 328 
912 348 567 
===========
123 457 689 
456 289 731 
789 163 245 

297 536 418 
564 871 392 
831 924 567 

378 692 154 
645 718 923 
912 345 876 
===========
123 457 689 
456 289 731 
789 163 245 

297 536 418 
564 871 392 
831 924 576 

378 692 154 
645 718 923 
912 345 867 
===========
123 457 689 
456 289 731 
789 163 245 

297 536 418 
564 871 923 
831 924 567 

378 692 154 
645 718 392 
912 345 876 
===========
123 457 689 
456 289 731 
789 163 245 

297 536 418 
564 871 923 
831 924 576 

378 692 154 
645 718 392 
912 345 867 
===========
123 457 689 
456 289 731 
789 163 245 

297 536 418 
564 821 397 
831 974 562 

378 692 154 
645 718 923 
912 345 876 
===========
123 457 689 
456 289 731 
789 163 245 

297 536 418 
564 821 973 
831 974 526 

378 692 154 
645 718 392 
912 345 867 
===========
123 457 689 
456 289 731 
789 163 245 

297 536 418 
564 871 392 
831 924 567 

378 612 954 
645 798 123 
912 345 876 
===========
123 457 689 
456 289 731 
789 163 245 

297 536 418 
564 871 392 
831 924 576 

378 612 954 
645 798 123 
912 345 867 
===========
123 457 689 
456 289 731 
789 163 245 

297 536 418 
564 821 397 
831 974 562 

378 612 954 
645 798 123 
912 345 876 
===========
123 457 689 
456 289 731 
789 163 245 

297 536 418 
564 812 397 
831 974 562 

378 621 954 
645 798 123 
912 345 876 
===========
123 457 689 
456 289 731 
789 163 245 

297 631 458 
564 892 173 
831 574 926 

378 926 514 
645 718 392 
912 345 867 
===========
123 457 689 
456 289 731 
789 163 245 

297 631 458 
564 892 317 
831 574 962 

378 916 524 
645 728 193 
912 345 876 
===========
123 457 689 
456 289 731 
789 163 245 

297 631 854 
564 892 317 
831 574 926 

378 915 462 
645 728 193 
912 346 578 
===========
123 457 689 
456 289 731 
789 163 245 

297 631 854 
564 892 317 
831 574 962 

378 915 426 
645 728 193 
912 346 578 
===========
123 457 689 
456 289 731 
789 163 245 

297 634 158 
564 891 372 
831 572 496 

378 926 514 
645 718 923 
912 345 867 
===========
123 457 689 
456 289 731 
789 163 245 

297 634 158 
564 871 392 
831 592 467 

378 926 514 
645 718 923 
912 345 876 
===========
123 457 689 
456 289 731 
789 163 245 

297 634 158 
564 871 392 
831 592 476 

378 926 514 
645 718 923 
912 345 867 
===========
123 457 689 
456 289 731 
789 163 245 

297 634 158 
564 871 923 
831 592 467 

378 926 514 
645 718 392 
912 345 876 
===========
123 457 689 
456 289 731 
789 163 245 

297 634 158 
564 871 923 
831 592 476 

378 926 514 
645 718 392 
912 345 867 
===========
123 457 689 
456 289 731 
789 163 245 

297 634 158 
564 891 372 
831 572 496 

378 916 524 
645 728 913 
912 345 867 
===========
123 457 689 
456 289 731 
789 163 245 

297 634 158 
564 871 392 
831 592 467 

378 916 524 
645 728 913 
912 345 876 
===========
123 457 689 
456 289 731 
789 163 245 

297 634 158 
564 871 392 
831 592 476 

378 916 524 
645 728 913 
912 345 867 
===========
123 457 689 
456 289 731 
789 163 245 

297 634 518 
564 891 372 
831 572 496 

378 926 154 
645 718 923 
912 345 867 
===========
123 457 689 
456 289 731 
789 163 245 

297 634 518 
564 891 372 
831 572 496 

378 925 164 
645 718 923 
912 346 857 
===========
123 457 689 
456 289 731 
789 163 245 

297 634 518 
564 871 392 
831 592 467 

378 926 154 
645 718 923 
912 345 876 
===========
123 457 689 
456 289 731 
789 163 245 

297 634 518 
564 871 392 
831 592 476 

378 926 154 
645 718 923 
912 345 867 
===========
123 457 689 
456 289 731 
789 163 245 

297 634 518 
564 871 392 
831 592 476 

378 925 164 
645 718 923 
912 346 857 
===========
123 457 689 
456 289 731 
789 163 245 

297 634 518 
564 871 923 
831 592 467 

378 926 154 
645 718 392 
912 345 876 
===========
123 457 689 
456 289 731 
789 163 245 

297 634 518 
564 871 923 
831 592 476 

378 926 154 
645 718 392 
912 345 867 
===========
123 457 689 
456 289 731 
789 163 245 

297 634 518 
564 871 923 
831 592 476 

378 925 164 
645 718 392 
912 346 857 
===========
123 457 689 
456 289 731 
789 163 245 

297 634 518 
564 891 327 
831 572 964 

378 916 452 
645 728 193 
912 345 876 
===========
123 457 689 
456 289 731 
789 163 245 

297 634 518 
564 891 372 
831 572 964 

378 915 426 
645 728 193 
912 346 857 
===========
123 457 689 
456 289 731 
789 163 245 

297 531 468 
564 892 317 
831 674 592 

378 926 154 
645 718 923 
912 345 876 
===========
123 457 689 
456 289 731 
789 163 245 

297 531 468 
564 872 913 
831 694 527 

378 926 154 
645 718 392 
912 345 876 
===========
123 457 689 
456 289 731 
789 163 245 

297 531 468 
564 892 317 
831 674 952 

378 916 524 
645 728 193 
912 345 876 
===========
123 457 689 
456 289 731 
789 163 245 

297 531 864 
564 892 317 
831 674 952 

378 915 426 
645 728 193 
912 346 578 
===========
123 457 689 
456 289 731 
789 163 245 

297 534 168 
564 891 372 
831 672 594 

378 925 416 
645 718 923 
912 346 857 
===========
123 457 689 
456 289 731 
789 163 245 

297 534 168 
564 871 392 
831 692 457 

378 926 514 
645 718 923 
912 345 876 
===========
123 457 689 
456 289 731 
789 163 245 

297 534 168 
564 871 392 
831 692 574 

378 925 416 
645 718 923 
912 346 857 
===========
123 457 689 
456 289 731 
789 163 245 

297 534 168 
564 871 923 
831 692 457 

378 926 514 
645 718 392 
912 345 876 
===========
123 457 689 
456 289 731 
789 163 245 

297 534 168 
564 871 923 
831 692 574 

378 925 416 
645 718 392 
912 346 857 
===========
123 457 689 
456 289 731 
789 163 245 

297 534 168 
564 891 327 
831 672 594 

378 916 452 
645 728 913 
912 345 876 
===========
123 457 689 
456 289 731 
789 163 245 

297 534 168 
564 891 372 
831 672 594 

378 915 426 
645 728 913 
912 346 857 
===========
123 457 689 
456 289 731 
789 163 245 

297 534 168 
564 871 392 
831 692 457 

378 916 524 
645 728 913 
912 345 876 
===========
123 457 689 
456 289 731 
789 163 245 

297 534 168 
564 871 392 
831 692 574 

378 915 426 
645 728 913 
912 346 857 
===========
123 457 689 
456 289 731 
789 163 245 

297 534 816 
564 871 392 
831 692 457 

378 925 164 
645 718 923 
912 346 578 
===========
123 457 689 
456 289 731 
789 163 245 

297 534 816 
564 871 923 
831 692 457 

378 925 164 
645 718 392 
912 346 578 
===========
123 457 689 
456 289 731 
789 163 245 

297 534 816 
564 891 327 
831 672 954 

378 915 462 
645 728 193 
912 346 578 
===========
123 457 689 
456 289 731 
789 163 245 

297 614 853 
564 938 127 
831 725 964 

378 592 416 
645 871 392 
912 346 578 
===========
123 457 689 
456 289 731 
789 163 245 

297 618 453 
564 932 817 
831 745 926 

378 526 194 
645 891 372 
912 374 568 
===========
123 457 689 
456 289 731 
789 163 245 

297 631 854 
564 928 173 
831 745 926 

378 596 412 
645 812 397 
912 374 568 
===========
123 457 689 
456 289 731 
789 163 245 

297 631 854 
564 928 173 
831 745 926 

378 516 492 
645 892 317 
912 374 568 
===========
123 457 689 
456 289 731 
789 163 245 

297 631 854 
564 928 317 
831 745 926 

378 516 492 
645 892 173 
912 374 568 
===========
123 457 689 
456 289 731 
789 163 245 

297 634 518 
564 918 372 
831 725 496 

378 592 164 
645 871 923 
912 346 857 
===========
123 457 689 
456 289 731 
789 163 245 

297 634 518 
564 918 372 
831 725 964 

378 591 426 
645 872 193 
912 346 857 
===========
123 457 689 
456 289 731 
789 163 245 

297 634 518 
564 918 327 
831 725 496 

378 541 962 
645 892 173 
912 376 854 
===========
123 457 689 
456 289 731 
789 163 245 

297 635 418 
564 918 372 
831 724 596 

378 592 164 
645 871 923 
912 346 857 
===========
123 457 689 
456 289 731 
789 163 245 

297 635 418 
564 918 327 
831 742 596 

378 594 162 
645 821 973 
912 376 854 
===========
123 457 689 
456 289 731 
789 163 245 

297 635 418 
564 918 327 
831 724 596 

378 541 962 
645 892 173 
912 376 854 
===========
123 457 689 
456 289 731 
789 163 245 

297 635 814 
564 918 327 
831 724 956 

378 591 462 
645 872 193 
912 346 578 
===========
123 457 689 
456 289 731 
789 163 245 

297 635 814 
564 918 327 
831 742 596 

378 594 162 
645 821 973 
912 376 458 
===========
123 457 689 
456 289 731 
789 163 245 

297 635 814 
564 918 327 
831 724 596 

378 541 962 
645 892 173 
912 376 458 
===========
123 457 689 
456 289 731 
789 163 245 

297 638 154 
564 921 873 
831 745 926 

378 596 412 
645 812 397 
912 374 568 
===========
123 457 689 
456 289 731 
789 163 245 

297 638 154 
564 912 873 
831 745 926 

378 596 412 
645 821 397 
912 374 568 
===========
123 457 689 
456 289 731 
789 163 245 

297 638 154 
564 921 873 
831 745 926 

378 516 492 
645 892 317 
912 374 568 
===========
123 457 689 
456 289 731 
789 163 245 

297 638 514 
564 921 873 
831 745 926 

378 594 162 
645 812 397 
912 376 458 
===========
123 457 689 
456 289 731 
789 163 245 

297 638 514 
564 921 873 
831 745 962 

378 594 126 
645 812 397 
912 376 458 
===========
123 457 689 
456 289 731 
789 163 245 

297 638 514 
564 912 873 
831 745 926 

378 594 162 
645 821 397 
912 376 458 
===========
123 457 689 
456 289 731 
789 163 245 

297 638 514 
564 912 873 
831 745 962 

378 594 126 
645 821 397 
912 376 458 
===========
123 457 689 
456 289 731 
789 163 245 

297 638 514 
564 912 873 
831 745 962 

378 524 196 
645 891 327 
912 376 458 
===========
