123 457 689 
456 289 731 
789 613 254 

297 834 165 
564 921 873 
831 765 492 

378 542 916 
645 198 327 
912 376 548 
===========
123 457 689 
456 289 731 
789 613 254 

297 835 146 
564 921 378 
831 764 925 

378 596 412 
645 172 893 
912 348 567 
===========
123 457 689 
456 289 731 
789 613 254 

297 835 146 
564 921 873 
831 764 925 

378 596 412 
645 172 398 
912 348 567 
===========
123 457 689 
456 289 731 
789 613 254 

297 835 416 
564 921 378 
831 764 925 

378 596 142 
645 172 893 
912 348 567 
===========
123 457 689 
456 289 731 
789 613 254 

297 835 416 
564 921 873 
831 764 925 

378 596 142 
645 172 398 
912 348 567 
===========
123 457 689 
456 289 731 
789 613 254 

297 835 416 
564 921 378 
831 746 925 

378 594 162 
645 172 893 
912 368 547 
===========
123 457 689 
456 289 731 
789 613 254 

297 835 416 
564 921 873 
831 746 925 

378 594 162 
645 172 398 
912 368 547 
===========
123 457 689 
456 289 731 
789 613 254 

297 836 415 
564 921 378 
831 745 926 

378 594 162 
645 172 893 
912 368 547 
===========
123 457 689 
456 289 731 
789 613 254 

297 836 415 
564 921 378 
831 745 962 

378 594 126 
645 172 893 
912 368 547 
===========
123 457 689 
456 289 731 
789 613 254 

297 836 415 
564 921 873 
831 745 926 

378 594 162 
645 172 398 
912 368 547 
===========
123 457 689 
456 289 731 
789 613 254 

297 836 415 
564 921 873 
831 745 962 

378 594 126 
645 172 398 
912 368 547 
===========
123 457 689 
456 289 731 
789 613 254 

297 841 365 
564 932 817 
831 765 492 

378 594 126 
645 128 973 
912 376 548 
===========
123 457 689 
456 289 731 
789 613 254 

297 841 563 
564 932 178 
831 765 492 

378 524 916 
645 198 327 
912 376 845 
===========
123 457 689 
456 289 731 
789 613 254 

297 845 163 
564 931 827 
831 726 945 

378 592 416 
645 178 392 
912 364 578 
===========
123 457 689 
456 289 731 
789 613 254 

297 845 163 
564 931 827 
831 762 495 

378 524 916 
645 198 372 
912 376 548 
===========
123 457 689 
456 289 731 
789 613 254 

297 845 163 
564 931 872 
831 762 495 

378 524 916 
645 198 327 
912 376 548 
===========
123 457 689 
456 289 731 
789 613 254 

297 845 163 
564 931 827 
831 726 495 

378 564 912 
645 192 378 
912 378 546 
===========
123 457 689 
456 289 731 
789 613 254 

297 845 316 
564 931 827 
831 762 495 

378 596 142 
645 128 973 
912 374 568 
===========
123 457 689 
456 289 731 
789 613 254 

297 845 316 
564 931 827 
831 762 495 

378 594 162 
645 128 973 
912 376 548 
===========
123 457 689 
456 289 731 
789 613 254 

297 846 513 
564 931 827 
831 725 946 

378 594 162 
645 172 398 
912 368 475 
===========
123 457 689 
456 289 731 
789 613 254 

297 846 513 
564 931 827 
831 725 946 

378 564 192 
645 192 378 
912 378 465 
===========
123 457 689 
456 289 731 
789 613 254 

297 861 543 
564 932 178 
831 745 926 

378 596 412 
645 128 397 
912 374 865 
===========
123 457 689 
456 289 731 
789 613 254 

297 864 513 
564 931 827 
831 725 946 

378 546 192 
645 192 378 
912 378 465 
===========
123 457 689 
456 289 731 
789 613 254 

297 865 143 
564 931 827 
831 724 965 

378 592 416 
645 178 392 
912 346 578 
===========
123 457 689 
456 289 731 
789 613 254 

297 865 143 
564 931 827 
831 724 965 

378 596 412 
645 172 398 
912 348 576 
===========
123 457 689 
456 289 731 
789 613 254 

297 865 143 
564 931 827 
831 724 596 

378 546 912 
645 192 378 
912 378 465 
===========
123 457 689 
456 289 731 
789 613 254 

297 865 413 
564 931 827 
831 724 965 

378 592 146 
645 178 392 
912 346 578 
===========
123 457 689 
456 289 731 
789 613 254 

297 865 413 
564 931 827 
831 724 965 

378 596 142 
645 172 398 
912 348 576 
===========
123 457 689 
456 289 731 
789 613 254 

297 865 413 
564 931 872 
831 742 965 

378 594 126 
645 128 397 
912 376 548 
===========
123 457 689 
456 289 731 
789 613 254 

297 865 413 
564 931 827 
831 742 965 

378 524 196 
645 198 372 
912 376 548 
===========
123 457 689 
456 289 731 
789 613 254 

297 865 413 
564 931 872 
831 742 965 

378 524 196 
645 198 327 
912 376 548 
===========
123 457 689 
456 289 731 
789 613 254 

297 865 413 
564 931 827 
831 724 965 

378 542 196 
645 198 372 
912 376 548 
===========
123 457 689 
456 289 731 
789 613 254 

297 865 413 
564 931 827 
831 724 965 

378 546 192 
645 192 378 
912 378 546 
===========
123 457 689 
456 289 731 
789 613 254 

297 865 413 
564 931 872 
831 724 965 

378 542 196 
645 198 327 
912 376 548 
===========
123 457 689 
456 289 731 
789 613 254 

297 834 165 
564 721 398 
831 965 427 

378 546 912 
645 192 873 
912 378 546 
===========
123 457 689 
456 289 731 
789 613 254 

297 834 165 
564 721 893 
831 965 427 

378 542 916 
645 198 372 
912 376 548 
===========
123 457 689 
456 289 731 
789 613 254 

297 834 165 
564 721 893 
831 965 472 

378 542 916 
645 198 327 
912 376 548 
===========
123 457 689 
456 289 731 
789 613 254 

297 834 165 
564 721 893 
831 965 427 

378 546 912 
645 192 378 
912 378 546 
===========
123 457 689 
456 289 731 
789 613 254 

297 835 146 
564 721 398 
831 964 527 

378 546 912 
645 192 873 
912 378 465 
===========
123 457 689 
456 289 731 
789 613 254 

297 835 146 
564 721 893 
831 964 527 

378 546 912 
645 192 378 
912 378 465 
===========
123 457 689 
456 289 731 
789 613 254 

297 835 146 
564 721 398 
831 946 527 

378 564 912 
645 192 873 
912 378 465 
===========
123 457 689 
456 289 731 
789 613 254 

297 835 146 
564 721 893 
831 946 527 

378 564 912 
645 192 378 
912 378 465 
===========
123 457 689 
456 289 731 
789 613 254 

297 841 563 
564 732 918 
831 965 472 

378 594 126 
645 128 397 
912 376 845 
===========
123 457 689 
456 289 731 
789 613 254 

297 841 563 
564 732 198 
831 965 427 

378 524 916 
645 198 372 
912 376 845 
===========
123 457 689 
456 289 731 
789 613 254 

297 841 563 
564 732 198 
831 965 472 

378 524 916 
645 198 327 
912 376 845 
===========
123 457 689 
456 289 731 
789 613 254 

297 841 563 
564 732 918 
831 965 427 

378 524 196 
645 198 372 
912 376 845 
===========
123 457 689 
456 289 731 
789 613 254 

297 841 563 
564 732 918 
831 965 472 

378 524 196 
645 198 327 
912 376 845 
===========
123 457 689 
456 289 731 
789 613 254 

297 845 163 
564 731 928 
831 926 547 

378 592 416 
645 178 392 
912 364 875 
===========
123 457 689 
456 289 731 
789 613 254 

297 845 163 
564 731 892 
831 962 475 

378 524 916 
645 198 327 
912 376 548 
===========
123 457 689 
456 289 731 
789 613 254 

297 845 316 
564 731 928 
831 926 475 

378 594 162 
645 172 893 
912 368 547 
===========
123 457 689 
456 289 731 
789 613 254 

297 845 316 
564 731 928 
831 926 547 

378 594 162 
645 172 893 
912 368 475 
===========
123 457 689 
456 289 731 
789 613 254 

297 845 316 
564 731 928 
831 926 547 

378 564 192 
645 192 873 
912 378 465 
===========
123 457 689 
456 289 731 
789 613 254 

297 846 315 
564 731 892 
831 925 467 

378 592 146 
645 178 923 
912 364 578 
===========
123 457 689 
456 289 731 
789 613 254 

297 846 315 
564 731 928 
831 925 476 

378 594 162 
645 172 893 
912 368 547 
===========
123 457 689 
456 289 731 
789 613 254 

297 846 315 
564 731 928 
831 925 467 

378 564 192 
645 192 873 
912 378 546 
===========
123 457 689 
456 289 731 
789 613 254 

297 846 513 
564 731 928 
831 925 467 

378 592 146 
645 178 392 
912 364 875 
===========
123 457 689 
456 289 731 
789 613 254 

297 864 315 
564 731 892 
831 925 467 

378 592 146 
645 178 923 
912 346 578 
===========
123 457 689 
456 289 731 
789 613 254 

297 864 315 
564 731 928 
831 925 467 

378 596 142 
645 172 893 
912 348 576 
===========
123 457 689 
456 289 731 
789 613 254 

297 864 315 
564 731 928 
831 925 476 

378 596 142 
645 172 893 
912 348 567 
===========
123 457 689 
456 289 731 
789 613 254 

297 864 315 
564 731 928 
831 925 467 

378 546 192 
645 192 873 
912 378 546 
===========
123 457 689 
456 289 731 
789 613 254 

297 864 513 
564 731 928 
831 925 467 

378 592 146 
645 178 392 
912 346 875 
===========
123 457 689 
456 289 731 
789 613 254 

297 864 513 
564 731 928 
831 925 467 

378 542 196 
645 198 372 
912 376 845 
===========
123 457 689 
456 289 731 
789 613 254 

297 865 143 
564 731 928 
831 924 567 

378 592 416 
645 178 392 
912 346 875 
===========
123 457 689 
456 289 731 
789 613 254 

297 865 143 
564 731 928 
831 942 576 

378 596 412 
645 128 397 
912 374 865 
===========
123 457 689 
456 289 731 
789 613 254 

297 865 413 
564 731 928 
831 924 567 

378 592 146 
645 178 392 
912 346 875 
===========
123 457 689 
456 289 731 
789 613 254 

297 865 413 
564 731 928 
831 942 576 

378 596 142 
645 128 397 
912 374 865 
===========
123 457 689 
456 289 731 
789 613 254 

297 865 413 
564 731 928 
831 942 576 

378 594 162 
645 128 397 
912 376 845 
===========
123 457 689 
456 289 731 
789 613 254 

297 865 413 
564 731 928 
831 942 567 

378 524 196 
645 198 372 
912 376 845 
===========
123 457 689 
456 289 731 
789 613 254 

297 865 413 
564 731 928 
831 924 567 

378 542 196 
645 198 372 
912 376 845 
===========
123 457 689 
456 289 731 
789 613 254 

297 831 465 
564 792 813 
831 564 927 

378 925 146 
645 178 392 
912 346 578 
===========
123 457 689 
456 289 731 
789 613 254 

297 831 465 
564 792 813 
831 546 927 

378 925 146 
645 178 392 
912 364 578 
===========
123 457 689 
456 289 731 
789 613 254 

297 831 465 
564 792 813 
831 564 972 

378 945 126 
645 128 397 
912 376 548 
===========
123 457 689 
456 289 731 
789 613 254 

297 831 546 
564 792 813 
831 546 927 

378 924 165 
645 178 392 
912 365 478 
===========
123 457 689 
456 289 731 
789 613 254 

297 831 546 
564 792 813 
831 564 972 

378 946 125 
645 128 397 
912 375 468 
===========
123 457 689 
456 289 731 
789 613 254 

297 831 546 
564 792 813 
831 546 972 

378 964 125 
645 128 397 
912 375 468 
===========
123 457 689 
456 289 731 
789 613 254 

297 834 165 
564 791 823 
831 562 947 

378 925 416 
645 178 392 
912 346 578 
===========
123 457 689 
456 289 731 
789 613 254 

297 834 165 
564 791 328 
831 526 947 

378 965 412 
645 172 893 
912 348 576 
===========
123 457 689 
456 289 731 
789 613 254 

297 834 165 
564 791 823 
831 526 947 

378 965 412 
645 172 398 
912 348 576 
===========
123 457 689 
456 289 731 
789 613 254 

297 834 165 
564 791 823 
831 526 947 

378 942 516 
645 178 392 
912 365 478 
===========
123 457 689 
456 289 731 
789 613 254 

297 834 165 
564 721 398 
831 596 472 

378 942 516 
645 178 923 
912 365 847 
===========
123 457 689 
456 289 731 
789 613 254 

297 834 165 
564 791 328 
831 562 497 

378 946 512 
645 128 973 
912 375 846 
===========
123 457 689 
456 289 731 
789 613 254 

297 834 516 
564 721 398 
831 596 472 

378 962 145 
645 178 923 
912 345 867 
===========
123 457 689 
456 289 731 
789 613 254 

297 834 516 
564 791 328 
831 526 947 

378 945 162 
645 172 893 
912 368 475 
===========
123 457 689 
456 289 731 
789 613 254 

297 834 516 
564 791 823 
831 526 947 

378 942 165 
645 178 392 
912 365 478 
===========
123 457 689 
456 289 731 
789 613 254 

297 834 516 
564 791 823 
831 526 947 

378 945 162 
645 172 398 
912 368 475 
===========
123 457 689 
456 289 731 
789 613 254 

297 834 516 
564 721 398 
831 596 472 

378 942 165 
645 178 923 
912 365 847 
===========
123 457 689 
456 289 731 
789 613 254 

297 834 516 
564 791 328 
831 562 497 

378 945 162 
645 128 973 
912 376 845 
===========
123 457 689 
456 289 731 
789 613 254 

297 836 145 
564 791 328 
831 524 967 

378 965 412 
645 172 893 
912 348 576 
===========
123 457 689 
456 289 731 
789 613 254 

297 836 145 
564 791 328 
831 524 976 

378 965 412 
645 172 893 
912 348 567 
===========
123 457 689 
456 289 731 
789 613 254 

297 836 145 
564 791 823 
831 524 967 

378 965 412 
645 172 398 
912 348 576 
===========
123 457 689 
456 289 731 
789 613 254 

297 836 145 
564 791 823 
831 524 976 

378 965 412 
645 172 398 
912 348 567 
===========
123 457 689 
456 289 731 
789 613 254 

297 836 145 
564 791 823 
831 542 967 

378 925 416 
645 178 392 
912 364 578 
===========
123 457 689 
456 289 731 
789 613 254 

297 836 145 
564 791 823 
831 542 967 

378 924 516 
645 178 392 
912 365 478 
===========
123 457 689 
456 289 731 
789 613 254 

297 836 145 
564 791 823 
831 524 967 

378 942 516 
645 178 392 
912 365 478 
===========
123 457 689 
456 289 731 
789 613 254 

297 836 145 
564 791 823 
831 542 976 

378 965 412 
645 128 397 
912 374 568 
===========
123 457 689 
456 289 731 
789 613 254 

297 836 145 
564 791 823 
831 542 976 

378 964 512 
645 128 397 
912 375 468 
===========
123 457 689 
456 289 731 
789 613 254 

297 836 415 
564 791 328 
831 524 967 

378 965 142 
645 172 893 
912 348 576 
===========
123 457 689 
456 289 731 
789 613 254 

297 836 415 
564 791 328 
831 524 976 

378 965 142 
645 172 893 
912 348 567 
===========
123 457 689 
456 289 731 
789 613 254 

297 836 415 
564 791 823 
831 524 967 

378 965 142 
645 172 398 
912 348 576 
===========
123 457 689 
456 289 731 
789 613 254 

297 836 415 
564 791 823 
831 524 976 

378 965 142 
645 172 398 
912 348 567 
===========
123 457 689 
456 289 731 
789 613 254 

297 836 415 
564 791 823 
831 542 967 

378 925 146 
645 178 392 
912 364 578 
===========
123 457 689 
456 289 731 
789 613 254 

297 836 415 
564 791 328 
831 524 976 

378 945 162 
645 172 893 
912 368 547 
===========
123 457 689 
456 289 731 
789 613 254 

297 836 415 
564 791 823 
831 524 976 

378 945 162 
645 172 398 
912 368 547 
===========
123 457 689 
456 289 731 
789 613 254 

297 836 415 
564 791 823 
831 542 976 

378 965 142 
645 128 397 
912 374 568 
===========
123 457 689 
456 289 731 
789 613 254 

297 841 365 
564 732 198 
831 596 472 

378 924 516 
645 178 923 
912 365 847 
===========
123 457 689 
456 289 731 
789 613 254 

297 841 365 
564 732 198 
831 596 427 

378 964 512 
645 128 973 
912 375 846 
===========
123 457 689 
456 289 731 
789 613 254 

297 841 563 
564 732 918 
831 596 427 

378 925 146 
645 178 392 
912 364 875 
===========
123 457 689 
456 289 731 
789 613 254 

297 841 563 
564 732 918 
831 596 472 

378 964 125 
645 128 397 
912 375 846 
===========
123 457 689 
456 289 731 
789 613 254 

297 846 315 
564 731 892 
831 592 467 

378 925 146 
645 178 923 
912 364 578 
===========
123 457 689 
456 289 731 
789 613 254 

297 846 513 
564 731 928 
831 592 467 

378 925 146 
645 178 392 
912 364 875 
===========
123 457 689 
456 289 731 
789 613 254 

297 846 513 
564 731 928 
831 592 476 

378 924 165 
645 178 392 
912 365 847 
===========
123 457 689 
456 289 731 
789 613 254 

297 846 513 
564 731 928 
831 592 476 

378 965 142 
645 128 397 
912 374 865 
===========
123 457 689 
456 289 731 
789 613 254 

297 864 315 
564 731 892 
831 592 467 

378 925 146 
645 178 923 
912 346 578 
===========
123 457 689 
456 289 731 
789 613 254 

297 864 315 
564 731 892 
831 592 467 

378 945 126 
645 128 973 
912 376 548 
===========
123 457 689 
456 289 731 
789 613 254 

297 864 513 
564 731 928 
831 592 467 

378 926 145 
645 178 392 
912 345 876 
===========
123 457 689 
456 289 731 
789 613 254 

297 864 513 
564 731 928 
831 592 476 

378 926 145 
645 178 392 
912 345 867 
===========
123 457 689 
456 289 731 
789 613 254 

297 864 513 
564 731 928 
831 592 467 

378 925 146 
645 178 392 
912 346 875 
===========
123 457 689 
456 289 731 
789 613 254 

297 864 513 
564 731 928 
831 592 476 

378 945 162 
645 128 397 
912 376 845 
===========
123 457 689 
456 289 731 
789 613 254 

297 531 468 
564 892 317 
831 764 592 

378 926 145 
645 178 923 
912 345 876 
===========
123 457 689 
456 289 731 
789 613 254 

297 531 468 
564 892 317 
831 764 592 

378 925 146 
645 178 923 
912 346 875 
===========
123 457 689 
456 289 731 
789 613 254 

297 531 468 
564 892 173 
831 746 925 

378 924 516 
645 178 392 
912 365 847 
===========
123 457 689 
456 289 731 
789 613 254 

297 531 468 
564 892 317 
831 746 592 

378 925 146 
645 178 923 
912 364 875 
===========
123 457 689 
456 289 731 
789 613 254 

297 531 468 
564 892 173 
831 764 925 

378 946 512 
645 128 397 
912 375 846 
===========
123 457 689 
456 289 731 
789 613 254 

297 531 468 
564 892 317 
831 764 592 

378 946 125 
645 128 973 
912 375 846 
===========
123 457 689 
456 289 731 
789 613 254 

297 531 468 
564 892 317 
831 764 592 

378 945 126 
645 128 973 
912 376 845 
===========
123 457 689 
456 289 731 
789 613 254 

297 531 468 
564 892 173 
831 746 925 

378 964 512 
645 128 397 
912 375 846 
===========
123 457 689 
456 289 731 
789 613 254 

297 531 468 
564 892 317 
831 746 592 

378 964 125 
645 128 973 
912 375 846 
===========
123 457 689 
456 289 731 
789 613 254 

297 531 846 
564 892 317 
831 746 592 

378 924 165 
645 178 923 
912 365 478 
===========
123 457 689 
456 289 731 
789 613 254 

297 531 846 
564 892 173 
831 764 925 

378 946 512 
645 128 397 
912 375 468 
===========
123 457 689 
456 289 731 
789 613 254 

297 531 846 
564 892 317 
831 764 592 

378 946 125 
645 128 973 
912 375 468 
===========
123 457 689 
456 289 731 
789 613 254 

297 531 846 
564 892 173 
831 746 925 

378 965 412 
645 128 397 
912 374 568 
===========
123 457 689 
456 289 731 
789 613 254 

297 531 846 
564 892 173 
831 746 925 

378 964 512 
645 128 397 
912 375 468 
===========
123 457 689 
456 289 731 
789 613 254 

297 531 846 
564 892 317 
831 746 592 

378 964 125 
645 128 973 
912 375 468 
===========
123 457 689 
456 289 731 
789 613 254 

297 534 168 
564 891 327 
831 726 945 

378 965 412 
645 172 893 
912 348 576 
===========
123 457 689 
456 289 731 
789 613 254 

297 534 168 
564 821 397 
831 796 542 

378 962 415 
645 178 923 
912 345 876 
===========
123 457 689 
456 289 731 
789 613 254 

297 534 168 
564 891 372 
831 726 495 

378 942 516 
645 178 923 
912 365 847 
===========
123 457 689 
456 289 731 
789 613 254 

297 534 168 
564 821 973 
831 796 425 

378 942 516 
645 178 392 
912 365 847 
===========
123 457 689 
456 289 731 
789 613 254 

297 534 168 
564 891 327 
831 762 495 

378 946 512 
645 128 973 
912 375 846 
===========
123 457 689 
456 289 731 
789 613 254 

297 534 816 
564 821 973 
831 796 425 

378 965 142 
645 172 398 
912 348 567 
===========
123 457 689 
456 289 731 
789 613 254 

297 534 816 
564 821 397 
831 796 542 

378 942 165 
645 178 923 
912 365 478 
===========
123 457 689 
456 289 731 
789 613 254 

297 534 816 
564 821 973 
831 796 425 

378 945 162 
645 172 398 
912 368 547 
===========
123 457 689 
456 289 731 
789 613 254 

297 534 816 
564 891 327 
831 762 495 

378 945 162 
645 128 973 
912 376 548 
===========
123 457 689 
456 289 731 
789 613 254 

297 536 148 
564 891 327 
831 724 965 

378 965 412 
645 172 893 
912 348 576 
===========
123 457 689 
456 289 731 
789 613 254 

297 536 148 
564 891 372 
831 724 596 

378 962 415 
645 178 923 
912 345 867 
===========
123 457 689 
456 289 731 
789 613 254 

297 536 148 
564 821 397 
831 794 562 

378 962 415 
645 178 923 
912 345 876 
===========
123 457 689 
456 289 731 
789 613 254 

297 536 148 
564 821 973 
831 794 526 

378 962 415 
645 178 392 
912 345 867 
===========
123 457 689 
456 289 731 
789 613 254 

297 536 148 
564 891 327 
831 742 596 

378 965 412 
645 128 973 
912 374 865 
===========
123 457 689 
456 289 731 
789 613 254 

297 536 418 
564 891 327 
831 724 965 

378 965 142 
645 172 893 
912 348 576 
===========
123 457 689 
456 289 731 
789 613 254 

297 536 418 
564 891 372 
831 724 596 

378 962 145 
645 178 923 
912 345 867 
===========
123 457 689 
456 289 731 
789 613 254 

297 536 418 
564 821 397 
831 794 562 

378 962 145 
645 178 923 
912 345 876 
===========
123 457 689 
456 289 731 
789 613 254 

297 536 418 
564 821 973 
831 794 526 

378 962 145 
645 178 392 
912 345 867 
===========
123 457 689 
456 289 731 
789 613 254 

297 536 418 
564 891 372 
831 742 596 

378 924 165 
645 178 923 
912 365 847 
===========
123 457 689 
456 289 731 
789 613 254 

297 536 418 
564 891 372 
831 724 596 

378 942 165 
645 178 923 
912 365 847 
===========
123 457 689 
456 289 731 
789 613 254 

297 536 418 
564 891 372 
831 724 965 

378 945 126 
645 172 893 
912 368 547 
===========
123 457 689 
456 289 731 
789 613 254 

297 536 418 
564 821 973 
831 794 526 

378 942 165 
645 178 392 
912 365 847 
===========
123 457 689 
456 289 731 
789 613 254 

297 536 418 
564 891 327 
831 742 596 

378 965 142 
645 128 973 
912 374 865 
===========
123 457 689 
456 289 731 
789 613 254 

297 541 368 
564 832 197 
831 796 542 

378 925 416 
645 178 923 
912 364 875 
===========
123 457 689 
456 289 731 
789 613 254 

297 541 368 
564 832 197 
831 796 425 

378 964 512 
645 128 973 
912 375 846 
===========
123 457 689 
456 289 731 
789 613 254 

297 541 863 
564 832 917 
831 796 425 

378 925 146 
645 178 392 
912 364 578 
===========
123 457 689 
456 289 731 
789 613 254 

297 546 813 
564 831 927 
831 792 465 

378 925 146 
645 178 392 
912 364 578 
===========
123 457 689 
456 289 731 
789 613 254 

297 546 813 
564 831 927 
831 792 546 

378 924 165 
645 178 392 
912 365 478 
===========
123 457 689 
456 289 731 
789 613 254 

297 546 813 
564 831 972 
831 792 546 

378 964 125 
645 128 397 
912 375 468 
===========
123 457 689 
456 289 731 
789 613 254 

297 561 348 
564 832 197 
831 794 562 

378 926 415 
645 178 923 
912 345 876 
===========
123 457 689 
456 289 731 
789 613 254 

297 561 348 
564 832 197 
831 794 562 

378 925 416 
645 178 923 
912 346 875 
===========
123 457 689 
456 289 731 
789 613 254 

297 564 813 
564 831 927 
831 792 465 

378 925 146 
645 178 392 
912 346 578 
===========
123 457 689 
456 289 731 
789 613 254 

297 564 813 
564 831 972 
831 792 546 

378 946 125 
645 128 397 
912 375 468 
===========
123 457 689 
456 289 731 
789 613 254 

297 564 813 
564 831 972 
831 792 465 

378 945 126 
645 128 397 
912 376 548 
===========
123 457 689 
456 289 731 
789 613 254 

297 831 465 
564 972 318 
831 564 927 

378 196 542 
645 728 193 
912 345 876 
===========
123 457 689 
456 289 731 
789 613 254 

297 831 465 
564 972 318 
831 546 972 

378 194 526 
645 728 193 
912 365 847 
===========
123 457 689 
456 289 731 
789 613 254 

297 831 465 
564 972 318 
831 546 972 

378 124 596 
645 798 123 
912 365 847 
===========
123 457 689 
456 289 731 
789 613 254 

297 831 546 
564 972 318 
831 564 972 

378 196 425 
645 728 193 
912 345 867 
===========
123 457 689 
456 289 731 
789 613 254 

297 831 546 
564 972 318 
831 564 927 

378 195 462 
645 728 193 
912 346 875 
===========
123 457 689 
456 289 731 
789 613 254 

297 831 546 
564 972 318 
831 564 972 

378 126 495 
645 798 123 
912 345 867 
===========
123 457 689 
456 289 731 
789 613 254 

297 831 546 
564 972 318 
831 546 927 

378 195 462 
645 728 193 
912 364 875 
===========
123 457 689 
456 289 731 
789 613 254 

297 834 165 
564 971 328 
831 562 497 

378 196 542 
645 728 913 
912 345 876 
===========
123 457 689 
456 289 731 
789 613 254 

297 834 165 
564 971 823 
831 562 497 

378 125 946 
645 798 312 
912 346 578 
===========
123 457 689 
456 289 731 
789 613 254 

297 834 165 
564 971 823 
831 562 947 

378 125 496 
645 798 312 
912 346 578 
===========
123 457 689 
456 289 731 
789 613 254 

297 834 165 
564 971 328 
831 526 497 

378 165 942 
645 792 813 
912 348 576 
===========
123 457 689 
456 289 731 
789 613 254 

297 834 165 
564 971 328 
831 526 947 

378 165 492 
645 792 813 
912 348 576 
===========
123 457 689 
456 289 731 
789 613 254 

297 834 165 
564 971 823 
831 526 497 

378 165 942 
645 792 318 
912 348 576 
===========
123 457 689 
456 289 731 
789 613 254 

297 834 165 
564 971 823 
831 526 947 

378 165 492 
645 792 318 
912 348 576 
===========
123 457 689 
456 289 731 
789 613 254 

297 834 165 
564 971 823 
831 526 947 

378 142 596 
645 798 312 
912 365 478 
===========
123 457 689 
456 289 731 
789 613 254 

297 834 165 
564 921 378 
831 576 492 

378 145 926 
645 792 813 
912 368 547 
===========
123 457 689 
456 289 731 
789 613 254 

297 834 165 
564 921 873 
831 576 492 

378 145 926 
645 792 318 
912 368 547 
===========
123 457 689 
456 289 731 
789 613 254 

297 834 516 
564 971 328 
831 562 947 

378 195 462 
645 728 193 
912 346 875 
===========
123 457 689 
456 289 731 
789 613 254 

297 834 516 
564 921 378 
831 576 492 

378 162 945 
645 798 123 
912 345 867 
===========
123 457 689 
456 289 731 
789 613 254 

297 834 516 
564 921 378 
831 576 942 

378 162 495 
645 798 123 
912 345 867 
===========
123 457 689 
456 289 731 
789 613 254 

297 834 516 
564 921 378 
831 576 492 

378 142 965 
645 798 123 
912 365 847 
===========
123 457 689 
456 289 731 
789 613 254 

297 836 145 
564 971 328 
831 524 967 

378 165 492 
645 792 813 
912 348 576 
===========
123 457 689 
456 289 731 
789 613 254 

297 836 145 
564 971 328 
831 524 976 

378 165 492 
645 792 813 
912 348 567 
===========
123 457 689 
456 289 731 
789 613 254 

297 836 145 
564 971 823 
831 524 967 

378 165 492 
645 792 318 
912 348 576 
===========
123 457 689 
456 289 731 
789 613 254 

297 836 145 
564 971 823 
831 524 976 

378 165 492 
645 792 318 
912 348 567 
===========
123 457 689 
456 289 731 
789 613 254 

297 836 145 
564 921 378 
831 574 926 

378 165 492 
645 792 813 
912 348 567 
===========
123 457 689 
456 289 731 
789 613 254 

297 836 145 
564 921 873 
831 574 926 

378 165 492 
645 792 318 
912 348 567 
===========
123 457 689 
456 289 731 
789 613 254 

297 836 145 
564 971 823 
831 542 967 

378 125 496 
645 798 312 
912 364 578 
===========
123 457 689 
456 289 731 
789 613 254 

297 836 145 
564 971 823 
831 542 967 

378 124 596 
645 798 312 
912 365 478 
===========
123 457 689 
456 289 731 
789 613 254 

297 836 145 
564 971 823 
831 524 967 

378 142 596 
645 798 312 
912 365 478 
===========
123 457 689 
456 289 731 
789 613 254 

297 836 415 
564 971 328 
831 542 976 

378 194 562 
645 728 193 
912 365 847 
===========
123 457 689 
456 289 731 
789 613 254 

297 836 415 
564 921 378 
831 574 962 

378 142 596 
645 798 123 
912 365 847 
===========
123 457 689 
456 289 731 
789 613 254 

297 841 365 
564 932 178 
831 576 492 

378 194 526 
645 728 913 
912 365 847 
===========
123 457 689 
456 289 731 
789 613 254 

297 841 365 
564 932 817 
831 576 942 

378 195 426 
645 728 193 
912 364 578 
===========
