123 457 689 
456 289 731 
789 613 542 

297 834 165 
564 921 378 
831 765 294 

378 592 416 
645 178 923 
912 346 857 
===========
123 457 689 
456 289 731 
789 613 542 

297 834 165 
564 921 378 
831 765 924 

378 592 416 
645 178 293 
912 346 857 
===========
123 457 689 
456 289 731 
789 613 542 

297 834 165 
564 921 873 
831 765 294 

378 542 916 
645 198 327 
912 376 458 
===========
123 457 689 
456 289 731 
789 613 542 

297 835 164 
564 921 378 
831 764 295 

378 592 416 
645 178 923 
912 346 857 
===========
123 457 689 
456 289 731 
789 613 542 

297 835 164 
564 921 378 
831 764 925 

378 592 416 
645 178 293 
912 346 857 
===========
123 457 689 
456 289 731 
789 613 542 

297 835 164 
564 921 378 
831 746 295 

378 592 416 
645 178 923 
912 364 857 
===========
123 457 689 
456 289 731 
789 613 542 

297 835 164 
564 921 378 
831 746 925 

378 592 416 
645 178 293 
912 364 857 
===========
123 457 689 
456 289 731 
789 613 542 

297 835 164 
564 921 378 
831 746 925 

378 594 216 
645 172 893 
912 368 457 
===========
123 457 689 
456 289 731 
789 613 542 

297 835 164 
564 921 873 
831 746 925 

378 594 216 
645 172 398 
912 368 457 
===========
123 457 689 
456 289 731 
789 613 542 

297 835 164 
564 921 873 
831 764 295 

378 542 916 
645 198 327 
912 376 458 
===========
123 457 689 
456 289 731 
789 613 542 

297 835 416 
564 921 378 
831 764 295 

378 592 164 
645 178 923 
912 346 857 
===========
123 457 689 
456 289 731 
789 613 542 

297 835 416 
564 921 378 
831 764 925 

378 592 164 
645 178 293 
912 346 857 
===========
123 457 689 
456 289 731 
789 613 542 

297 835 416 
564 921 378 
831 746 295 

378 592 164 
645 178 923 
912 364 857 
===========
123 457 689 
456 289 731 
789 613 542 

297 835 416 
564 921 378 
831 746 925 

378 592 164 
645 178 293 
912 364 857 
===========
123 457 689 
456 289 731 
789 613 542 

297 836 415 
564 921 378 
831 745 296 

378 592 164 
645 178 923 
912 364 857 
===========
123 457 689 
456 289 731 
789 613 542 

297 836 415 
564 921 378 
831 745 926 

378 592 164 
645 178 293 
912 364 857 
===========
123 457 689 
456 289 731 
789 613 542 

297 841 365 
564 932 817 
831 765 294 

378 594 126 
645 128 973 
912 376 458 
===========
123 457 689 
456 289 731 
789 613 542 

297 841 365 
564 932 817 
831 765 924 

378 524 196 
645 198 273 
912 376 458 
===========
123 457 689 
456 289 731 
789 613 542 

297 845 163 
564 931 827 
831 726 954 

378 594 216 
645 172 398 
912 368 475 
===========
123 457 689 
456 289 731 
789 613 542 

297 845 163 
564 931 278 
831 762 495 

378 526 914 
645 198 327 
912 374 856 
===========
123 457 689 
456 289 731 
789 613 542 

297 845 163 
564 931 278 
831 762 495 

378 524 916 
645 198 327 
912 376 854 
===========
123 457 689 
456 289 731 
789 613 542 

297 845 163 
564 931 278 
831 726 495 

378 562 914 
645 198 327 
912 374 856 
===========
123 457 689 
456 289 731 
789 613 542 

297 845 316 
564 931 278 
831 726 495 

378 592 164 
645 178 923 
912 364 857 
===========
123 457 689 
456 289 731 
789 613 542 

297 846 153 
564 931 827 
831 725 964 

378 594 216 
645 172 398 
912 368 475 
===========
123 457 689 
456 289 731 
789 613 542 

297 846 153 
564 931 278 
831 725 496 

378 562 914 
645 198 327 
912 374 865 
===========
123 457 689 
456 289 731 
789 613 542 

297 846 315 
564 931 278 
831 725 496 

378 592 164 
645 178 923 
912 364 857 
===========
123 457 689 
456 289 731 
789 613 542 

297 846 315 
564 931 278 
831 725 964 

378 594 126 
645 172 893 
912 368 457 
===========
123 457 689 
456 289 731 
789 613 542 

297 861 453 
564 932 178 
831 745 926 

378 596 214 
645 128 397 
912 374 865 
===========
123 457 689 
456 289 731 
789 613 542 

297 861 453 
564 932 178 
831 745 296 

378 526 914 
645 198 327 
912 374 865 
===========
123 457 689 
456 289 731 
789 613 542 

297 864 315 
564 931 278 
831 725 496 

378 592 164 
645 178 923 
912 346 857 
===========
123 457 689 
456 289 731 
789 613 542 

297 864 315 
564 931 827 
831 725 964 

378 542 196 
645 198 273 
912 376 458 
===========
123 457 689 
456 289 731 
789 613 542 

297 865 314 
564 931 827 
831 742 965 

378 524 196 
645 198 273 
912 376 458 
===========
123 457 689 
456 289 731 
789 613 542 

297 865 314 
564 931 827 
831 724 965 

378 542 196 
645 198 273 
912 376 458 
===========
123 457 689 
456 289 731 
789 613 542 

297 865 413 
564 931 278 
831 742 956 

378 596 124 
645 128 397 
912 374 865 
===========
123 457 689 
456 289 731 
789 613 542 

297 865 413 
564 931 278 
831 742 965 

378 596 124 
645 128 397 
912 374 856 
===========
123 457 689 
456 289 731 
789 613 542 

297 865 413 
564 931 278 
831 742 965 

378 594 126 
645 128 397 
912 376 854 
===========
123 457 689 
456 289 731 
789 613 542 

297 865 413 
564 931 278 
831 742 956 

378 526 194 
645 198 327 
912 374 865 
===========
123 457 689 
456 289 731 
789 613 542 

297 865 413 
564 931 278 
831 742 965 

378 526 194 
645 198 327 
912 374 856 
===========
123 457 689 
456 289 731 
789 613 542 

297 865 413 
564 931 278 
831 742 965 

378 524 196 
645 198 327 
912 376 854 
===========
123 457 689 
456 289 731 
789 613 542 

297 865 413 
564 931 278 
831 724 965 

378 542 196 
645 198 327 
912 376 854 
===========
123 457 689 
456 289 731 
789 613 542 

297 834 165 
564 721 398 
831 965 274 

378 592 416 
645 178 923 
912 346 857 
===========
123 457 689 
456 289 731 
789 613 542 

297 834 165 
564 721 398 
831 965 427 

378 542 916 
645 198 273 
912 376 854 
===========
123 457 689 
456 289 731 
789 613 542 

297 834 165 
564 721 893 
831 965 274 

378 542 916 
645 198 327 
912 376 458 
===========
123 457 689 
456 289 731 
789 613 542 

297 835 164 
564 721 398 
831 964 257 

378 592 416 
645 178 923 
912 346 875 
===========
123 457 689 
456 289 731 
789 613 542 

297 835 164 
564 721 398 
831 964 275 

378 592 416 
645 178 923 
912 346 857 
===========
123 457 689 
456 289 731 
789 613 542 

297 835 164 
564 721 398 
831 946 257 

378 592 416 
645 178 923 
912 364 875 
===========
123 457 689 
456 289 731 
789 613 542 

297 835 164 
564 721 398 
831 946 275 

378 592 416 
645 178 923 
912 364 857 
===========
123 457 689 
456 289 731 
789 613 542 

297 835 164 
564 721 893 
831 964 275 

378 542 916 
645 198 327 
912 376 458 
===========
123 457 689 
456 289 731 
789 613 542 

297 835 416 
564 721 398 
831 964 257 

378 592 164 
645 178 923 
912 346 875 
===========
123 457 689 
456 289 731 
789 613 542 

297 835 416 
564 721 398 
831 964 275 

378 592 164 
645 178 923 
912 346 857 
===========
123 457 689 
456 289 731 
789 613 542 

297 835 416 
564 721 398 
831 946 257 

378 592 164 
645 178 923 
912 364 875 
===========
123 457 689 
456 289 731 
789 613 542 

297 835 416 
564 721 398 
831 946 275 

378 592 164 
645 178 923 
912 364 857 
===========
123 457 689 
456 289 731 
789 613 542 

297 836 154 
564 721 398 
831 945 267 

378 592 416 
645 178 923 
912 364 875 
===========
123 457 689 
456 289 731 
789 613 542 

297 836 415 
564 721 398 
831 945 276 

378 592 164 
645 178 923 
912 364 857 
===========
123 457 689 
456 289 731 
789 613 542 

297 841 356 
564 732 198 
831 965 427 

378 596 214 
645 128 973 
912 374 865 
===========
123 457 689 
456 289 731 
789 613 542 

297 841 356 
564 732 198 
831 965 427 

378 526 914 
645 198 273 
912 374 865 
===========
123 457 689 
456 289 731 
789 613 542 

297 841 356 
564 732 918 
831 965 427 

378 526 194 
645 198 273 
912 374 865 
===========
123 457 689 
456 289 731 
789 613 542 

297 841 365 
564 732 198 
831 965 427 

378 596 214 
645 128 973 
912 374 856 
===========
123 457 689 
456 289 731 
789 613 542 

297 841 365 
564 732 198 
831 965 427 

378 594 216 
645 128 973 
912 376 854 
===========
123 457 689 
456 289 731 
789 613 542 

297 841 365 
564 732 198 
831 965 427 

378 526 914 
645 198 273 
912 374 856 
===========
123 457 689 
456 289 731 
789 613 542 

297 841 365 
564 732 198 
831 965 427 

378 524 916 
645 198 273 
912 376 854 
===========
123 457 689 
456 289 731 
789 613 542 

297 841 365 
564 732 918 
831 965 427 

378 526 194 
645 198 273 
912 374 856 
===========
123 457 689 
456 289 731 
789 613 542 

297 841 365 
564 732 918 
831 965 427 

378 524 196 
645 198 273 
912 376 854 
===========
123 457 689 
456 289 731 
789 613 542 

297 845 163 
564 731 928 
831 962 475 

378 596 214 
645 128 397 
912 374 856 
===========
123 457 689 
456 289 731 
789 613 542 

297 845 163 
564 731 928 
831 962 475 

378 594 216 
645 128 397 
912 376 854 
===========
123 457 689 
456 289 731 
789 613 542 

297 845 163 
564 731 298 
831 962 475 

378 526 914 
645 198 327 
912 374 856 
===========
123 457 689 
456 289 731 
789 613 542 

297 845 163 
564 731 298 
831 962 475 

378 524 916 
645 198 327 
912 376 854 
===========
123 457 689 
456 289 731 
789 613 542 

297 845 163 
564 731 298 
831 926 475 

378 562 914 
645 198 327 
912 374 856 
===========
123 457 689 
456 289 731 
789 613 542 

297 845 316 
564 731 298 
831 926 457 

378 592 164 
645 178 923 
912 364 875 
===========
123 457 689 
456 289 731 
789 613 542 

297 845 316 
564 731 298 
831 926 475 

378 592 164 
645 178 923 
912 364 857 
===========
123 457 689 
456 289 731 
789 613 542 

297 845 316 
564 731 928 
831 926 457 

378 592 164 
645 178 293 
912 364 875 
===========
123 457 689 
456 289 731 
789 613 542 

297 845 316 
564 731 928 
831 926 475 

378 592 164 
645 178 293 
912 364 857 
===========
123 457 689 
456 289 731 
789 613 542 

297 845 316 
564 731 298 
831 962 457 

378 596 124 
645 128 973 
912 374 865 
===========
123 457 689 
456 289 731 
789 613 542 

297 845 316 
564 731 928 
831 962 457 

378 526 194 
645 198 273 
912 374 865 
===========
123 457 689 
456 289 731 
789 613 542 

297 845 316 
564 731 928 
831 926 457 

378 562 194 
645 198 273 
912 374 865 
===========
123 457 689 
456 289 731 
789 613 542 

297 846 153 
564 731 298 
831 925 476 

378 562 914 
645 198 327 
912 374 865 
===========
123 457 689 
456 289 731 
789 613 542 

297 846 315 
564 731 298 
831 925 476 

378 592 164 
645 178 923 
912 364 857 
===========
123 457 689 
456 289 731 
789 613 542 

297 846 315 
564 731 928 
831 925 476 

378 592 164 
645 178 293 
912 364 857 
===========
123 457 689 
456 289 731 
789 613 542 

297 846 315 
564 731 928 
831 925 467 

378 562 194 
645 198 273 
912 374 856 
===========
123 457 689 
456 289 731 
789 613 542 

297 861 453 
564 732 918 
831 945 276 

378 596 124 
645 128 397 
912 374 865 
===========
123 457 689 
456 289 731 
789 613 542 

297 861 453 
564 732 198 
831 945 276 

378 526 914 
645 198 327 
912 374 865 
===========
123 457 689 
456 289 731 
789 613 542 

297 861 453 
564 732 918 
831 945 276 

378 526 194 
645 198 327 
912 374 865 
===========
123 457 689 
456 289 731 
789 613 542 

297 864 315 
564 731 298 
831 925 476 

378 592 164 
645 178 923 
912 346 857 
===========
123 457 689 
456 289 731 
789 613 542 

297 864 315 
564 731 928 
831 925 476 

378 592 164 
645 178 293 
912 346 857 
===========
123 457 689 
456 289 731 
789 613 542 

297 864 315 
564 731 928 
831 925 467 

378 542 196 
645 198 273 
912 376 854 
===========
123 457 689 
456 289 731 
789 613 542 

297 831 456 
564 792 318 
831 564 297 

378 925 164 
645 178 923 
912 346 875 
===========
123 457 689 
456 289 731 
789 613 542 

297 831 456 
564 792 318 
831 564 927 

378 925 164 
645 178 293 
912 346 875 
===========
123 457 689 
456 289 731 
789 613 542 

297 831 456 
564 792 318 
831 546 297 

378 925 164 
645 178 923 
912 364 875 
===========
123 457 689 
456 289 731 
789 613 542 

297 831 456 
564 792 318 
831 546 927 

378 925 164 
645 178 293 
912 364 875 
===========
123 457 689 
456 289 731 
789 613 542 

297 831 456 
564 792 318 
831 546 297 

378 924 165 
645 178 923 
912 365 874 
===========
123 457 689 
456 289 731 
789 613 542 

297 831 456 
564 792 318 
831 546 927 

378 924 165 
645 178 293 
912 365 874 
===========
123 457 689 
456 289 731 
789 613 542 

297 831 456 
564 792 318 
831 564 297 

378 946 125 
645 128 973 
912 375 864 
===========
123 457 689 
456 289 731 
789 613 542 

297 831 456 
564 792 318 
831 546 297 

378 965 124 
645 128 973 
912 374 865 
===========
123 457 689 
456 289 731 
789 613 542 

297 831 456 
564 792 318 
831 546 297 

378 964 125 
645 128 973 
912 375 864 
===========
123 457 689 
456 289 731 
789 613 542 

297 831 465 
564 792 318 
831 564 297 

378 926 154 
645 178 923 
912 345 876 
===========
123 457 689 
456 289 731 
789 613 542 

297 831 465 
564 792 318 
831 564 927 

378 926 154 
645 178 293 
912 345 876 
===========
123 457 689 
456 289 731 
789 613 542 

297 831 465 
564 792 318 
831 546 297 

378 924 156 
645 178 923 
912 365 874 
===========
123 457 689 
456 289 731 
789 613 542 

297 831 465 
564 792 318 
831 546 927 

378 924 156 
645 178 293 
912 365 874 
===========
123 457 689 
456 289 731 
789 613 542 

297 831 465 
564 792 318 
831 564 297 

378 945 126 
645 128 973 
912 376 854 
===========
123 457 689 
456 289 731 
789 613 542 

297 831 465 
564 792 318 
831 546 297 

378 965 124 
645 128 973 
912 374 856 
===========
123 457 689 
456 289 731 
789 613 542 

297 834 156 
564 791 328 
831 562 974 

378 926 415 
645 178 293 
912 345 867 
===========
123 457 689 
456 289 731 
789 613 542 

297 834 156 
564 791 328 
831 526 974 

378 962 415 
645 178 293 
912 345 867 
===========
123 457 689 
456 289 731 
789 613 542 

297 834 156 
564 721 398 
831 596 274 

378 962 415 
645 178 923 
912 345 867 
===========
123 457 689 
456 289 731 
789 613 542 

297 834 156 
564 791 328 
831 562 497 

378 946 215 
645 128 973 
912 375 864 
===========
123 457 689 
456 289 731 
789 613 542 

297 834 156 
564 791 823 
831 562 974 

378 946 215 
645 128 397 
912 375 468 
===========
123 457 689 
456 289 731 
789 613 542 

297 834 165 
564 791 328 
831 562 974 

378 925 416 
645 178 293 
912 346 857 
===========
123 457 689 
456 289 731 
789 613 542 

297 834 165 
564 791 328 
831 526 974 

378 945 216 
645 172 893 
912 368 457 
===========
123 457 689 
456 289 731 
789 613 542 

297 834 165 
564 791 823 
831 526 974 

378 945 216 
645 172 398 
912 368 457 
===========
123 457 689 
456 289 731 
789 613 542 

297 834 165 
564 791 328 
831 562 497 

378 945 216 
645 128 973 
912 376 854 
===========
123 457 689 
456 289 731 
789 613 542 

297 834 165 
564 791 823 
831 562 974 

378 945 216 
645 128 397 
912 376 458 
===========
123 457 689 
456 289 731 
789 613 542 

297 836 154 
564 791 328 
831 524 967 

378 962 415 
645 178 293 
912 345 876 
===========
123 457 689 
456 289 731 
789 613 542 

297 836 154 
564 791 328 
831 524 976 

378 962 415 
645 178 293 
912 345 867 
===========
123 457 689 
456 289 731 
789 613 542 

297 836 154 
564 721 398 
831 594 267 

378 962 415 
645 178 923 
912 345 876 
===========
123 457 689 
456 289 731 
789 613 542 

297 836 154 
564 721 398 
831 594 276 

378 962 415 
645 178 923 
912 345 867 
===========
123 457 689 
456 289 731 
789 613 542 

297 836 154 
564 791 328 
831 542 967 

378 925 416 
645 178 293 
912 364 875 
===========
123 457 689 
456 289 731 
789 613 542 

297 836 154 
564 791 328 
831 524 967 

378 945 216 
645 172 893 
912 368 475 
===========
123 457 689 
456 289 731 
789 613 542 

297 836 154 
564 791 823 
831 524 967 

378 945 216 
645 172 398 
912 368 475 
===========
123 457 689 
456 289 731 
789 613 542 

297 836 154 
564 791 823 
831 542 976 

378 964 215 
645 128 397 
912 375 468 
===========
123 457 689 
456 289 731 
789 613 542 

297 836 415 
564 791 328 
831 524 967 

378 962 154 
645 178 293 
912 345 876 
===========
123 457 689 
456 289 731 
789 613 542 

297 836 415 
564 791 328 
831 524 976 

378 962 154 
645 178 293 
912 345 867 
===========
123 457 689 
456 289 731 
789 613 542 

297 836 415 
564 721 398 
831 594 267 

378 962 154 
645 178 923 
912 345 876 
===========
123 457 689 
456 289 731 
789 613 542 

297 836 415 
564 721 398 
831 594 276 

378 962 154 
645 178 923 
912 345 867 
===========
123 457 689 
456 289 731 
789 613 542 

297 836 415 
564 791 328 
831 542 976 

378 925 164 
645 178 293 
912 364 857 
===========
123 457 689 
456 289 731 
789 613 542 

297 836 415 
564 791 328 
831 542 967 

378 924 156 
645 178 293 
912 365 874 
===========
123 457 689 
456 289 731 
789 613 542 

297 836 415 
564 791 328 
831 524 967 

378 942 156 
645 178 293 
912 365 874 
===========
123 457 689 
456 289 731 
789 613 542 

297 836 415 
564 721 398 
831 594 267 

378 942 156 
645 178 923 
912 365 874 
===========
123 457 689 
456 289 731 
789 613 542 

297 841 356 
564 732 918 
831 596 427 

378 925 164 
645 178 293 
912 364 875 
===========
123 457 689 
456 289 731 
789 613 542 

297 841 356 
564 732 918 
831 596 427 

378 924 165 
645 178 293 
912 365 874 
===========
123 457 689 
456 289 731 
789 613 542 

297 841 356 
564 732 198 
831 596 427 

378 965 214 
645 128 973 
912 374 865 
===========
123 457 689 
456 289 731 
789 613 542 

297 841 356 
564 732 198 
831 596 427 

378 964 215 
645 128 973 
912 375 864 
===========
123 457 689 
456 289 731 
789 613 542 

297 841 365 
564 732 198 
831 596 274 

378 925 416 
645 178 923 
912 364 857 
===========
123 457 689 
456 289 731 
789 613 542 

297 841 365 
564 732 918 
831 596 427 

378 924 156 
645 178 293 
912 365 874 
===========
123 457 689 
456 289 731 
789 613 542 

297 841 365 
564 732 198 
831 596 427 

378 965 214 
645 128 973 
912 374 856 
===========
123 457 689 
456 289 731 
789 613 542 

297 846 153 
564 731 928 
831 592 476 

378 965 214 
645 128 397 
912 374 865 
===========
123 457 689 
456 289 731 
789 613 542 

297 846 153 
564 731 928 
831 592 476 

378 964 215 
645 128 397 
912 375 864 
===========
123 457 689 
456 289 731 
789 613 542 

297 846 315 
564 731 298 
831 592 476 

378 925 164 
645 178 923 
912 364 857 
===========
123 457 689 
456 289 731 
789 613 542 

297 846 315 
564 731 298 
831 592 467 

378 924 156 
645 178 923 
912 365 874 
===========
123 457 689 
456 289 731 
789 613 542 

297 846 315 
564 731 928 
831 592 476 

378 925 164 
645 178 293 
912 364 857 
===========
123 457 689 
456 289 731 
789 613 542 

297 846 315 
564 731 928 
831 592 467 

378 924 156 
645 178 293 
912 365 874 
===========
123 457 689 
456 289 731 
789 613 542 

297 846 315 
564 731 298 
831 592 467 

378 965 124 
645 128 973 
912 374 856 
===========
123 457 689 
456 289 731 
789 613 542 

297 861 354 
564 732 198 
831 594 267 

378 926 415 
645 178 923 
912 345 876 
===========
123 457 689 
456 289 731 
789 613 542 

297 861 354 
564 732 198 
831 594 276 

378 926 415 
645 178 923 
912 345 867 
===========
123 457 689 
456 289 731 
789 613 542 

297 861 354 
564 732 198 
831 594 267 

378 925 416 
645 178 923 
912 346 875 
===========
123 457 689 
456 289 731 
789 613 542 

297 861 453 
564 732 918 
831 594 276 

378 946 125 
645 128 397 
912 375 864 
===========
123 457 689 
456 289 731 
789 613 542 

297 864 153 
564 731 928 
831 592 476 

378 946 215 
645 128 397 
912 375 864 
===========
123 457 689 
456 289 731 
789 613 542 

297 864 315 
564 731 298 
831 592 467 

378 926 154 
645 178 923 
912 345 876 
===========
123 457 689 
456 289 731 
789 613 542 

297 864 315 
564 731 298 
831 592 476 

378 926 154 
645 178 923 
912 345 867 
===========
123 457 689 
456 289 731 
789 613 542 

297 864 315 
564 731 298 
831 592 476 

378 925 164 
645 178 923 
912 346 857 
===========
123 457 689 
456 289 731 
789 613 542 

297 864 315 
564 731 928 
831 592 467 

378 926 154 
645 178 293 
912 345 876 
===========
123 457 689 
456 289 731 
789 613 542 

297 864 315 
564 731 928 
831 592 476 

378 926 154 
645 178 293 
912 345 867 
===========
123 457 689 
456 289 731 
789 613 542 

297 864 315 
564 731 928 
831 592 476 

378 925 164 
645 178 293 
912 346 857 
===========
123 457 689 
456 289 731 
789 613 542 

297 864 315 
564 731 298 
831 592 467 

378 945 126 
645 128 973 
912 376 854 
===========
123 457 689 
456 289 731 
789 613 542 

297 531 468 
564 892 317 
831 764 295 

378 926 154 
645 178 923 
912 345 876 
===========
123 457 689 
456 289 731 
789 613 542 

297 531 468 
564 892 317 
831 764 925 

378 926 154 
645 178 293 
912 345 876 
===========
123 457 689 
456 289 731 
789 613 542 

297 531 468 
564 892 317 
831 746 295 

378 924 156 
645 178 923 
912 365 874 
===========
123 457 689 
456 289 731 
789 613 542 

297 531 468 
564 892 317 
831 746 925 

378 924 156 
645 178 293 
912 365 874 
===========
123 457 689 
456 289 731 
789 613 542 

297 531 468 
564 892 173 
831 764 925 

378 945 216 
645 128 397 
912 376 854 
===========
123 457 689 
456 289 731 
789 613 542 

297 531 468 
564 892 317 
831 764 295 

378 945 126 
645 128 973 
912 376 854 
===========
123 457 689 
456 289 731 
789 613 542 

297 531 468 
564 892 173 
831 746 925 

378 965 214 
645 128 397 
912 374 856 
===========
123 457 689 
456 289 731 
789 613 542 

297 531 468 
564 892 317 
831 746 295 

378 965 124 
645 128 973 
912 374 856 
===========
123 457 689 
456 289 731 
789 613 542 

297 531 864 
564 892 317 
831 746 295 

378 924 156 
645 178 923 
912 365 478 
===========
123 457 689 
456 289 731 
789 613 542 

297 531 864 
564 892 317 
831 746 925 

378 924 156 
645 178 293 
912 365 478 
===========
123 457 689 
456 289 731 
789 613 542 

297 531 864 
564 892 173 
831 764 925 

378 945 216 
645 128 397 
912 376 458 
===========
123 457 689 
456 289 731 
789 613 542 

297 531 864 
564 892 317 
831 764 295 

378 945 126 
645 128 973 
912 376 458 
===========
123 457 689 
456 289 731 
789 613 542 

297 534 168 
564 891 327 
831 762 954 

378 926 415 
645 178 293 
912 345 876 
===========
123 457 689 
456 289 731 
789 613 542 

297 534 168 
564 891 327 
831 762 954 

378 925 416 
645 178 293 
912 346 875 
===========
123 457 689 
456 289 731 
789 613 542 

297 534 168 
564 891 327 
831 726 954 

378 962 415 
645 178 293 
912 345 876 
===========
123 457 689 
456 289 731 
789 613 542 

297 534 168 
564 821 397 
831 796 254 

378 962 415 
645 178 923 
912 345 876 
===========
123 457 689 
456 289 731 
789 613 542 

297 534 168 
564 891 327 
831 726 954 

378 945 216 
645 172 893 
912 368 475 
===========
123 457 689 
456 289 731 
789 613 542 

297 534 168 
564 891 327 
831 762 495 

378 945 216 
645 128 973 
912 376 854 
===========
123 457 689 
456 289 731 
789 613 542 

297 534 816 
564 891 327 
831 726 954 

378 942 165 
645 178 293 
912 365 478 
===========
123 457 689 
456 289 731 
789 613 542 

297 534 816 
564 821 397 
831 796 254 

378 942 165 
645 178 923 
912 365 478 
===========
123 457 689 
456 289 731 
789 613 542 

297 534 816 
564 891 273 
831 762 954 

378 946 125 
645 128 397 
912 375 468 
===========
123 457 689 
456 289 731 
789 613 542 

297 536 418 
564 891 327 
831 724 965 

378 962 154 
645 178 293 
912 345 876 
===========
123 457 689 
456 289 731 
789 613 542 

297 536 418 
564 821 397 
831 794 265 

378 962 154 
645 178 923 
912 345 876 
===========
123 457 689 
456 289 731 
789 613 542 

297 536 418 
564 891 327 
831 742 956 

378 925 164 
645 178 293 
912 364 875 
===========
123 457 689 
456 289 731 
789 613 542 

297 536 418 
564 891 327 
831 742 956 

378 924 165 
645 178 293 
912 365 874 
===========
123 457 689 
456 289 731 
789 613 542 

297 536 418 
564 891 327 
831 742 965 

378 924 156 
645 178 293 
912 365 874 
===========
123 457 689 
456 289 731 
789 613 542 

297 536 418 
564 891 327 
831 724 956 

378 942 165 
645 178 293 
912 365 874 
===========
123 457 689 
456 289 731 
789 613 542 

297 536 418 
564 891 327 
831 724 965 

378 942 156 
645 178 293 
912 365 874 
===========
123 457 689 
456 289 731 
789 613 542 

297 536 418 
564 821 397 
831 794 256 

378 942 165 
645 178 923 
912 365 874 
===========
123 457 689 
456 289 731 
789 613 542 

297 536 418 
564 821 397 
831 794 265 

378 942 156 
645 178 923 
912 365 874 
===========
123 457 689 
456 289 731 
789 613 542 

297 536 418 
564 891 273 
831 742 956 

378 965 124 
645 128 397 
912 374 865 
===========
123 457 689 
456 289 731 
789 613 542 

297 536 418 
564 891 273 
831 742 965 

378 965 124 
645 128 397 
912 374 856 
===========
123 457 689 
456 289 731 
789 613 542 

297 536 418 
564 891 273 
831 742 956 

378 964 125 
645 128 397 
912 375 864 
===========
123 457 689 
456 289 731 
789 613 542 

297 536 814 
564 891 327 
831 742 956 

378 924 165 
645 178 293 
912 365 478 
===========
123 457 689 
456 289 731 
789 613 542 

297 536 814 
564 891 327 
831 742 965 

378 924 156 
645 178 293 
912 365 478 
===========
123 457 689 
456 289 731 
789 613 542 

297 536 814 
564 891 273 
831 724 965 

378 945 126 
645 172 398 
912 368 457 
===========
123 457 689 
456 289 731 
789 613 542 

297 536 814 
564 891 327 
831 724 956 

378 942 165 
645 178 293 
912 365 478 
===========
123 457 689 
456 289 731 
789 613 542 

297 536 814 
564 891 327 
831 724 965 

378 942 156 
645 178 293 
912 365 478 
===========
123 457 689 
456 289 731 
789 613 542 

297 536 814 
564 821 397 
831 794 256 

378 942 165 
645 178 923 
912 365 478 
===========
123 457 689 
456 289 731 
789 613 542 

297 536 814 
564 821 397 
831 794 265 

378 942 156 
645 178 923 
912 365 478 
===========
123 457 689 
456 289 731 
789 613 542 

297 536 814 
564 821 973 
831 794 265 

378 945 126 
645 172 398 
912 368 457 
===========
123 457 689 
456 289 731 
789 613 542 

297 536 814 
564 891 273 
831 742 956 

378 964 125 
645 128 397 
912 375 468 
===========
123 457 689 
456 289 731 
789 613 542 

297 541 368 
564 832 197 
831 796 254 

378 925 416 
645 178 923 
912 364 875 
===========
123 457 689 
456 289 731 
789 613 542 

297 541 368 
564 832 917 
831 796 425 

378 924 156 
645 178 293 
912 365 874 
===========
123 457 689 
456 289 731 
789 613 542 

297 541 368 
564 832 197 
831 796 425 

378 965 214 
645 128 973 
912 374 856 
===========
123 457 689 
456 289 731 
789 613 542 

297 546 318 
564 831 297 
831 792 456 

378 925 164 
645 178 923 
912 364 875 
===========
123 457 689 
456 289 731 
789 613 542 

297 546 318 
564 831 297 
831 792 456 

378 924 165 
645 178 923 
912 365 874 
===========
123 457 689 
456 289 731 
789 613 542 

297 546 318 
564 831 297 
831 792 465 

378 924 156 
645 178 923 
912 365 874 
===========
123 457 689 
456 289 731 
789 613 542 

297 546 318 
564 831 927 
831 792 456 

378 925 164 
645 178 293 
912 364 875 
===========
