123 457 689 
456 298 137 
789 316 245 

297 834 516 
564 921 378 
831 765 492 

378 642 951 
645 189 723 
912 573 864 
===========
123 457 689 
456 298 137 
789 316 245 

297 834 516 
564 921 378 
831 765 492 

378 642 951 
645 179 823 
912 583 764 
===========
123 457 689 
456 298 137 
789 316 245 

297 834 516 
564 921 873 
831 765 492 

378 642 951 
645 179 328 
912 583 764 
===========
123 457 689 
456 298 137 
789 316 245 

297 835 416 
564 921 378 
831 764 952 

378 649 521 
645 182 793 
912 573 864 
===========
123 457 689 
456 298 137 
789 316 245 

297 835 416 
564 921 378 
831 764 592 

378 642 951 
645 189 723 
912 573 864 
===========
123 457 689 
456 298 137 
789 316 245 

297 835 416 
564 921 378 
831 764 952 

378 642 591 
645 189 723 
912 573 864 
===========
123 457 689 
456 298 137 
789 316 245 

297 835 416 
564 921 378 
831 764 952 

378 649 521 
645 172 893 
912 583 764 
===========
123 457 689 
456 298 137 
789 316 245 

297 835 416 
564 921 378 
831 764 592 

378 642 951 
645 179 823 
912 583 764 
===========
123 457 689 
456 298 137 
789 316 245 

297 835 416 
564 921 378 
831 764 952 

378 642 591 
645 179 823 
912 583 764 
===========
123 457 689 
456 298 137 
789 316 245 

297 835 416 
564 921 873 
831 764 952 

378 649 521 
645 172 398 
912 583 764 
===========
123 457 689 
456 298 137 
789 316 245 

297 835 416 
564 921 873 
831 764 592 

378 642 951 
645 179 328 
912 583 764 
===========
123 457 689 
456 298 137 
789 316 245 

297 835 416 
564 921 873 
831 764 952 

378 642 591 
645 179 328 
912 583 764 
===========
123 457 689 
456 298 137 
789 316 245 

297 841 356 
564 932 871 
831 765 492 

378 629 514 
645 173 928 
912 584 763 
===========
123 457 689 
456 298 137 
789 316 245 

297 841 563 
564 932 718 
831 765 924 

378 629 451 
645 173 892 
912 584 376 
===========
123 457 689 
456 298 137 
789 316 245 

297 845 316 
564 931 728 
831 762 594 

378 629 451 
645 183 972 
912 574 863 
===========
123 457 689 
456 298 137 
789 316 245 

297 845 316 
564 931 872 
831 762 594 

378 624 951 
645 189 723 
912 573 468 
===========
123 457 689 
456 298 137 
789 316 245 

297 845 316 
564 931 872 
831 762 954 

378 624 591 
645 189 723 
912 573 468 
===========
123 457 689 
456 298 137 
789 316 245 

297 845 316 
564 931 872 
831 762 594 

378 629 451 
645 173 928 
912 584 763 
===========
123 457 689 
456 298 137 
789 316 245 

297 861 354 
564 932 718 
831 745 962 

378 624 591 
645 179 823 
912 583 476 
===========
123 457 689 
456 298 137 
789 316 245 

297 861 453 
564 932 718 
831 745 926 

378 624 591 
645 189 372 
912 573 864 
===========
123 457 689 
456 298 137 
789 316 245 

297 861 453 
564 932 871 
831 745 926 

378 629 514 
645 183 792 
912 574 368 
===========
123 457 689 
456 298 137 
789 316 245 

297 864 351 
564 931 728 
831 725 496 

378 649 512 
645 182 973 
912 573 864 
===========
123 457 689 
456 298 137 
789 316 245 

297 864 351 
564 931 728 
831 725 964 

378 649 512 
645 172 893 
912 583 476 
===========
123 457 689 
456 298 137 
789 316 245 

297 864 513 
564 931 728 
831 725 496 

378 642 951 
645 189 372 
912 573 864 
===========
123 457 689 
456 298 137 
789 316 245 

297 864 513 
564 931 872 
831 725 496 

378 642 951 
645 179 328 
912 583 764 
===========
123 457 689 
456 298 137 
789 316 245 

297 865 314 
564 931 728 
831 742 596 

378 629 451 
645 183 972 
912 574 863 
===========
123 457 689 
456 298 137 
789 316 245 

297 865 314 
564 931 872 
831 742 596 

378 624 951 
645 189 723 
912 573 468 
===========
123 457 689 
456 298 137 
789 316 245 

297 865 314 
564 931 872 
831 742 956 

378 624 591 
645 189 723 
912 573 468 
===========
123 457 689 
456 298 137 
789 316 245 

297 865 314 
564 931 872 
831 724 956 

378 649 521 
645 182 793 
912 573 468 
===========
123 457 689 
456 298 137 
789 316 245 

297 865 314 
564 931 872 
831 724 596 

378 642 951 
645 189 723 
912 573 468 
===========
123 457 689 
456 298 137 
789 316 245 

297 865 314 
564 931 872 
831 724 956 

378 642 591 
645 189 723 
912 573 468 
===========
123 457 689 
456 298 137 
789 316 245 

297 865 314 
564 931 872 
831 742 596 

378 629 451 
645 173 928 
912 584 763 
===========
123 457 689 
456 298 137 
789 316 245 

297 865 413 
564 931 728 
831 742 596 

378 624 951 
645 189 372 
912 573 864 
===========
123 457 689 
456 298 137 
789 316 245 

297 865 413 
564 931 728 
831 742 956 

378 624 591 
645 189 372 
912 573 864 
===========
123 457 689 
456 298 137 
789 316 245 

297 865 413 
564 931 728 
831 724 596 

378 642 951 
645 189 372 
912 573 864 
===========
123 457 689 
456 298 137 
789 316 245 

297 865 413 
564 931 728 
831 724 956 

378 642 591 
645 189 372 
912 573 864 
===========
123 457 689 
456 298 137 
789 316 245 

297 865 413 
564 931 872 
831 742 596 

378 624 951 
645 179 328 
912 583 764 
===========
123 457 689 
456 298 137 
789 316 245 

297 865 413 
564 931 872 
831 742 956 

378 624 591 
645 179 328 
912 583 764 
===========
123 457 689 
456 298 137 
789 316 245 

297 865 413 
564 931 872 
831 724 956 

378 649 521 
645 172 398 
912 583 764 
===========
123 457 689 
456 298 137 
789 316 245 

297 865 413 
564 931 872 
831 724 596 

378 642 951 
645 179 328 
912 583 764 
===========
123 457 689 
456 298 137 
789 316 245 

297 865 413 
564 931 872 
831 724 956 

378 642 591 
645 179 328 
912 583 764 
===========
123 457 689 
456 298 137 
789 316 245 

297 834 516 
564 721 398 
831 965 472 

378 642 951 
645 189 723 
912 573 864 
===========
123 457 689 
456 298 137 
789 316 245 

297 834 516 
564 721 893 
831 965 724 

378 642 951 
645 189 372 
912 573 468 
===========
123 457 689 
456 298 137 
789 316 245 

297 834 516 
564 721 398 
831 965 472 

378 642 951 
645 179 823 
912 583 764 
===========
123 457 689 
456 298 137 
789 316 245 

297 834 516 
564 721 893 
831 965 472 

378 642 951 
645 179 328 
912 583 764 
===========
123 457 689 
456 298 137 
789 316 245 

297 835 416 
564 721 398 
831 964 752 

378 649 521 
645 182 973 
912 573 864 
===========
123 457 689 
456 298 137 
789 316 245 

297 835 416 
564 721 398 
831 964 572 

378 642 951 
645 189 723 
912 573 864 
===========
123 457 689 
456 298 137 
789 316 245 

297 835 416 
564 721 398 
831 964 572 

378 642 951 
645 179 823 
912 583 764 
===========
123 457 689 
456 298 137 
789 316 245 

297 835 416 
564 721 893 
831 964 572 

378 642 951 
645 179 328 
912 583 764 
===========
123 457 689 
456 298 137 
789 316 245 

297 841 356 
564 732 918 
831 965 472 

378 624 591 
645 189 723 
912 573 864 
===========
123 457 689 
456 298 137 
789 316 245 

297 841 356 
564 732 891 
831 965 472 

378 629 514 
645 173 928 
912 584 763 
===========
123 457 689 
456 298 137 
789 316 245 

297 841 356 
564 732 918 
831 965 472 

378 624 591 
645 179 823 
912 583 764 
===========
123 457 689 
456 298 137 
789 316 245 

297 841 563 
564 732 918 
831 965 724 

378 629 451 
645 173 892 
912 584 376 
===========
123 457 689 
456 298 137 
789 316 245 

297 845 316 
564 731 892 
831 962 574 

378 624 951 
645 189 723 
912 573 468 
===========
123 457 689 
456 298 137 
789 316 245 

297 845 316 
564 731 928 
831 962 574 

378 629 451 
645 183 792 
912 574 863 
===========
123 457 689 
456 298 137 
789 316 245 

297 845 316 
564 731 892 
831 962 574 

378 629 451 
645 173 928 
912 584 763 
===========
123 457 689 
456 298 137 
789 316 245 

297 845 316 
564 731 928 
831 962 574 

378 629 451 
645 173 892 
912 584 763 
===========
123 457 689 
456 298 137 
789 316 245 

297 861 354 
564 732 918 
831 945 762 

378 624 591 
645 179 823 
912 583 476 
===========
123 457 689 
456 298 137 
789 316 245 

297 861 453 
564 732 891 
831 945 726 

378 629 514 
645 183 972 
912 574 368 
===========
123 457 689 
456 298 137 
789 316 245 

297 861 453 
564 732 918 
831 945 726 

378 624 591 
645 189 372 
912 573 864 
===========
123 457 689 
456 298 137 
789 316 245 

297 861 453 
564 732 891 
831 945 762 

378 629 514 
645 173 928 
912 584 376 
===========
123 457 689 
456 298 137 
789 316 245 

297 864 351 
564 731 928 
831 925 476 

378 649 512 
645 182 793 
912 573 864 
===========
123 457 689 
456 298 137 
789 316 245 

297 864 351 
564 731 928 
831 925 476 

378 649 512 
645 172 893 
912 583 764 
===========
123 457 689 
456 298 137 
789 316 245 

297 864 351 
564 731 928 
831 925 764 

378 649 512 
645 172 893 
912 583 476 
===========
123 457 689 
456 298 137 
789 316 245 

297 864 513 
564 731 892 
831 925 476 

378 642 951 
645 179 328 
912 583 764 
===========
123 457 689 
456 298 137 
789 316 245 

297 864 513 
564 731 892 
831 925 764 

378 642 951 
645 179 328 
912 583 476 
===========
123 457 689 
456 298 137 
789 316 245 

297 865 314 
564 731 892 
831 942 576 

378 624 951 
645 189 723 
912 573 468 
===========
123 457 689 
456 298 137 
789 316 245 

297 865 314 
564 731 928 
831 942 576 

378 629 451 
645 183 792 
912 574 863 
===========
123 457 689 
456 298 137 
789 316 245 

297 865 314 
564 731 892 
831 924 756 

378 649 521 
645 182 973 
912 573 468 
===========
123 457 689 
456 298 137 
789 316 245 

297 865 314 
564 731 892 
831 924 576 

378 642 951 
645 189 723 
912 573 468 
===========
123 457 689 
456 298 137 
789 316 245 

297 865 314 
564 731 892 
831 942 576 

378 629 451 
645 173 928 
912 584 763 
===========
123 457 689 
456 298 137 
789 316 245 

297 865 314 
564 731 928 
831 942 576 

378 629 451 
645 173 892 
912 584 763 
===========
123 457 689 
456 298 137 
789 316 245 

297 865 413 
564 731 928 
831 942 756 

378 624 591 
645 189 372 
912 573 864 
===========
123 457 689 
456 298 137 
789 316 245 

297 865 413 
564 731 928 
831 924 756 

378 642 591 
645 189 372 
912 573 864 
===========
123 457 689 
456 298 137 
789 316 245 

297 865 413 
564 731 892 
831 942 576 

378 624 951 
645 179 328 
912 583 764 
===========
123 457 689 
456 298 137 
789 316 245 

297 865 413 
564 731 892 
831 924 576 

378 642 951 
645 179 328 
912 583 764 
===========
123 457 689 
456 298 137 
789 316 245 

297 831 456 
564 729 318 
831 645 792 

378 964 521 
645 182 973 
912 573 864 
===========
123 457 689 
456 298 137 
789 316 245 

297 831 456 
564 729 318 
831 645 972 

378 964 521 
645 182 793 
912 573 864 
===========
123 457 689 
456 298 137 
789 316 245 

297 831 456 
564 729 318 
831 645 972 

378 964 521 
645 172 893 
912 583 764 
===========
123 457 689 
456 298 137 
789 316 245 

297 831 456 
564 729 813 
831 645 972 

378 964 521 
645 172 398 
912 583 764 
===========
123 457 689 
456 298 137 
789 316 245 

297 831 564 
564 729 813 
831 645 792 

378 962 451 
645 173 928 
912 584 376 
===========
123 457 689 
456 298 137 
789 316 245 

297 835 416 
564 721 398 
831 649 752 

378 964 521 
645 182 973 
912 573 864 
===========
123 457 689 
456 298 137 
789 316 245 

297 835 461 
564 721 893 
831 649 752 

378 962 514 
645 173 928 
912 584 376 
===========
123 457 689 
456 298 137 
789 316 245 

297 841 356 
564 739 812 
831 625 794 

378 964 521 
645 182 973 
912 573 468 
===========
123 457 689 
456 298 137 
789 316 245 

297 841 356 
564 739 812 
831 625 974 

378 964 521 
645 182 793 
912 573 468 
===========
123 457 689 
456 298 137 
789 316 245 

297 841 356 
564 739 821 
831 625 794 

378 964 512 
645 182 973 
912 573 468 
===========
123 457 689 
456 298 137 
789 316 245 

297 841 356 
564 739 821 
831 625 974 

378 964 512 
645 182 793 
912 573 468 
===========
123 457 689 
456 298 137 
789 316 245 

297 841 563 
564 739 812 
831 625 794 

378 962 451 
645 173 928 
912 584 376 
===========
123 457 689 
456 298 137 
789 316 245 

297 845 316 
564 731 892 
831 629 754 

378 964 521 
645 182 973 
912 573 468 
===========
123 457 689 
456 298 137 
789 316 245 

297 845 316 
564 731 928 
831 629 574 

378 962 451 
645 183 792 
912 574 863 
===========
123 457 689 
456 298 137 
789 316 245 

297 845 316 
564 731 892 
831 629 574 

378 962 451 
645 173 928 
912 584 763 
===========
123 457 689 
456 298 137 
789 316 245 

297 845 316 
564 731 928 
831 629 574 

378 962 451 
645 173 892 
912 584 763 
===========
123 457 689 
456 298 137 
789 316 245 

297 845 361 
564 731 928 
831 629 754 

378 964 512 
645 172 893 
912 583 476 
===========
123 457 689 
456 298 137 
789 316 245 

297 631 458 
564 829 371 
831 745 926 

378 964 512 
645 182 793 
912 573 864 
===========
123 457 689 
456 298 137 
789 316 245 

297 631 458 
564 829 371 
831 745 926 

378 962 514 
645 183 792 
912 574 863 
===========
123 457 689 
456 298 137 
789 316 245 

297 631 458 
564 829 371 
831 745 926 

378 964 512 
645 172 893 
912 583 764 
===========
123 457 689 
456 298 137 
789 316 245 

297 631 458 
564 829 371 
831 745 926 

378 962 514 
645 173 892 
912 584 763 
===========
123 457 689 
456 298 137 
789 316 245 

297 631 854 
564 829 371 
831 745 926 

378 964 512 
645 182 793 
912 573 468 
===========
123 457 689 
456 298 137 
789 316 245 

297 631 854 
564 829 713 
831 745 962 

378 964 521 
645 172 398 
912 583 476 
===========
123 457 689 
456 298 137 
789 316 245 

297 635 814 
564 821 793 
831 749 526 

378 962 451 
645 183 972 
912 574 368 
===========
123 457 689 
456 298 137 
789 316 245 

297 635 814 
564 821 973 
831 749 526 

378 962 451 
645 183 792 
912 574 368 
===========
123 457 689 
456 298 137 
789 316 245 

297 635 814 
564 821 793 
831 749 562 

378 962 451 
645 173 928 
912 584 376 
===========
123 457 689 
456 298 137 
789 316 245 

297 641 358 
564 839 712 
831 725 496 

378 964 521 
645 182 973 
912 573 864 
===========
123 457 689 
456 298 137 
789 316 245 

297 641 358 
564 839 721 
831 725 496 

378 964 512 
645 182 973 
912 573 864 
===========
123 457 689 
456 298 137 
789 316 245 

297 641 358 
564 839 721 
831 725 496 

378 962 514 
645 183 972 
912 574 863 
===========
123 457 689 
456 298 137 
789 316 245 

297 641 358 
564 839 712 
831 725 964 

378 964 521 
645 172 893 
912 583 476 
===========
123 457 689 
456 298 137 
789 316 245 

297 641 358 
564 839 721 
831 725 964 

378 964 512 
645 172 893 
912 583 476 
===========
123 457 689 
456 298 137 
789 316 245 

297 641 853 
564 839 721 
831 725 496 

378 962 514 
645 183 972 
912 574 368 
===========
123 457 689 
456 298 137 
789 316 245 

297 641 853 
564 839 712 
831 725 964 

378 964 521 
645 172 398 
912 583 476 
===========
123 457 689 
456 298 137 
789 316 245 

297 641 853 
564 839 721 
831 725 964 

378 964 512 
645 172 398 
912 583 476 
===========
123 457 689 
456 298 137 
789 316 245 

297 645 318 
564 831 792 
831 729 456 

378 964 521 
645 182 973 
912 573 864 
===========
123 457 689 
456 298 137 
789 316 245 

297 645 318 
564 831 972 
831 729 456 

378 964 521 
645 182 793 
912 573 864 
===========
123 457 689 
456 298 137 
789 316 245 

297 645 318 
564 831 972 
831 729 456 

378 964 521 
645 172 893 
912 583 764 
===========
123 457 689 
456 298 137 
789 316 245 

297 645 813 
564 831 792 
831 729 564 

378 962 451 
645 173 928 
912 584 376 
===========
123 457 689 
456 298 137 
789 316 245 

297 645 813 
564 831 972 
831 729 456 

378 964 521 
645 172 398 
912 583 764 
===========
123 457 689 
456 298 137 
789 316 245 

297 831 456 
564 972 318 
831 645 792 

378 129 564 
645 783 921 
912 564 873 
===========
123 457 689 
456 298 137 
789 316 245 

297 831 456 
564 972 813 
831 645 792 

378 129 564 
645 783 921 
912 564 378 
===========
123 457 689 
456 298 137 
789 316 245 

297 831 456 
564 972 318 
831 645 972 

378 169 524 
645 723 891 
912 584 763 
===========
123 457 689 
456 298 137 
789 316 245 

297 831 564 
564 972 318 
831 645 792 

378 129 456 
645 783 921 
912 564 873 
===========
123 457 689 
456 298 137 
789 316 245 

297 831 564 
564 972 813 
831 645 792 

378 124 956 
645 789 321 
912 563 478 
===========
123 457 689 
456 298 137 
789 316 245 

297 831 564 
564 972 813 
831 645 792 

378 129 456 
645 783 921 
912 564 378 
===========
123 457 689 
456 298 137 
789 316 245 

297 834 516 
564 971 823 
831 625 974 

378 169 452 
645 782 391 
912 543 768 
===========
123 457 689 
456 298 137 
789 316 245 

297 834 516 
564 921 873 
831 675 924 

378 169 452 
645 782 391 
912 543 768 
===========
123 457 689 
456 298 137 
789 316 245 

297 834 516 
564 921 873 
831 675 492 

378 162 954 
645 789 321 
912 543 768 
===========
123 457 689 
456 298 137 
789 316 245 

297 834 561 
564 971 328 
831 625 794 

378 169 452 
645 782 913 
912 543 876 
===========
123 457 689 
456 298 137 
789 316 245 

297 834 561 
564 971 823 
831 625 794 

378 142 956 
645 789 312 
912 563 478 
===========
123 457 689 
456 298 137 
789 316 245 

297 835 416 
564 921 873 
831 674 952 

378 169 524 
645 782 391 
912 543 768 
===========
123 457 689 
456 298 137 
789 316 245 

297 835 416 
564 921 873 
831 674 592 

378 162 954 
645 789 321 
912 543 768 
===========
123 457 689 
456 298 137 
789 316 245 

297 835 416 
564 921 873 
831 674 952 

378 162 594 
645 789 321 
912 543 768 
===========
123 457 689 
456 298 137 
789 316 245 

297 841 356 
564 923 871 
831 675 492 

378 169 524 
645 782 913 
912 534 768 
===========
123 457 689 
456 298 137 
789 316 245 

297 841 356 
564 932 718 
831 675 492 

378 129 564 
645 783 921 
912 564 873 
===========
123 457 689 
456 298 137 
789 316 245 

297 841 356 
564 932 871 
831 675 492 

378 169 524 
645 723 918 
912 584 763 
===========
123 457 689 
456 298 137 
789 316 245 

297 841 356 
564 923 871 
831 675 492 

378 169 524 
645 732 918 
912 584 763 
===========
123 457 689 
456 298 137 
789 316 245 

297 841 563 
564 923 718 
831 675 924 

378 169 452 
645 782 391 
912 534 876 
===========
123 457 689 
456 298 137 
789 316 245 

297 841 563 
564 923 718 
831 675 492 

378 162 954 
645 789 321 
912 534 876 
===========
123 457 689 
456 298 137 
789 316 245 

297 841 563 
564 932 718 
831 675 492 

378 124 956 
645 789 321 
912 563 874 
===========
123 457 689 
456 298 137 
789 316 245 

297 841 563 
564 932 718 
831 675 924 

378 169 452 
645 723 891 
912 584 376 
===========
123 457 689 
456 298 137 
789 316 245 

297 841 563 
564 973 821 
831 625 794 

378 169 452 
645 732 918 
912 584 376 
===========
123 457 689 
456 298 137 
789 316 245 

297 841 563 
564 923 718 
831 675 924 

378 169 452 
645 732 891 
912 584 376 
===========
123 457 689 
456 298 137 
789 316 245 

297 841 563 
564 923 718 
831 675 492 

378 162 954 
645 739 821 
912 584 376 
===========
123 457 689 
456 298 137 
789 316 245 

297 843 516 
564 971 823 
831 625 974 

378 169 452 
645 782 391 
912 534 768 
===========
123 457 689 
456 298 137 
789 316 245 

297 843 516 
564 921 873 
831 675 924 

378 169 452 
645 782 391 
912 534 768 
===========
123 457 689 
456 298 137 
789 316 245 

297 843 516 
564 921 873 
831 675 492 

378 162 954 
645 789 321 
912 534 768 
===========
123 457 689 
456 298 137 
789 316 245 

297 843 516 
564 971 328 
831 625 974 

378 169 452 
645 732 891 
912 584 763 
===========
123 457 689 
456 298 137 
789 316 245 

297 843 516 
564 921 378 
831 675 924 

378 169 452 
645 732 891 
912 584 763 
===========
123 457 689 
456 298 137 
789 316 245 

297 843 516 
564 921 378 
831 675 492 

378 162 954 
645 739 821 
912 584 763 
===========
123 457 689 
456 298 137 
789 316 245 

297 843 561 
564 971 328 
831 625 794 

378 169 452 
645 782 913 
912 534 876 
===========
123 457 689 
456 298 137 
789 316 245 

297 843 561 
564 971 823 
831 625 794 

378 169 452 
645 732 918 
912 584 376 
===========
123 457 689 
456 298 137 
789 316 245 

297 845 361 
564 931 728 
831 672 594 

378 129 456 
645 783 912 
912 564 873 
===========
123 457 689 
456 298 137 
789 316 245 

297 845 361 
564 931 728 
831 672 594 

378 164 952 
645 729 813 
912 583 476 
===========
123 457 689 
456 298 137 
789 316 245 

297 845 361 
564 931 728 
831 672 954 

378 164 592 
645 729 813 
912 583 476 
===========
123 457 689 
456 298 137 
789 316 245 

297 631 458 
564 872 391 
831 945 726 

378 129 564 
645 783 912 
912 564 873 
===========
123 457 689 
456 298 137 
789 316 245 

297 631 458 
564 872 913 
831 945 762 

378 124 596 
645 789 321 
912 563 874 
===========
123 457 689 
456 298 137 
789 316 245 

297 631 458 
564 872 913 
831 945 762 

378 169 524 
645 723 891 
912 584 376 
===========
123 457 689 
456 298 137 
789 316 245 

297 631 854 
564 872 913 
831 945 762 

378 124 596 
645 789 321 
912 563 478 
===========
123 457 689 
456 298 137 
789 316 245 

297 634 518 
564 871 923 
831 925 764 

378 169 452 
645 782 391 
912 543 876 
===========
123 457 689 
456 298 137 
789 316 245 

297 634 518 
564 821 793 
831 975 462 

378 162 954 
645 789 321 
912 543 876 
===========
123 457 689 
456 298 137 
789 316 245 

297 634 518 
564 821 793 
831 975 462 

378 142 956 
645 789 321 
912 563 874 
===========
123 457 689 
456 298 137 
789 316 245 

297 634 851 
564 871 392 
831 925 476 

378 169 524 
645 782 913 
912 543 768 
===========
123 457 689 
456 298 137 
789 316 245 

297 634 851 
564 871 923 
831 925 476 

378 162 594 
645 789 312 
912 543 768 
===========
123 457 689 
456 298 137 
789 316 245 

297 634 851 
564 821 973 
831 975 426 

378 162 594 
645 789 312 
912 543 768 
===========
123 457 689 
456 298 137 
789 316 245 

297 634 851 
564 871 392 
831 925 764 

378 149 526 
645 782 913 
912 563 478 
===========
123 457 689 
456 298 137 
789 316 245 

297 634 851 
564 871 923 
831 925 764 

378 142 596 
645 789 312 
912 563 478 
===========
123 457 689 
456 298 137 
789 316 245 

297 635 418 
564 821 793 
831 974 562 

378 162 954 
645 789 321 
912 543 876 
===========
123 457 689 
456 298 137 
789 316 245 

297 635 418 
564 871 392 
831 942 756 

378 129 564 
645 783 921 
912 564 873 
===========
123 457 689 
456 298 137 
789 316 245 

297 635 418 
564 871 923 
831 924 756 

378 149 562 
645 782 391 
912 563 874 
===========
123 457 689 
456 298 137 
789 316 245 

297 635 418 
564 821 793 
831 974 562 

378 142 956 
645 789 321 
912 563 874 
===========
123 457 689 
456 298 137 
789 316 245 

297 635 814 
564 871 923 
831 924 576 

378 169 452 
645 782 391 
912 543 768 
===========
123 457 689 
456 298 137 
789 316 245 

297 635 814 
564 821 973 
831 974 526 

378 169 452 
645 782 391 
912 543 768 
===========
123 457 689 
456 298 137 
789 316 245 

297 635 814 
564 871 923 
831 924 756 

378 149 562 
645 782 391 
912 563 478 
===========
123 457 689 
456 298 137 
789 316 245 

297 635 814 
564 821 793 
831 974 562 

378 142 956 
645 789 321 
912 563 478 
===========
123 457 689 
456 298 137 
789 316 245 

297 641 358 
564 823 791 
831 975 462 

378 169 524 
645 782 913 
912 534 876 
===========
123 457 689 
456 298 137 
789 316 245 

297 641 358 
564 832 791 
831 975 426 

378 129 564 
645 783 912 
912 564 873 
===========
123 457 689 
456 298 137 
789 316 245 

297 641 358 
564 832 971 
831 975 426 

378 164 592 
645 729 813 
912 583 764 
===========
123 457 689 
456 298 137 
789 316 245 

297 641 358 
564 873 912 
831 925 476 

378 169 524 
645 732 891 
912 584 763 
===========
123 457 689 
456 298 137 
789 316 245 

297 641 358 
564 873 912 
831 925 476 

378 162 594 
645 739 821 
912 584 763 
===========
123 457 689 
456 298 137 
789 316 245 

297 641 358 
564 873 921 
831 925 476 

378 162 594 
645 739 812 
912 584 763 
===========
123 457 689 
456 298 137 
789 316 245 

297 641 358 
564 823 971 
831 975 426 

378 162 594 
645 739 812 
912 584 763 
===========
123 457 689 
456 298 137 
789 316 245 

297 641 853 
564 873 912 
831 925 476 

378 169 524 
645 782 391 
912 534 768 
===========
123 457 689 
456 298 137 
789 316 245 

297 641 853 
564 873 912 
831 925 476 

378 162 594 
645 789 321 
912 534 768 
===========
123 457 689 
456 298 137 
789 316 245 

297 641 853 
564 873 921 
831 925 476 

378 162 594 
645 789 312 
912 534 768 
===========
123 457 689 
456 298 137 
789 316 245 

297 641 853 
564 823 971 
831 975 426 

378 162 594 
645 789 312 
912 534 768 
===========
123 457 689 
456 298 137 
789 316 245 

297 641 853 
564 832 791 
831 975 426 

378 129 564 
645 783 912 
912 564 378 
===========
123 457 689 
456 298 137 
789 316 245 

297 641 853 
564 832 791 
831 975 462 

378 169 524 
645 723 918 
912 584 376 
===========
123 457 689 
456 298 137 
789 316 245 

297 641 853 
564 832 971 
831 975 426 

378 164 592 
645 729 318 
912 583 764 
===========
123 457 689 
456 298 137 
789 316 245 

297 641 853 
564 823 791 
831 975 462 

378 169 524 
645 732 918 
912 584 376 
===========
123 457 689 
456 298 137 
789 316 245 

297 643 518 
564 871 923 
831 925 764 

378 169 452 
645 782 391 
912 534 876 
===========
123 457 689 
456 298 137 
789 316 245 

297 643 518 
564 821 793 
831 975 462 

378 162 954 
645 789 321 
912 534 876 
===========
123 457 689 
456 298 137 
789 316 245 

297 643 518 
564 871 392 
831 925 476 

378 162 954 
645 739 821 
912 584 763 
===========
123 457 689 
456 298 137 
789 316 245 

297 643 518 
564 871 923 
831 925 764 

378 169 452 
645 732 891 
912 584 376 
===========
123 457 689 
456 298 137 
789 316 245 

297 643 518 
564 821 793 
831 975 462 

378 162 954 
645 739 821 
912 584 376 
===========
123 457 689 
456 298 137 
789 316 245 

297 643 851 
564 871 392 
831 925 476 

378 169 524 
645 782 913 
912 534 768 
===========
123 457 689 
456 298 137 
789 316 245 

297 643 851 
564 871 923 
831 925 476 

378 162 594 
645 789 312 
912 534 768 
===========
123 457 689 
456 298 137 
789 316 245 

297 643 851 
564 821 973 
831 975 426 

378 162 594 
645 789 312 
912 534 768 
===========
123 457 689 
456 298 137 
789 316 245 

297 643 851 
564 871 392 
831 925 476 

378 169 524 
645 732 918 
912 584 763 
===========
123 457 689 
456 298 137 
789 316 245 

297 643 851 
564 821 793 
831 975 462 

378 169 524 
645 732 918 
912 584 376 
===========
123 457 689 
456 298 137 
789 316 245 

297 645 318 
564 831 792 
831 972 456 

378 129 564 
645 783 921 
912 564 873 
===========
123 457 689 
456 298 137 
789 316 245 

297 645 318 
564 831 792 
831 972 564 

378 129 456 
645 783 921 
912 564 873 
===========
123 457 689 
456 298 137 
789 316 245 

297 645 318 
564 831 972 
831 972 456 

378 169 524 
645 723 891 
912 584 763 
===========
123 457 689 
456 298 137 
789 316 245 

297 645 813 
564 831 792 
831 972 564 

378 124 956 
645 789 321 
912 563 478 
===========
123 457 689 
456 298 137 
789 316 245 

297 645 813 
564 831 792 
831 972 456 

378 129 564 
645 783 921 
912 564 378 
===========
