123 457 689 
456 298 137 
789 316 254 

297 834 561 
564 921 378 
831 765 492 

378 642 915 
645 189 723 
912 573 846 
===========
123 457 689 
456 298 137 
789 316 254 

297 834 561 
564 921 378 
831 765 492 

378 642 915 
645 179 823 
912 583 746 
===========
123 457 689 
456 298 137 
789 316 254 

297 834 561 
564 921 873 
831 765 492 

378 642 915 
645 179 328 
912 583 746 
===========
123 457 689 
456 298 137 
789 316 254 

297 835 461 
564 921 378 
831 764 925 

378 649 512 
645 182 793 
912 573 846 
===========
123 457 689 
456 298 137 
789 316 254 

297 835 461 
564 921 378 
831 764 592 

378 642 915 
645 189 723 
912 573 846 
===========
123 457 689 
456 298 137 
789 316 254 

297 835 461 
564 921 378 
831 764 925 

378 649 512 
645 172 893 
912 583 746 
===========
123 457 689 
456 298 137 
789 316 254 

297 835 461 
564 921 378 
831 764 592 

378 642 915 
645 179 823 
912 583 746 
===========
123 457 689 
456 298 137 
789 316 254 

297 835 461 
564 921 873 
831 764 925 

378 649 512 
645 172 398 
912 583 746 
===========
123 457 689 
456 298 137 
789 316 254 

297 835 461 
564 921 873 
831 764 592 

378 642 915 
645 179 328 
912 583 746 
===========
123 457 689 
456 298 137 
789 316 254 

297 841 365 
564 932 718 
831 765 942 

378 624 591 
645 179 823 
912 583 476 
===========
123 457 689 
456 298 137 
789 316 254 

297 841 563 
564 932 871 
831 765 492 

378 624 915 
645 179 328 
912 583 746 
===========
123 457 689 
456 298 137 
789 316 254 

297 845 316 
564 931 728 
831 762 495 

378 629 541 
645 183 972 
912 574 863 
===========
123 457 689 
456 298 137 
789 316 254 

297 845 316 
564 931 872 
831 762 945 

378 624 591 
645 189 723 
912 573 468 
===========
123 457 689 
456 298 137 
789 316 254 

297 845 316 
564 931 872 
831 762 495 

378 629 541 
645 173 928 
912 584 763 
===========
123 457 689 
456 298 137 
789 316 254 

297 861 345 
564 932 718 
831 745 962 

378 624 591 
645 179 823 
912 583 476 
===========
123 457 689 
456 298 137 
789 316 254 

297 861 543 
564 932 871 
831 745 926 

378 629 415 
645 183 792 
912 574 368 
===========
123 457 689 
456 298 137 
789 316 254 

297 864 315 
564 931 872 
831 725 946 

378 649 521 
645 182 793 
912 573 468 
===========
123 457 689 
456 298 137 
789 316 254 

297 864 315 
564 931 872 
831 725 946 

378 642 591 
645 189 723 
912 573 468 
===========
123 457 689 
456 298 137 
789 316 254 

297 865 341 
564 931 728 
831 742 596 

378 629 415 
645 183 972 
912 574 863 
===========
123 457 689 
456 298 137 
789 316 254 

297 865 341 
564 931 872 
831 742 596 

378 624 915 
645 189 723 
912 573 468 
===========
123 457 689 
456 298 137 
789 316 254 

297 865 341 
564 931 872 
831 724 596 

378 642 915 
645 189 723 
912 573 468 
===========
123 457 689 
456 298 137 
789 316 254 

297 865 341 
564 931 872 
831 742 596 

378 629 415 
645 173 928 
912 584 763 
===========
123 457 689 
456 298 137 
789 316 254 

297 865 341 
564 931 728 
831 724 965 

378 649 512 
645 172 893 
912 583 476 
===========
123 457 689 
456 298 137 
789 316 254 

297 865 413 
564 931 728 
831 742 965 

378 624 591 
645 189 372 
912 573 846 
===========
123 457 689 
456 298 137 
789 316 254 

297 865 413 
564 931 728 
831 724 965 

378 642 591 
645 189 372 
912 573 846 
===========
123 457 689 
456 298 137 
789 316 254 

297 865 413 
564 931 728 
831 742 965 

378 629 541 
645 173 892 
912 584 376 
===========
123 457 689 
456 298 137 
789 316 254 

297 865 413 
564 931 872 
831 742 965 

378 624 591 
645 179 328 
912 583 746 
===========
123 457 689 
456 298 137 
789 316 254 

297 865 413 
564 931 872 
831 724 965 

378 649 521 
645 172 398 
912 583 746 
===========
123 457 689 
456 298 137 
789 316 254 

297 865 413 
564 931 872 
831 724 965 

378 642 591 
645 179 328 
912 583 746 
===========
123 457 689 
456 298 137 
789 316 254 

297 834 561 
564 721 398 
831 965 472 

378 642 915 
645 189 723 
912 573 846 
===========
123 457 689 
456 298 137 
789 316 254 

297 834 561 
564 721 398 
831 965 472 

378 642 915 
645 179 823 
912 583 746 
===========
123 457 689 
456 298 137 
789 316 254 

297 834 561 
564 721 398 
831 965 742 

378 642 915 
645 179 823 
912 583 476 
===========
123 457 689 
456 298 137 
789 316 254 

297 834 561 
564 721 893 
831 965 472 

378 642 915 
645 179 328 
912 583 746 
===========
123 457 689 
456 298 137 
789 316 254 

297 834 561 
564 721 893 
831 965 742 

378 642 915 
645 179 328 
912 583 476 
===========
123 457 689 
456 298 137 
789 316 254 

297 835 461 
564 721 398 
831 964 725 

378 649 512 
645 182 973 
912 573 846 
===========
123 457 689 
456 298 137 
789 316 254 

297 835 461 
564 721 398 
831 964 572 

378 642 915 
645 189 723 
912 573 846 
===========
123 457 689 
456 298 137 
789 316 254 

297 835 461 
564 721 398 
831 964 572 

378 642 915 
645 179 823 
912 583 746 
===========
123 457 689 
456 298 137 
789 316 254 

297 835 461 
564 721 893 
831 964 572 

378 642 915 
645 179 328 
912 583 746 
===========
123 457 689 
456 298 137 
789 316 254 

297 841 365 
564 732 918 
831 965 472 

378 624 591 
645 189 723 
912 573 846 
===========
123 457 689 
456 298 137 
789 316 254 

297 841 365 
564 732 918 
831 965 472 

378 624 591 
645 179 823 
912 583 746 
===========
123 457 689 
456 298 137 
789 316 254 

297 841 365 
564 732 918 
831 965 742 

378 624 591 
645 179 823 
912 583 476 
===========
123 457 689 
456 298 137 
789 316 254 

297 841 563 
564 732 891 
831 965 472 

378 624 915 
645 179 328 
912 583 746 
===========
123 457 689 
456 298 137 
789 316 254 

297 841 563 
564 732 891 
831 965 742 

378 624 915 
645 179 328 
912 583 476 
===========
123 457 689 
456 298 137 
789 316 254 

297 841 563 
564 732 891 
831 965 742 

378 629 415 
645 173 928 
912 584 376 
===========
123 457 689 
456 298 137 
789 316 254 

297 845 316 
564 731 928 
831 962 475 

378 629 541 
645 183 792 
912 574 863 
===========
123 457 689 
456 298 137 
789 316 254 

297 845 316 
564 731 892 
831 962 475 

378 629 541 
645 173 928 
912 584 763 
===========
123 457 689 
456 298 137 
789 316 254 

297 845 316 
564 731 928 
831 962 475 

378 629 541 
645 173 892 
912 584 763 
===========
123 457 689 
456 298 137 
789 316 254 

297 861 345 
564 732 918 
831 945 762 

378 624 591 
645 179 823 
912 583 476 
===========
123 457 689 
456 298 137 
789 316 254 

297 861 543 
564 732 891 
831 945 726 

378 624 915 
645 189 372 
912 573 468 
===========
123 457 689 
456 298 137 
789 316 254 

297 861 543 
564 732 891 
831 945 726 

378 629 415 
645 183 972 
912 574 368 
===========
123 457 689 
456 298 137 
789 316 254 

297 861 543 
564 732 891 
831 945 762 

378 624 915 
645 179 328 
912 583 476 
===========
123 457 689 
456 298 137 
789 316 254 

297 861 543 
564 732 891 
831 945 762 

378 629 415 
645 173 928 
912 584 376 
===========
123 457 689 
456 298 137 
789 316 254 

297 864 315 
564 731 892 
831 925 746 

378 649 521 
645 182 973 
912 573 468 
===========
123 457 689 
456 298 137 
789 316 254 

297 865 341 
564 731 892 
831 942 576 

378 624 915 
645 189 723 
912 573 468 
===========
123 457 689 
456 298 137 
789 316 254 

297 865 341 
564 731 928 
831 942 576 

378 629 415 
645 183 792 
912 574 863 
===========
123 457 689 
456 298 137 
789 316 254 

297 865 341 
564 731 892 
831 924 576 

378 642 915 
645 189 723 
912 573 468 
===========
123 457 689 
456 298 137 
789 316 254 

297 865 341 
564 731 892 
831 942 576 

378 629 415 
645 173 928 
912 584 763 
===========
123 457 689 
456 298 137 
789 316 254 

297 865 341 
564 731 928 
831 942 576 

378 629 415 
645 173 892 
912 584 763 
===========
123 457 689 
456 298 137 
789 316 254 

297 865 341 
564 731 928 
831 924 765 

378 649 512 
645 172 893 
912 583 476 
===========
123 457 689 
456 298 137 
789 316 254 

297 865 413 
564 731 928 
831 942 765 

378 624 591 
645 189 372 
912 573 846 
===========
123 457 689 
456 298 137 
789 316 254 

297 865 413 
564 731 928 
831 924 765 

378 642 591 
645 189 372 
912 573 846 
===========
123 457 689 
456 298 137 
789 316 254 

297 865 413 
564 731 892 
831 942 765 

378 629 541 
645 173 928 
912 584 376 
===========
123 457 689 
456 298 137 
789 316 254 

297 865 413 
564 731 928 
831 942 765 

378 629 541 
645 173 892 
912 584 376 
===========
123 457 689 
456 298 137 
789 316 254 

297 831 465 
564 729 318 
831 645 792 

378 964 521 
645 182 973 
912 573 846 
===========
123 457 689 
456 298 137 
789 316 254 

297 831 465 
564 729 318 
831 645 972 

378 964 521 
645 182 793 
912 573 846 
===========
123 457 689 
456 298 137 
789 316 254 

297 831 465 
564 729 318 
831 645 972 

378 964 521 
645 172 893 
912 583 746 
===========
123 457 689 
456 298 137 
789 316 254 

297 831 465 
564 729 813 
831 645 972 

378 964 521 
645 172 398 
912 583 746 
===========
123 457 689 
456 298 137 
789 316 254 

297 831 465 
564 729 813 
831 645 792 

378 962 541 
645 173 928 
912 584 376 
===========
123 457 689 
456 298 137 
789 316 254 

297 835 416 
564 721 398 
831 649 725 

378 962 541 
645 183 972 
912 574 863 
===========
123 457 689 
456 298 137 
789 316 254 

297 835 416 
564 721 893 
831 649 725 

378 962 541 
645 183 972 
912 574 368 
===========
123 457 689 
456 298 137 
789 316 254 

297 835 461 
564 721 398 
831 649 725 

378 964 512 
645 182 973 
912 573 846 
===========
123 457 689 
456 298 137 
789 316 254 

297 845 316 
564 731 892 
831 629 745 

378 964 521 
645 182 973 
912 573 468 
===========
123 457 689 
456 298 137 
789 316 254 

297 845 316 
564 731 928 
831 629 475 

378 962 541 
645 183 792 
912 574 863 
===========
123 457 689 
456 298 137 
789 316 254 

297 845 316 
564 731 892 
831 629 475 

378 962 541 
645 173 928 
912 584 763 
===========
123 457 689 
456 298 137 
789 316 254 

297 845 316 
564 731 928 
831 629 475 

378 962 541 
645 173 892 
912 584 763 
===========
123 457 689 
456 298 137 
789 316 254 

297 845 361 
564 731 928 
831 629 475 

378 964 512 
645 182 793 
912 573 846 
===========
123 457 689 
456 298 137 
789 316 254 

297 845 361 
564 731 928 
831 629 475 

378 964 512 
645 172 893 
912 583 746 
===========
123 457 689 
456 298 137 
789 316 254 

297 845 361 
564 731 928 
831 629 745 

378 964 512 
645 172 893 
912 583 476 
===========
123 457 689 
456 298 137 
789 316 254 

297 631 548 
564 829 371 
831 745 926 

378 962 415 
645 183 792 
912 574 863 
===========
123 457 689 
456 298 137 
789 316 254 

297 631 548 
564 829 371 
831 745 926 

378 962 415 
645 173 892 
912 584 763 
===========
123 457 689 
456 298 137 
789 316 254 

297 631 845 
564 829 371 
831 745 926 

378 964 512 
645 182 793 
912 573 468 
===========
123 457 689 
456 298 137 
789 316 254 

297 631 845 
564 829 713 
831 745 962 

378 964 521 
645 172 398 
912 583 476 
===========
123 457 689 
456 298 137 
789 316 254 

297 635 841 
564 821 793 
831 749 526 

378 962 415 
645 183 972 
912 574 368 
===========
123 457 689 
456 298 137 
789 316 254 

297 635 841 
564 821 973 
831 749 526 

378 962 415 
645 183 792 
912 574 368 
===========
123 457 689 
456 298 137 
789 316 254 

297 635 841 
564 821 793 
831 749 562 

378 962 415 
645 173 928 
912 584 376 
===========
123 457 689 
456 298 137 
789 316 254 

297 645 318 
564 831 792 
831 729 465 

378 964 521 
645 182 973 
912 573 846 
===========
123 457 689 
456 298 137 
789 316 254 

297 645 318 
564 831 972 
831 729 465 

378 964 521 
645 182 793 
912 573 846 
===========
123 457 689 
456 298 137 
789 316 254 

297 645 318 
564 831 972 
831 729 465 

378 964 521 
645 172 893 
912 583 746 
===========
123 457 689 
456 298 137 
789 316 254 

297 645 813 
564 831 792 
831 729 465 

378 962 541 
645 173 928 
912 584 376 
===========
123 457 689 
456 298 137 
789 316 254 

297 645 813 
564 831 972 
831 729 465 

378 964 521 
645 172 398 
912 583 746 
===========
123 457 689 
456 298 137 
789 316 254 

297 831 465 
564 972 318 
831 645 792 

378 129 546 
645 783 921 
912 564 873 
===========
123 457 689 
456 298 137 
789 316 254 

297 831 465 
564 972 813 
831 645 972 

378 124 596 
645 789 321 
912 563 748 
===========
123 457 689 
456 298 137 
789 316 254 

297 831 465 
564 972 813 
831 645 792 

378 129 546 
645 783 921 
912 564 378 
===========
123 457 689 
456 298 137 
789 316 254 

297 831 546 
564 972 318 
831 645 792 

378 129 465 
645 783 921 
912 564 873 
===========
123 457 689 
456 298 137 
789 316 254 

297 831 546 
564 972 813 
831 645 792 

378 124 965 
645 789 321 
912 563 478 
===========
123 457 689 
456 298 137 
789 316 254 

297 831 546 
564 972 813 
831 645 792 

378 129 465 
645 783 921 
912 564 378 
===========
123 457 689 
456 298 137 
789 316 254 

297 831 546 
564 972 318 
831 645 972 

378 169 425 
645 723 891 
912 584 763 
===========
123 457 689 
456 298 137 
789 316 254 

297 834 516 
564 921 873 
831 675 942 

378 169 425 
645 782 391 
912 543 768 
===========
123 457 689 
456 298 137 
789 316 254 

297 834 516 
564 921 873 
831 675 492 

378 162 945 
645 789 321 
912 543 768 
===========
123 457 689 
456 298 137 
789 316 254 

297 834 516 
564 921 873 
831 675 942 

378 162 495 
645 789 321 
912 543 768 
===========
123 457 689 
456 298 137 
789 316 254 

297 834 516 
564 921 873 
831 675 492 

378 142 965 
645 789 321 
912 563 748 
===========
123 457 689 
456 298 137 
789 316 254 

297 835 416 
564 971 823 
831 624 975 

378 169 542 
645 782 391 
912 543 768 
===========
123 457 689 
456 298 137 
789 316 254 

297 835 416 
564 921 873 
831 674 925 

378 169 542 
645 782 391 
912 543 768 
===========
123 457 689 
456 298 137 
789 316 254 

297 835 416 
564 921 873 
831 674 592 

378 162 945 
645 789 321 
912 543 768 
===========
123 457 689 
456 298 137 
789 316 254 

297 835 416 
564 971 823 
831 624 975 

378 149 562 
645 782 391 
912 563 748 
===========
123 457 689 
456 298 137 
789 316 254 

297 835 416 
564 921 873 
831 674 925 

378 149 562 
645 782 391 
912 563 748 
===========
123 457 689 
456 298 137 
789 316 254 

297 835 416 
564 921 873 
831 674 592 

378 142 965 
645 789 321 
912 563 748 
===========
123 457 689 
456 298 137 
789 316 254 

297 835 416 
564 971 328 
831 642 975 

378 169 542 
645 723 891 
912 584 763 
===========
123 457 689 
456 298 137 
789 316 254 

297 835 461 
564 971 328 
831 624 795 

378 169 542 
645 782 913 
912 543 876 
===========
123 457 689 
456 298 137 
789 316 254 

297 835 461 
564 971 328 
831 642 795 

378 129 546 
645 783 912 
912 564 873 
===========
123 457 689 
456 298 137 
789 316 254 

297 835 461 
564 971 823 
831 642 975 

378 124 596 
645 789 312 
912 563 748 
===========
123 457 689 
456 298 137 
789 316 254 

297 835 461 
564 971 823 
831 642 795 

378 129 546 
645 783 912 
912 564 378 
===========
123 457 689 
456 298 137 
789 316 254 

297 835 461 
564 971 823 
831 624 975 

378 142 596 
645 789 312 
912 563 748 
===========
123 457 689 
456 298 137 
789 316 254 

297 835 461 
564 921 873 
831 674 925 

378 142 596 
645 789 312 
912 563 748 
===========
123 457 689 
456 298 137 
789 316 254 

297 835 461 
564 971 328 
831 642 975 

378 164 592 
645 729 813 
912 583 746 
===========
123 457 689 
456 298 137 
789 316 254 

297 835 461 
564 971 823 
831 642 975 

378 164 592 
645 729 318 
912 583 746 
===========
123 457 689 
456 298 137 
789 316 254 

297 835 461 
564 971 823 
831 642 795 

378 169 542 
645 723 918 
912 584 376 
===========
123 457 689 
456 298 137 
789 316 254 

297 841 365 
564 932 718 
831 675 492 

378 129 546 
645 783 921 
912 564 873 
===========
123 457 689 
456 298 137 
789 316 254 

297 841 563 
564 923 718 
831 675 942 

378 169 425 
645 782 391 
912 534 876 
===========
123 457 689 
456 298 137 
789 316 254 

297 841 563 
564 923 718 
831 675 492 

378 162 945 
645 789 321 
912 534 876 
===========
123 457 689 
456 298 137 
789 316 254 

297 841 563 
564 923 718 
831 675 942 

378 162 495 
645 789 321 
912 534 876 
===========
123 457 689 
456 298 137 
789 316 254 

297 841 563 
564 932 718 
831 675 942 

378 169 425 
645 723 891 
912 584 376 
===========
123 457 689 
456 298 137 
789 316 254 

297 841 563 
564 932 871 
831 675 492 

378 164 925 
645 729 318 
912 583 746 
===========
123 457 689 
456 298 137 
789 316 254 

297 841 563 
564 923 718 
831 675 942 

378 169 425 
645 732 891 
912 584 376 
===========
123 457 689 
456 298 137 
789 316 254 

297 841 563 
564 923 718 
831 675 492 

378 162 945 
645 739 821 
912 584 376 
===========
123 457 689 
456 298 137 
789 316 254 

297 841 563 
564 923 718 
831 675 942 

378 162 495 
645 739 821 
912 584 376 
===========
123 457 689 
456 298 137 
789 316 254 

297 843 516 
564 921 873 
831 675 942 

378 169 425 
645 782 391 
912 534 768 
===========
123 457 689 
456 298 137 
789 316 254 

297 843 516 
564 921 873 
831 675 492 

378 162 945 
645 789 321 
912 534 768 
===========
123 457 689 
456 298 137 
789 316 254 

297 843 516 
564 921 873 
831 675 942 

378 162 495 
645 789 321 
912 534 768 
===========
123 457 689 
456 298 137 
789 316 254 

297 843 516 
564 921 378 
831 675 942 

378 169 425 
645 732 891 
912 584 763 
===========
123 457 689 
456 298 137 
789 316 254 

297 843 516 
564 921 378 
831 675 492 

378 162 945 
645 739 821 
912 584 763 
===========
123 457 689 
456 298 137 
789 316 254 

297 843 516 
564 921 378 
831 675 942 

378 162 495 
645 739 821 
912 584 763 
===========
123 457 689 
456 298 137 
789 316 254 

297 845 361 
564 931 728 
831 672 495 

378 129 546 
645 783 912 
912 564 873 
===========
123 457 689 
456 298 137 
789 316 254 

297 845 361 
564 931 728 
831 672 945 

378 164 592 
645 729 813 
912 583 476 
===========
123 457 689 
456 298 137 
789 316 254 

297 631 548 
564 872 391 
831 945 726 

378 129 465 
645 783 912 
912 564 873 
===========
123 457 689 
456 298 137 
789 316 254 

297 631 548 
564 872 391 
831 945 762 

378 164 925 
645 729 813 
912 583 476 
===========
123 457 689 
456 298 137 
789 316 254 

297 631 548 
564 872 913 
831 945 762 

378 169 425 
645 723 891 
912 584 376 
===========
123 457 689 
456 298 137 
789 316 254 

297 631 845 
564 872 913 
831 945 762 

378 124 596 
645 789 321 
912 563 478 
===========
123 457 689 
456 298 137 
789 316 254 

297 634 518 
564 821 793 
831 975 462 

378 162 945 
645 789 321 
912 543 876 
===========
123 457 689 
456 298 137 
789 316 254 

297 634 815 
564 871 923 
831 925 476 

378 169 542 
645 782 391 
912 543 768 
===========
123 457 689 
456 298 137 
789 316 254 

297 634 815 
564 821 973 
831 975 426 

378 169 542 
645 782 391 
912 543 768 
===========
123 457 689 
456 298 137 
789 316 254 

297 634 815 
564 871 923 
831 925 476 

378 149 562 
645 782 391 
912 563 748 
===========
123 457 689 
456 298 137 
789 316 254 

297 634 815 
564 871 923 
831 925 746 

378 149 562 
645 782 391 
912 563 478 
===========
123 457 689 
456 298 137 
789 316 254 

297 634 815 
564 821 973 
831 975 426 

378 149 562 
645 782 391 
912 563 748 
===========
123 457 689 
456 298 137 
789 316 254 

297 634 815 
564 821 973 
831 975 462 

378 149 526 
645 782 391 
912 563 748 
===========
123 457 689 
456 298 137 
789 316 254 

297 634 815 
564 821 973 
831 975 462 

378 142 596 
645 789 321 
912 563 748 
===========
123 457 689 
456 298 137 
789 316 254 

297 635 418 
564 871 923 
831 924 765 

378 169 542 
645 782 391 
912 543 876 
===========
123 457 689 
456 298 137 
789 316 254 

297 635 418 
564 821 793 
831 974 562 

378 162 945 
645 789 321 
912 543 876 
===========
123 457 689 
456 298 137 
789 316 254 

297 635 418 
564 871 392 
831 942 765 

378 129 546 
645 783 921 
912 564 873 
===========
123 457 689 
456 298 137 
789 316 254 

297 635 418 
564 871 923 
831 942 765 

378 169 542 
645 723 891 
912 584 376 
===========
123 457 689 
456 298 137 
789 316 254 

297 635 841 
564 871 392 
831 924 576 

378 169 425 
645 782 913 
912 543 768 
===========
123 457 689 
456 298 137 
789 316 254 

297 635 841 
564 871 923 
831 924 576 

378 162 495 
645 789 312 
912 543 768 
===========
123 457 689 
456 298 137 
789 316 254 

297 635 841 
564 821 973 
831 974 526 

378 162 495 
645 789 312 
912 543 768 
===========
123 457 689 
456 298 137 
789 316 254 

297 635 841 
564 871 923 
831 942 765 

378 124 596 
645 789 312 
912 563 478 
===========
123 457 689 
456 298 137 
789 316 254 

297 635 841 
564 871 392 
831 924 765 

378 149 526 
645 782 913 
912 563 478 
===========
123 457 689 
456 298 137 
789 316 254 

297 635 841 
564 871 923 
831 924 765 

378 142 596 
645 789 312 
912 563 478 
===========
123 457 689 
456 298 137 
789 316 254 

297 635 841 
564 821 793 
831 974 526 

378 142 965 
645 789 312 
912 563 478 
===========
123 457 689 
456 298 137 
789 316 254 

297 635 841 
564 871 392 
831 942 576 

378 169 425 
645 723 918 
912 584 763 
===========
123 457 689 
456 298 137 
789 316 254 

297 635 841 
564 871 923 
831 942 765 

378 164 592 
645 729 318 
912 583 476 
===========
123 457 689 
456 298 137 
789 316 254 

297 643 518 
564 821 793 
831 975 462 

378 162 945 
645 789 321 
912 534 876 
===========
123 457 689 
456 298 137 
789 316 254 

297 643 518 
564 871 392 
831 925 476 

378 162 945 
645 739 821 
912 584 763 
===========
123 457 689 
456 298 137 
789 316 254 

297 643 518 
564 821 793 
831 975 462 

378 162 945 
645 739 821 
912 584 376 
===========
123 457 689 
456 298 137 
789 316 254 

297 643 815 
564 871 923 
831 925 476 

378 169 542 
645 782 391 
912 534 768 
===========
123 457 689 
456 298 137 
789 316 254 

297 643 815 
564 821 973 
831 975 426 

378 169 542 
645 782 391 
912 534 768 
===========
123 457 689 
456 298 137 
789 316 254 

297 645 318 
564 831 792 
831 972 465 

378 129 546 
645 783 921 
912 564 873 
===========
123 457 689 
456 298 137 
789 316 254 

297 645 318 
564 831 792 
831 972 546 

378 129 465 
645 783 921 
912 564 873 
===========
123 457 689 
456 298 137 
789 316 254 

297 645 318 
564 831 972 
831 972 546 

378 169 425 
645 723 891 
912 584 763 
===========
123 457 689 
456 298 137 
789 316 254 

297 645 813 
564 831 792 
831 972 546 

378 124 965 
645 789 321 
912 563 478 
===========
123 457 689 
456 298 137 
789 316 254 

297 645 813 
564 831 792 
831 972 465 

378 129 546 
645 783 921 
912 564 378 
===========
123 457 689 
456 298 137 
789 316 254 

297 645 813 
564 831 792 
831 972 546 

378 129 465 
645 783 921 
912 564 378 
===========
123 457 689 
456 298 137 
789 316 254 

297 645 813 
564 831 972 
831 972 465 

378 124 596 
645 789 321 
912 563 748 
===========
123 457 689 
456 298 137 
789 316 254 

297 834 516 
564 172 893 
831 965 472 

378 621 945 
645 789 321 
912 543 768 
===========
123 457 689 
456 298 137 
789 316 254 

297 834 561 
564 172 398 
831 965 742 

378 629 415 
645 781 923 
912 543 876 
===========
123 457 689 
456 298 137 
789 316 254 

297 834 561 
564 172 398 
831 965 472 

378 641 925 
645 729 813 
912 583 746 
===========
123 457 689 
456 298 137 
789 316 254 

297 834 561 
564 172 398 
831 965 742 

378 641 925 
645 729 813 
912 583 476 
===========
123 457 689 
456 298 137 
789 316 254 

297 834 561 
564 172 893 
831 965 472 

378 641 925 
645 729 318 
912 583 746 
===========
123 457 689 
456 298 137 
789 316 254 

297 834 561 
564 172 893 
831 965 742 

378 641 925 
645 729 318 
912 583 476 
===========
123 457 689 
456 298 137 
789 316 254 

297 835 416 
564 172 893 
831 964 572 

378 621 945 
645 789 321 
912 543 768 
===========
123 457 689 
456 298 137 
789 316 254 

297 835 461 
564 172 398 
831 964 572 

378 641 925 
645 729 813 
912 583 746 
===========
123 457 689 
456 298 137 
789 316 254 

297 835 461 
564 172 893 
831 964 572 

378 641 925 
645 729 318 
912 583 746 
===========
123 457 689 
456 298 137 
789 316 254 

297 843 516 
564 172 893 
831 965 472 

378 621 945 
645 789 321 
912 534 768 
===========
123 457 689 
456 298 137 
789 316 254 

297 843 516 
564 172 398 
831 965 472 

378 621 945 
645 739 821 
912 584 763 
===========
123 457 689 
456 298 137 
789 316 254 

297 843 561 
564 172 398 
831 965 742 

378 629 415 
645 781 923 
912 534 876 
===========
123 457 689 
456 298 137 
789 316 254 

297 843 561 
564 172 893 
831 965 742 

378 629 415 
645 731 928 
912 584 376 
===========
123 457 689 
456 298 137 
789 316 254 

297 845 316 
564 173 892 
831 962 475 

378 629 541 
645 781 923 
912 534 768 
===========
123 457 689 
456 298 137 
789 316 254 

297 845 316 
564 173 892 
831 962 475 

378 629 541 
645 731 928 
912 584 763 
===========
123 457 689 
456 298 137 
789 316 254 

297 845 316 
564 173 928 
831 962 475 

378 629 541 
645 731 892 
912 584 763 
===========
123 457 689 
456 298 137 
789 316 254 

297 863 415 
564 172 398 
831 945 762 

378 629 541 
645 781 923 
912 534 876 
===========
123 457 689 
456 298 137 
789 316 254 

297 863 415 
564 172 893 
831 945 762 

378 629 541 
645 731 928 
912 584 376 
===========
123 457 689 
456 298 137 
789 316 254 

297 863 541 
564 172 398 
831 945 762 

378 629 415 
645 781 923 
912 534 876 
===========
123 457 689 
456 298 137 
789 316 254 

297 863 541 
564 172 893 
831 945 762 

378 629 415 
645 731 928 
912 584 376 
===========
123 457 689 
456 298 137 
789 316 254 

297 864 315 
564 132 798 
831 975 462 

378 629 541 
645 781 923 
912 543 876 
===========
123 457 689 
456 298 137 
789 316 254 

297 864 315 
564 132 978 
831 975 462 

378 649 521 
645 721 893 
912 583 746 
===========
123 457 689 
456 298 137 
789 316 254 

297 864 513 
564 132 798 
831 975 462 

378 621 945 
645 789 321 
912 543 876 
===========
123 457 689 
456 298 137 
789 316 254 

297 865 341 
564 173 892 
831 942 576 

378 629 415 
645 781 923 
912 534 768 
===========
123 457 689 
456 298 137 
789 316 254 

297 865 341 
564 132 798 
831 974 562 

378 629 415 
645 781 923 
912 543 876 
===========
123 457 689 
456 298 137 
789 316 254 

297 865 341 
564 132 798 
831 974 562 

378 641 925 
645 729 813 
912 583 476 
===========
123 457 689 
456 298 137 
789 316 254 

297 865 341 
564 173 892 
831 942 576 

378 629 415 
645 731 928 
912 584 763 
===========
123 457 689 
456 298 137 
789 316 254 

297 865 341 
564 173 928 
831 942 576 

378 629 415 
645 731 892 
912 584 763 
===========
123 457 689 
456 298 137 
789 316 254 

297 865 341 
564 173 928 
831 942 576 

378 621 495 
645 739 812 
912 584 763 
===========
123 457 689 
456 298 137 
789 316 254 

297 865 413 
564 173 892 
831 942 576 

378 621 945 
645 789 321 
912 534 768 
===========
