123 457 689 
456 298 713 
789 316 245 

297 834 156 
564 921 378 
831 765 492 

378 649 521 
645 182 937 
912 573 864 
===========
123 457 689 
456 298 713 
789 316 245 

297 834 156 
564 921 837 
831 765 924 

378 642 591 
645 189 372 
912 573 468 
===========
123 457 689 
456 298 713 
789 316 245 

297 834 156 
564 921 378 
831 765 924 

378 642 591 
645 179 832 
912 583 467 
===========
123 457 689 
456 298 713 
789 316 245 

297 834 561 
564 921 837 
831 765 924 

378 649 152 
645 172 398 
912 583 476 
===========
123 457 689 
456 298 713 
789 316 245 

297 835 164 
564 921 837 
831 764 952 

378 649 521 
645 172 398 
912 583 476 
===========
123 457 689 
456 298 713 
789 316 245 

297 835 164 
564 921 837 
831 764 592 

378 642 951 
645 179 328 
912 583 476 
===========
123 457 689 
456 298 713 
789 316 245 

297 835 164 
564 921 837 
831 764 952 

378 642 591 
645 179 328 
912 583 476 
===========
123 457 689 
456 298 713 
789 316 245 

297 841 356 
564 932 178 
831 765 924 

378 624 591 
645 179 832 
912 583 467 
===========
123 457 689 
456 298 713 
789 316 245 

297 841 536 
564 932 178 
831 765 492 

378 624 951 
645 189 327 
912 573 864 
===========
123 457 689 
456 298 713 
789 316 245 

297 841 536 
564 932 871 
831 765 492 

378 629 154 
645 183 927 
912 574 368 
===========
123 457 689 
456 298 713 
789 316 245 

297 841 536 
564 932 178 
831 765 924 

378 629 451 
645 173 892 
912 584 367 
===========
123 457 689 
456 298 713 
789 316 245 

297 841 536 
564 932 871 
831 765 492 

378 629 154 
645 173 928 
912 584 367 
===========
123 457 689 
456 298 713 
789 316 245 

297 845 136 
564 931 827 
831 762 594 

378 624 951 
645 189 372 
912 573 468 
===========
123 457 689 
456 298 713 
789 316 245 

297 845 136 
564 931 827 
831 762 954 

378 624 591 
645 189 372 
912 573 468 
===========
123 457 689 
456 298 713 
789 316 245 

297 845 136 
564 931 827 
831 762 594 

378 629 451 
645 183 972 
912 574 368 
===========
123 457 689 
456 298 713 
789 316 245 

297 845 136 
564 931 872 
831 762 594 

378 624 951 
645 189 327 
912 573 468 
===========
123 457 689 
456 298 713 
789 316 245 

297 845 136 
564 931 872 
831 762 954 

378 624 591 
645 189 327 
912 573 468 
===========
123 457 689 
456 298 713 
789 316 245 

297 845 136 
564 931 872 
831 762 594 

378 629 451 
645 183 927 
912 574 368 
===========
123 457 689 
456 298 713 
789 316 245 

297 845 136 
564 931 872 
831 762 594 

378 624 951 
645 179 328 
912 583 467 
===========
123 457 689 
456 298 713 
789 316 245 

297 845 136 
564 931 872 
831 762 954 

378 624 591 
645 179 328 
912 583 467 
===========
123 457 689 
456 298 713 
789 316 245 

297 845 136 
564 931 872 
831 762 594 

378 629 451 
645 173 928 
912 584 367 
===========
123 457 689 
456 298 713 
789 316 245 

297 861 354 
564 932 178 
831 745 926 

378 624 591 
645 179 832 
912 583 467 
===========
123 457 689 
456 298 713 
789 316 245 

297 861 534 
564 932 178 
831 745 926 

378 629 451 
645 173 892 
912 584 367 
===========
123 457 689 
456 298 713 
789 316 245 

297 864 531 
564 931 827 
831 725 964 

378 649 152 
645 172 398 
912 583 476 
===========
123 457 689 
456 298 713 
789 316 245 

297 865 134 
564 931 827 
831 742 596 

378 624 951 
645 189 372 
912 573 468 
===========
123 457 689 
456 298 713 
789 316 245 

297 865 134 
564 931 827 
831 742 956 

378 624 591 
645 189 372 
912 573 468 
===========
123 457 689 
456 298 713 
789 316 245 

297 865 134 
564 931 827 
831 742 596 

378 629 451 
645 183 972 
912 574 368 
===========
123 457 689 
456 298 713 
789 316 245 

297 865 134 
564 931 872 
831 742 596 

378 624 951 
645 189 327 
912 573 468 
===========
123 457 689 
456 298 713 
789 316 245 

297 865 134 
564 931 872 
831 742 956 

378 624 591 
645 189 327 
912 573 468 
===========
123 457 689 
456 298 713 
789 316 245 

297 865 134 
564 931 872 
831 742 596 

378 629 451 
645 183 927 
912 574 368 
===========
123 457 689 
456 298 713 
789 316 245 

297 865 134 
564 931 827 
831 724 596 

378 642 951 
645 189 372 
912 573 468 
===========
123 457 689 
456 298 713 
789 316 245 

297 865 134 
564 931 827 
831 724 956 

378 642 591 
645 189 372 
912 573 468 
===========
123 457 689 
456 298 713 
789 316 245 

297 865 134 
564 931 872 
831 724 956 

378 649 521 
645 182 397 
912 573 468 
===========
123 457 689 
456 298 713 
789 316 245 

297 865 134 
564 931 872 
831 724 596 

378 642 951 
645 189 327 
912 573 468 
===========
123 457 689 
456 298 713 
789 316 245 

297 865 134 
564 931 872 
831 724 956 

378 642 591 
645 189 327 
912 573 468 
===========
123 457 689 
456 298 713 
789 316 245 

297 865 134 
564 931 872 
831 742 596 

378 624 951 
645 179 328 
912 583 467 
===========
123 457 689 
456 298 713 
789 316 245 

297 865 134 
564 931 872 
831 742 956 

378 624 591 
645 179 328 
912 583 467 
===========
123 457 689 
456 298 713 
789 316 245 

297 865 134 
564 931 872 
831 742 596 

378 629 451 
645 173 928 
912 584 367 
===========
123 457 689 
456 298 713 
789 316 245 

297 865 134 
564 931 872 
831 724 956 

378 649 521 
645 172 398 
912 583 467 
===========
123 457 689 
456 298 713 
789 316 245 

297 865 134 
564 931 872 
831 724 596 

378 642 951 
645 179 328 
912 583 467 
===========
123 457 689 
456 298 713 
789 316 245 

297 865 134 
564 931 872 
831 724 956 

378 642 591 
645 179 328 
912 583 467 
===========
123 457 689 
456 298 713 
789 316 245 

297 865 431 
564 931 827 
831 742 596 

378 629 154 
645 183 972 
912 574 368 
===========
123 457 689 
456 298 713 
789 316 245 

297 865 431 
564 931 872 
831 742 596 

378 629 154 
645 183 927 
912 574 368 
===========
123 457 689 
456 298 713 
789 316 245 

297 865 431 
564 931 872 
831 742 596 

378 629 154 
645 173 928 
912 584 367 
===========
123 457 689 
456 298 713 
789 316 245 

297 834 156 
564 721 398 
831 965 472 

378 649 521 
645 182 937 
912 573 864 
===========
123 457 689 
456 298 713 
789 316 245 

297 834 156 
564 721 938 
831 965 472 

378 649 521 
645 182 397 
912 573 864 
===========
123 457 689 
456 298 713 
789 316 245 

297 834 156 
564 721 938 
831 965 427 

378 642 591 
645 189 372 
912 573 864 
===========
123 457 689 
456 298 713 
789 316 245 

297 834 156 
564 721 938 
831 965 472 

378 642 591 
645 189 327 
912 573 864 
===========
123 457 689 
456 298 713 
789 316 245 

297 835 164 
564 721 398 
831 964 527 

378 642 951 
645 179 832 
912 583 476 
===========
123 457 689 
456 298 713 
789 316 245 

297 841 536 
564 732 198 
831 965 427 

378 624 951 
645 189 372 
912 573 864 
===========
123 457 689 
456 298 713 
789 316 245 

297 841 536 
564 732 198 
831 965 472 

378 624 951 
645 189 327 
912 573 864 
===========
123 457 689 
456 298 713 
789 316 245 

297 841 536 
564 732 891 
831 965 427 

378 629 154 
645 183 972 
912 574 368 
===========
123 457 689 
456 298 713 
789 316 245 

297 841 536 
564 732 891 
831 965 472 

378 629 154 
645 183 927 
912 574 368 
===========
123 457 689 
456 298 713 
789 316 245 

297 841 536 
564 732 891 
831 965 472 

378 629 154 
645 173 928 
912 584 367 
===========
123 457 689 
456 298 713 
789 316 245 

297 845 136 
564 731 892 
831 962 574 

378 624 951 
645 189 327 
912 573 468 
===========
123 457 689 
456 298 713 
789 316 245 

297 845 136 
564 731 892 
831 962 574 

378 629 451 
645 183 927 
912 574 368 
===========
123 457 689 
456 298 713 
789 316 245 

297 845 136 
564 731 928 
831 962 457 

378 624 591 
645 189 372 
912 573 864 
===========
123 457 689 
456 298 713 
789 316 245 

297 845 136 
564 731 892 
831 962 574 

378 624 951 
645 179 328 
912 583 467 
===========
123 457 689 
456 298 713 
789 316 245 

297 845 136 
564 731 892 
831 962 574 

378 629 451 
645 173 928 
912 584 367 
===========
123 457 689 
456 298 713 
789 316 245 

297 845 136 
564 731 928 
831 962 574 

378 629 451 
645 173 892 
912 584 367 
===========
123 457 689 
456 298 713 
789 316 245 

297 864 531 
564 731 928 
831 925 476 

378 649 152 
645 182 397 
912 573 864 
===========
123 457 689 
456 298 713 
789 316 245 

297 865 134 
564 731 892 
831 942 576 

378 624 951 
645 189 327 
912 573 468 
===========
123 457 689 
456 298 713 
789 316 245 

297 865 134 
564 731 892 
831 942 576 

378 629 451 
645 183 927 
912 574 368 
===========
123 457 689 
456 298 713 
789 316 245 

297 865 134 
564 731 892 
831 924 576 

378 642 951 
645 189 327 
912 573 468 
===========
123 457 689 
456 298 713 
789 316 245 

297 865 134 
564 731 892 
831 942 567 

378 624 951 
645 179 328 
912 583 476 
===========
123 457 689 
456 298 713 
789 316 245 

297 865 134 
564 731 892 
831 942 576 

378 624 951 
645 179 328 
912 583 467 
===========
123 457 689 
456 298 713 
789 316 245 

297 865 134 
564 731 892 
831 942 567 

378 629 451 
645 173 928 
912 584 376 
===========
123 457 689 
456 298 713 
789 316 245 

297 865 134 
564 731 892 
831 942 576 

378 629 451 
645 173 928 
912 584 367 
===========
123 457 689 
456 298 713 
789 316 245 

297 865 134 
564 731 928 
831 942 567 

378 629 451 
645 173 892 
912 584 376 
===========
123 457 689 
456 298 713 
789 316 245 

297 865 134 
564 731 928 
831 942 576 

378 629 451 
645 173 892 
912 584 367 
===========
123 457 689 
456 298 713 
789 316 245 

297 865 134 
564 731 892 
831 924 567 

378 642 951 
645 179 328 
912 583 476 
===========
123 457 689 
456 298 713 
789 316 245 

297 865 134 
564 731 892 
831 924 576 

378 642 951 
645 179 328 
912 583 467 
===========
123 457 689 
456 298 713 
789 316 245 

297 865 431 
564 731 892 
831 942 576 

378 629 154 
645 183 927 
912 574 368 
===========
123 457 689 
456 298 713 
789 316 245 

297 865 431 
564 731 928 
831 924 576 

378 649 152 
645 182 397 
912 573 864 
===========
123 457 689 
456 298 713 
789 316 245 

297 865 431 
564 731 892 
831 942 567 

378 629 154 
645 173 928 
912 584 376 
===========
123 457 689 
456 298 713 
789 316 245 

297 865 431 
564 731 892 
831 942 576 

378 629 154 
645 173 928 
912 584 367 
===========
123 457 689 
456 298 713 
789 316 245 

297 865 431 
564 731 928 
831 942 567 

378 629 154 
645 173 892 
912 584 376 
===========
123 457 689 
456 298 713 
789 316 245 

297 865 431 
564 731 928 
831 942 576 

378 629 154 
645 173 892 
912 584 367 
===========
123 457 689 
456 298 713 
789 316 245 

297 831 456 
564 729 138 
831 645 972 

378 964 521 
645 182 397 
912 573 864 
===========
123 457 689 
456 298 713 
789 316 245 

297 831 564 
564 729 138 
831 645 927 

378 962 451 
645 173 892 
912 584 376 
===========
123 457 689 
456 298 713 
789 316 245 

297 831 564 
564 729 831 
831 645 927 

378 964 152 
645 172 398 
912 583 476 
===========
123 457 689 
456 298 713 
789 316 245 

297 835 164 
564 721 398 
831 649 527 

378 962 451 
645 183 972 
912 574 836 
===========
123 457 689 
456 298 713 
789 316 245 

297 835 164 
564 721 398 
831 649 572 

378 962 451 
645 183 927 
912 574 836 
===========
123 457 689 
456 298 713 
789 316 245 

297 835 164 
564 721 938 
831 649 527 

378 962 451 
645 173 892 
912 584 376 
===========
123 457 689 
456 298 713 
789 316 245 

297 835 461 
564 721 398 
831 649 527 

378 962 154 
645 183 972 
912 574 836 
===========
123 457 689 
456 298 713 
789 316 245 

297 835 461 
564 721 398 
831 649 572 

378 962 154 
645 183 927 
912 574 836 
===========
123 457 689 
456 298 713 
789 316 245 

297 835 461 
564 721 938 
831 649 527 

378 962 154 
645 173 892 
912 584 376 
===========
123 457 689 
456 298 713 
789 316 245 

297 841 536 
564 739 821 
831 625 974 

378 964 152 
645 182 397 
912 573 468 
===========
123 457 689 
456 298 713 
789 316 245 

297 841 536 
564 739 821 
831 625 497 

378 962 154 
645 183 972 
912 574 368 
===========
123 457 689 
456 298 713 
789 316 245 

297 841 536 
564 739 128 
831 625 974 

378 962 451 
645 173 892 
912 584 367 
===========
123 457 689 
456 298 713 
789 316 245 

297 841 536 
564 739 821 
831 625 974 

378 964 152 
645 172 398 
912 583 467 
===========
123 457 689 
456 298 713 
789 316 245 

297 845 136 
564 731 892 
831 629 574 

378 962 451 
645 183 927 
912 574 368 
===========
123 457 689 
456 298 713 
789 316 245 

297 845 136 
564 731 892 
831 629 574 

378 962 451 
645 173 928 
912 584 367 
===========
123 457 689 
456 298 713 
789 316 245 

297 845 136 
564 731 928 
831 629 574 

378 962 451 
645 173 892 
912 584 367 
===========
123 457 689 
456 298 713 
789 316 245 

297 631 854 
564 829 137 
831 745 962 

378 964 521 
645 172 398 
912 583 476 
===========
123 457 689 
456 298 713 
789 316 245 

297 641 358 
564 839 172 
831 725 496 

378 964 521 
645 182 937 
912 573 864 
===========
123 457 689 
456 298 713 
789 316 245 

297 641 538 
564 839 127 
831 725 964 

378 962 451 
645 173 892 
912 584 376 
===========
123 457 689 
456 298 713 
789 316 245 

297 645 138 
564 831 972 
831 729 456 

378 964 521 
645 182 397 
912 573 864 
===========
123 457 689 
456 298 713 
789 316 245 

297 645 138 
564 831 927 
831 729 564 

378 962 451 
645 173 892 
912 584 376 
===========
123 457 689 
456 298 713 
789 316 245 

297 645 831 
564 831 927 
831 729 564 

378 964 152 
645 172 398 
912 583 476 
===========
123 457 689 
456 298 713 
789 316 245 

297 831 456 
564 972 831 
831 645 927 

378 129 564 
645 783 192 
912 564 378 
===========
123 457 689 
456 298 713 
789 316 245 

297 831 456 
564 972 138 
831 645 972 

378 169 524 
645 723 891 
912 584 367 
===========
123 457 689 
456 298 713 
789 316 245 

297 831 456 
564 972 831 
831 645 972 

378 169 524 
645 723 198 
912 584 367 
===========
123 457 689 
456 298 713 
789 316 245 

297 831 564 
564 972 831 
831 645 927 

378 129 456 
645 783 192 
912 564 378 
===========
123 457 689 
456 298 713 
789 316 245 

297 831 564 
564 972 138 
831 645 927 

378 169 452 
645 723 891 
912 584 376 
===========
123 457 689 
456 298 713 
789 316 245 

297 831 564 
564 972 831 
831 645 927 

378 169 452 
645 723 198 
912 584 376 
===========
123 457 689 
456 298 713 
789 316 245 

297 834 156 
564 921 378 
831 675 492 

378 169 524 
645 782 931 
912 543 867 
===========
123 457 689 
456 298 713 
789 316 245 

297 834 156 
564 971 328 
831 625 497 

378 149 562 
645 782 931 
912 563 874 
===========
123 457 689 
456 298 713 
789 316 245 

297 834 156 
564 921 837 
831 675 924 

378 149 562 
645 782 391 
912 563 478 
===========
123 457 689 
456 298 713 
789 316 245 

297 834 561 
564 971 328 
831 625 497 

378 162 954 
645 789 132 
912 543 876 
===========
123 457 689 
456 298 713 
789 316 245 

297 834 561 
564 971 328 
831 625 497 

378 142 956 
645 789 132 
912 563 874 
===========
123 457 689 
456 298 713 
789 316 245 

297 835 164 
564 971 328 
831 624 597 

378 169 452 
645 782 931 
912 543 876 
===========
123 457 689 
456 298 713 
789 316 245 

297 835 164 
564 971 832 
831 642 597 

378 124 956 
645 789 321 
912 563 478 
===========
123 457 689 
456 298 713 
789 316 245 

297 835 164 
564 971 832 
831 642 957 

378 124 596 
645 789 321 
912 563 478 
===========
123 457 689 
456 298 713 
789 316 245 

297 835 164 
564 971 832 
831 642 597 

378 129 456 
645 783 921 
912 564 378 
===========
123 457 689 
456 298 713 
789 316 245 

297 835 164 
564 971 832 
831 624 957 

378 149 526 
645 782 391 
912 563 478 
===========
123 457 689 
456 298 713 
789 316 245 

297 835 164 
564 971 832 
831 624 597 

378 142 956 
645 789 321 
912 563 478 
===========
123 457 689 
456 298 713 
789 316 245 

297 835 164 
564 971 832 
831 624 957 

378 142 596 
645 789 321 
912 563 478 
===========
123 457 689 
456 298 713 
789 316 245 

297 835 164 
564 921 837 
831 674 952 

378 149 526 
645 782 391 
912 563 478 
===========
123 457 689 
456 298 713 
789 316 245 

297 835 164 
564 921 837 
831 674 592 

378 142 956 
645 789 321 
912 563 478 
===========
123 457 689 
456 298 713 
789 316 245 

297 835 164 
564 921 837 
831 674 952 

378 142 596 
645 789 321 
912 563 478 
===========
123 457 689 
456 298 713 
789 316 245 

297 835 164 
564 971 328 
831 642 597 

378 164 952 
645 729 831 
912 583 476 
===========
123 457 689 
456 298 713 
789 316 245 

297 835 164 
564 971 328 
831 642 957 

378 164 592 
645 729 831 
912 583 476 
===========
123 457 689 
456 298 713 
789 316 245 

297 835 461 
564 971 328 
831 624 597 

378 162 954 
645 789 132 
912 543 876 
===========
123 457 689 
456 298 713 
789 316 245 

297 835 461 
564 971 328 
831 624 957 

378 162 594 
645 789 132 
912 543 876 
===========
123 457 689 
456 298 713 
789 316 245 

297 835 461 
564 971 328 
831 642 597 

378 124 956 
645 789 132 
912 563 874 
===========
123 457 689 
456 298 713 
789 316 245 

297 835 461 
564 971 328 
831 642 957 

378 124 596 
645 789 132 
912 563 874 
===========
123 457 689 
456 298 713 
789 316 245 

297 835 461 
564 971 328 
831 624 597 

378 142 956 
645 789 132 
912 563 874 
===========
123 457 689 
456 298 713 
789 316 245 

297 835 461 
564 971 328 
831 624 957 

378 142 596 
645 789 132 
912 563 874 
===========
123 457 689 
456 298 713 
789 316 245 

297 835 461 
564 971 832 
831 642 957 

378 169 524 
645 723 198 
912 584 376 
===========
123 457 689 
456 298 713 
789 316 245 

297 841 356 
564 923 178 
831 675 492 

378 169 524 
645 782 931 
912 534 867 
===========
123 457 689 
456 298 713 
789 316 245 

297 841 356 
564 932 178 
831 675 492 

378 129 564 
645 783 921 
912 564 837 
===========
123 457 689 
456 298 713 
789 316 245 

297 841 356 
564 932 178 
831 675 924 

378 164 592 
645 729 831 
912 583 467 
===========
123 457 689 
456 298 713 
789 316 245 

297 841 356 
564 932 871 
831 675 924 

378 164 592 
645 729 138 
912 583 467 
===========
123 457 689 
456 298 713 
789 316 245 

297 841 536 
564 973 128 
831 625 974 

378 169 452 
645 782 391 
912 534 867 
===========
123 457 689 
456 298 713 
789 316 245 

297 841 536 
564 923 178 
831 675 924 

378 169 452 
645 782 391 
912 534 867 
===========
123 457 689 
456 298 713 
789 316 245 

297 841 536 
564 923 178 
831 675 492 

378 162 954 
645 789 321 
912 534 867 
===========
123 457 689 
456 298 713 
789 316 245 

297 841 536 
564 932 178 
831 675 924 

378 169 452 
645 723 891 
912 584 367 
===========
123 457 689 
456 298 713 
789 316 245 

297 841 536 
564 932 871 
831 675 924 

378 169 452 
645 723 198 
912 584 367 
===========
123 457 689 
456 298 713 
789 316 245 

297 841 536 
564 973 128 
831 625 974 

378 169 452 
645 732 891 
912 584 367 
===========
123 457 689 
456 298 713 
789 316 245 

297 841 536 
564 973 821 
831 625 974 

378 169 452 
645 732 198 
912 584 367 
===========
123 457 689 
456 298 713 
789 316 245 

297 841 536 
564 923 178 
831 675 924 

378 169 452 
645 732 891 
912 584 367 
===========
123 457 689 
456 298 713 
789 316 245 

297 841 536 
564 923 178 
831 675 492 

378 162 954 
645 739 821 
912 584 367 
===========
123 457 689 
456 298 713 
789 316 245 

297 841 536 
564 923 871 
831 675 924 

378 169 452 
645 732 198 
912 584 367 
===========
123 457 689 
456 298 713 
789 316 245 

297 841 536 
564 923 871 
831 675 492 

378 162 954 
645 739 128 
912 584 367 
===========
123 457 689 
456 298 713 
789 316 245 

297 843 156 
564 921 378 
831 675 492 

378 169 524 
645 782 931 
912 534 867 
===========
123 457 689 
456 298 713 
789 316 245 

297 843 561 
564 971 328 
831 625 497 

378 162 954 
645 789 132 
912 534 876 
===========
123 457 689 
456 298 713 
789 316 245 

297 843 561 
564 971 832 
831 625 497 

378 162 954 
645 739 128 
912 584 376 
===========
123 457 689 
456 298 713 
789 316 245 

297 843 561 
564 921 837 
831 675 924 

378 169 452 
645 732 198 
912 584 376 
===========
123 457 689 
456 298 713 
789 316 245 

297 843 561 
564 921 837 
831 675 492 

378 162 954 
645 739 128 
912 584 376 
===========
123 457 689 
456 298 713 
789 316 245 

297 845 361 
564 931 827 
831 672 594 

378 124 956 
645 789 132 
912 563 478 
===========
123 457 689 
456 298 713 
789 316 245 

297 845 361 
564 931 827 
831 672 954 

378 124 596 
645 789 132 
912 563 478 
===========
123 457 689 
456 298 713 
789 316 245 

297 845 361 
564 931 827 
831 672 594 

378 164 952 
645 729 138 
912 583 476 
===========
123 457 689 
456 298 713 
789 316 245 

297 845 361 
564 931 827 
831 672 954 

378 164 592 
645 729 138 
912 583 476 
===========
123 457 689 
456 298 713 
789 316 245 

297 634 158 
564 871 392 
831 925 467 

378 169 524 
645 782 931 
912 543 876 
===========
123 457 689 
456 298 713 
789 316 245 

297 634 158 
564 871 392 
831 925 476 

378 169 524 
645 782 931 
912 543 867 
===========
123 457 689 
456 298 713 
789 316 245 

297 634 158 
564 871 932 
831 925 467 

378 169 524 
645 782 391 
912 543 876 
===========
123 457 689 
456 298 713 
789 316 245 

297 634 158 
564 871 932 
831 925 476 

378 169 524 
645 782 391 
912 543 867 
===========
123 457 689 
456 298 713 
789 316 245 

297 634 158 
564 871 932 
831 925 467 

378 162 594 
645 789 321 
912 543 876 
===========
123 457 689 
456 298 713 
789 316 245 

297 634 158 
564 871 932 
831 925 476 

378 162 594 
645 789 321 
912 543 867 
===========
123 457 689 
456 298 713 
789 316 245 

297 634 158 
564 821 397 
831 975 462 

378 169 524 
645 782 931 
912 543 876 
===========
123 457 689 
456 298 713 
789 316 245 

297 634 158 
564 821 937 
831 975 462 

378 169 524 
645 782 391 
912 543 876 
===========
123 457 689 
456 298 713 
789 316 245 

297 634 158 
564 821 937 
831 975 462 

378 162 594 
645 789 321 
912 543 876 
===========
123 457 689 
456 298 713 
789 316 245 

297 634 158 
564 871 392 
831 925 467 

378 149 526 
645 782 931 
912 563 874 
===========
123 457 689 
456 298 713 
789 316 245 

297 634 158 
564 871 932 
831 925 467 

378 149 526 
645 782 391 
912 563 874 
===========
123 457 689 
456 298 713 
789 316 245 

297 634 158 
564 871 932 
831 925 467 

378 142 596 
645 789 321 
912 563 874 
===========
123 457 689 
456 298 713 
789 316 245 

297 634 158 
564 821 397 
831 975 426 

378 149 562 
645 782 931 
912 563 874 
===========
123 457 689 
456 298 713 
789 316 245 

297 634 158 
564 821 397 
831 975 462 

378 149 526 
645 782 931 
912 563 874 
===========
123 457 689 
456 298 713 
789 316 245 

297 634 158 
564 821 937 
831 975 426 

378 149 562 
645 782 391 
912 563 874 
===========
123 457 689 
456 298 713 
789 316 245 

297 634 158 
564 821 937 
831 975 462 

378 149 526 
645 782 391 
912 563 874 
===========
123 457 689 
456 298 713 
789 316 245 

297 634 158 
564 821 937 
831 975 462 

378 142 596 
645 789 321 
912 563 874 
===========
123 457 689 
456 298 713 
789 316 245 

297 641 358 
564 873 192 
831 925 467 

378 169 524 
645 782 931 
912 534 876 
===========
123 457 689 
456 298 713 
789 316 245 

297 641 358 
564 873 192 
831 925 476 

378 169 524 
645 782 931 
912 534 867 
===========
123 457 689 
456 298 713 
789 316 245 

297 641 358 
564 873 921 
831 925 467 

378 162 594 
645 789 132 
912 534 876 
===========
123 457 689 
456 298 713 
789 316 245 

297 641 358 
564 873 921 
831 925 476 

378 162 594 
645 789 132 
912 534 867 
===========
123 457 689 
456 298 713 
789 316 245 

297 641 358 
564 823 197 
831 975 462 

378 169 524 
645 782 931 
912 534 876 
===========
123 457 689 
456 298 713 
789 316 245 

297 641 358 
564 823 971 
831 975 426 

378 162 594 
645 789 132 
912 534 867 
===========
123 457 689 
456 298 713 
789 316 245 

297 641 358 
564 832 971 
831 975 426 

378 129 564 
645 783 192 
912 564 837 
===========
123 457 689 
456 298 713 
789 316 245 

297 641 538 
564 873 192 
831 925 467 

378 162 954 
645 789 321 
912 534 876 
===========
123 457 689 
456 298 713 
789 316 245 

297 641 538 
564 873 192 
831 925 476 

378 162 954 
645 789 321 
912 534 867 
===========
123 457 689 
456 298 713 
789 316 245 

297 641 538 
564 823 197 
831 975 462 

378 162 954 
645 789 321 
912 534 876 
===========
123 457 689 
456 298 713 
789 316 245 

297 641 538 
564 832 197 
831 975 462 

378 124 956 
645 789 321 
912 563 874 
===========
123 457 689 
456 298 713 
789 316 245 

297 641 538 
564 873 192 
831 925 467 

378 162 954 
645 739 821 
912 584 376 
===========
123 457 689 
456 298 713 
789 316 245 

297 641 538 
564 873 192 
831 925 476 

378 162 954 
645 739 821 
912 584 367 
===========
123 457 689 
456 298 713 
789 316 245 

297 641 538 
564 823 197 
831 975 462 

378 162 954 
645 739 821 
912 584 376 
===========
123 457 689 
456 298 713 
789 316 245 

297 643 158 
564 871 392 
831 925 467 

378 169 524 
645 782 931 
912 534 876 
===========
123 457 689 
456 298 713 
789 316 245 

297 643 158 
564 871 392 
831 925 476 

378 169 524 
645 782 931 
912 534 867 
===========
123 457 689 
456 298 713 
789 316 245 

297 643 158 
564 871 932 
831 925 467 

378 169 524 
645 782 391 
912 534 876 
===========
123 457 689 
456 298 713 
789 316 245 

297 643 158 
564 871 932 
831 925 476 

378 169 524 
645 782 391 
912 534 867 
===========
123 457 689 
456 298 713 
789 316 245 

297 643 158 
564 871 932 
831 925 467 

378 162 594 
645 789 321 
912 534 876 
===========
123 457 689 
456 298 713 
789 316 245 

297 643 158 
564 871 932 
831 925 476 

378 162 594 
645 789 321 
912 534 867 
===========
123 457 689 
456 298 713 
789 316 245 

297 643 158 
564 821 397 
831 975 462 

378 169 524 
645 782 931 
912 534 876 
===========
123 457 689 
456 298 713 
789 316 245 

297 643 158 
564 821 937 
831 975 462 

378 169 524 
645 782 391 
912 534 876 
===========
123 457 689 
456 298 713 
789 316 245 

297 643 158 
564 821 937 
831 975 462 

378 162 594 
645 789 321 
912 534 876 
===========
123 457 689 
456 298 713 
789 316 245 

297 643 158 
564 871 932 
831 925 467 

378 169 524 
645 732 891 
912 584 376 
===========
123 457 689 
456 298 713 
789 316 245 

297 643 158 
564 871 932 
831 925 476 

378 169 524 
645 732 891 
912 584 367 
===========
123 457 689 
456 298 713 
789 316 245 

297 643 158 
564 871 932 
831 925 467 

378 162 594 
645 739 821 
912 584 376 
===========
123 457 689 
456 298 713 
789 316 245 

297 643 158 
564 871 932 
831 925 476 

378 162 594 
645 739 821 
912 584 367 
===========
123 457 689 
456 298 713 
789 316 245 

297 643 158 
564 821 937 
831 975 462 

378 169 524 
645 732 891 
912 584 376 
===========
123 457 689 
456 298 713 
789 316 245 

297 643 158 
564 821 937 
831 975 462 

378 162 594 
645 739 821 
912 584 376 
===========
123 457 689 
456 298 713 
789 316 245 

297 643 851 
564 871 932 
831 925 467 

378 169 524 
645 732 198 
912 584 376 
===========
