123 457 689 
456 389 271 
789 612 534 

297 841 356 
564 923 718 
831 765 492 

378 296 145 
645 178 923 
912 534 867 
===========
123 457 689 
456 389 271 
789 612 534 

297 841 356 
564 923 718 
831 765 492 

378 294 165 
645 178 923 
912 536 847 
===========
123 457 689 
456 389 271 
789 612 534 

297 841 356 
564 923 817 
831 765 492 

378 296 145 
645 178 923 
912 534 768 
===========
123 457 689 
456 389 271 
789 612 534 

297 841 356 
564 923 817 
831 765 492 

378 294 165 
645 178 923 
912 536 748 
===========
123 457 689 
456 389 271 
789 612 534 

297 841 356 
564 923 718 
831 765 492 

378 296 145 
645 138 927 
912 574 863 
===========
123 457 689 
456 389 271 
789 612 534 

297 841 356 
564 923 718 
831 765 492 

378 294 165 
645 138 927 
912 576 843 
===========
123 457 689 
456 389 271 
789 612 534 

297 841 365 
564 923 718 
831 765 492 

378 294 156 
645 178 923 
912 536 847 
===========
123 457 689 
456 389 271 
789 612 534 

297 841 365 
564 923 817 
831 765 492 

378 294 156 
645 178 923 
912 536 748 
===========
123 457 689 
456 389 271 
789 612 534 

297 841 365 
564 923 718 
831 765 492 

378 294 156 
645 138 927 
912 576 843 
===========
123 457 689 
456 389 271 
789 612 534 

297 861 453 
564 923 718 
831 745 926 

378 296 145 
645 178 392 
912 534 867 
===========
123 457 689 
456 389 271 
789 612 534 

297 861 453 
564 923 718 
831 745 926 

378 294 165 
645 178 392 
912 536 847 
===========
123 457 689 
456 389 271 
789 612 534 

297 861 453 
564 923 817 
831 745 926 

378 296 145 
645 178 392 
912 534 768 
===========
123 457 689 
456 389 271 
789 612 534 

297 861 453 
564 923 817 
831 745 926 

378 294 165 
645 178 392 
912 536 748 
===========
123 457 689 
456 389 271 
789 612 534 

297 861 453 
564 923 817 
831 745 926 

378 296 145 
645 138 792 
912 574 368 
===========
123 457 689 
456 389 271 
789 612 534 

297 861 453 
564 923 817 
831 745 926 

378 294 165 
645 138 792 
912 576 348 
===========
123 457 689 
456 389 271 
789 612 534 

297 864 153 
564 931 728 
831 725 946 

378 296 415 
645 178 392 
912 543 867 
===========
123 457 689 
456 389 271 
789 612 534 

297 864 153 
564 931 728 
831 725 946 

378 296 415 
645 173 892 
912 548 367 
===========
123 457 689 
456 389 271 
789 612 534 

297 864 153 
564 931 827 
831 725 946 

378 296 415 
645 178 392 
912 543 768 
===========
123 457 689 
456 389 271 
789 612 534 

297 865 143 
564 931 728 
831 724 956 

378 296 415 
645 178 392 
912 543 867 
===========
123 457 689 
456 389 271 
789 612 534 

297 865 143 
564 931 728 
831 724 956 

378 296 415 
645 173 892 
912 548 367 
===========
123 457 689 
456 389 271 
789 612 534 

297 865 143 
564 931 827 
831 724 956 

378 296 415 
645 178 392 
912 543 768 
===========
123 457 689 
456 389 271 
789 612 534 

297 865 413 
564 931 728 
831 724 956 

378 296 145 
645 178 392 
912 543 867 
===========
123 457 689 
456 389 271 
789 612 534 

297 865 413 
564 931 728 
831 724 956 

378 296 145 
645 173 892 
912 548 367 
===========
123 457 689 
456 389 271 
789 612 534 

297 865 413 
564 931 827 
831 724 956 

378 296 145 
645 178 392 
912 543 768 
===========
123 457 689 
456 389 271 
789 612 534 

297 834 156 
564 721 398 
831 965 742 

378 296 415 
645 178 923 
912 543 867 
===========
123 457 689 
456 389 271 
789 612 534 

297 834 156 
564 721 893 
831 965 742 

378 296 415 
645 173 928 
912 548 367 
===========
123 457 689 
456 389 271 
789 612 534 

297 834 156 
564 721 398 
831 965 742 

378 246 915 
645 193 827 
912 578 463 
===========
123 457 689 
456 389 271 
789 612 534 

297 834 156 
564 721 893 
831 965 742 

378 246 915 
645 198 327 
912 573 468 
===========
123 457 689 
456 389 271 
789 612 534 

297 835 146 
564 721 398 
831 964 752 

378 296 415 
645 178 923 
912 543 867 
===========
123 457 689 
456 389 271 
789 612 534 

297 835 146 
564 721 893 
831 964 752 

378 296 415 
645 173 928 
912 548 367 
===========
123 457 689 
456 389 271 
789 612 534 

297 835 146 
564 721 398 
831 964 752 

378 246 915 
645 193 827 
912 578 463 
===========
123 457 689 
456 389 271 
789 612 534 

297 835 146 
564 721 893 
831 964 752 

378 246 915 
645 198 327 
912 573 468 
===========
123 457 689 
456 389 271 
789 612 534 

297 835 146 
564 721 398 
831 946 752 

378 264 915 
645 193 827 
912 578 463 
===========
123 457 689 
456 389 271 
789 612 534 

297 835 146 
564 721 893 
831 946 752 

378 264 915 
645 198 327 
912 573 468 
===========
123 457 689 
456 389 271 
789 612 534 

297 835 416 
564 721 398 
831 964 752 

378 296 145 
645 178 923 
912 543 867 
===========
123 457 689 
456 389 271 
789 612 534 

297 835 416 
564 721 893 
831 964 752 

378 296 145 
645 173 928 
912 548 367 
===========
123 457 689 
456 389 271 
789 612 534 

297 835 416 
564 721 398 
831 946 752 

378 294 165 
645 178 923 
912 563 847 
===========
123 457 689 
456 389 271 
789 612 534 

297 835 416 
564 721 893 
831 946 752 

378 294 165 
645 173 928 
912 568 347 
===========
123 457 689 
456 389 271 
789 612 534 

297 836 415 
564 721 398 
831 945 762 

378 294 156 
645 178 923 
912 563 847 
===========
123 457 689 
456 389 271 
789 612 534 

297 836 415 
564 721 893 
831 945 762 

378 294 156 
645 173 928 
912 568 347 
===========
123 457 689 
456 389 271 
789 612 534 

297 841 356 
564 723 198 
831 965 742 

378 296 415 
645 178 923 
912 534 867 
===========
123 457 689 
456 389 271 
789 612 534 

297 841 356 
564 723 198 
831 965 742 

378 296 415 
645 138 927 
912 574 863 
===========
123 457 689 
456 389 271 
789 612 534 

297 841 356 
564 723 918 
831 965 427 

378 296 145 
645 138 792 
912 574 863 
===========
123 457 689 
456 389 271 
789 612 534 

297 841 356 
564 723 918 
831 965 427 

378 294 165 
645 138 792 
912 576 843 
===========
123 457 689 
456 389 271 
789 612 534 

297 841 365 
564 723 918 
831 965 427 

378 294 156 
645 138 792 
912 576 843 
===========
123 457 689 
456 389 271 
789 612 534 

297 843 156 
564 721 398 
831 965 742 

378 296 415 
645 178 923 
912 534 867 
===========
123 457 689 
456 389 271 
789 612 534 

297 843 156 
564 721 398 
831 965 742 

378 296 415 
645 138 927 
912 574 863 
===========
123 457 689 
456 389 271 
789 612 534 

297 843 156 
564 721 893 
831 965 742 

378 296 415 
645 138 927 
912 574 368 
===========
123 457 689 
456 389 271 
789 612 534 

297 845 163 
564 731 892 
831 926 457 

378 264 915 
645 193 728 
912 578 346 
===========
123 457 689 
456 389 271 
789 612 534 

297 845 316 
564 731 892 
831 926 457 

378 294 165 
645 178 923 
912 563 748 
===========
123 457 689 
456 389 271 
789 612 534 

297 845 316 
564 731 892 
831 926 457 

378 294 165 
645 173 928 
912 568 743 
===========
123 457 689 
456 389 271 
789 612 534 

297 845 316 
564 731 928 
831 926 457 

378 294 165 
645 173 892 
912 568 743 
===========
123 457 689 
456 389 271 
789 612 534 

297 846 153 
564 731 892 
831 925 746 

378 264 915 
645 198 327 
912 573 468 
===========
123 457 689 
456 389 271 
789 612 534 

297 846 153 
564 731 892 
831 925 467 

378 264 915 
645 193 728 
912 578 346 
===========
123 457 689 
456 389 271 
789 612 534 

297 846 315 
564 731 892 
831 925 467 

378 294 156 
645 178 923 
912 563 748 
===========
123 457 689 
456 389 271 
789 612 534 

297 846 315 
564 731 892 
831 925 467 

378 294 156 
645 173 928 
912 568 743 
===========
123 457 689 
456 389 271 
789 612 534 

297 846 315 
564 731 928 
831 925 467 

378 294 156 
645 173 892 
912 568 743 
===========
123 457 689 
456 389 271 
789 612 534 

297 861 453 
564 723 918 
831 945 726 

378 296 145 
645 178 392 
912 534 867 
===========
123 457 689 
456 389 271 
789 612 534 

297 861 453 
564 723 918 
831 945 726 

378 294 165 
645 178 392 
912 536 847 
===========
123 457 689 
456 389 271 
789 612 534 

297 863 415 
564 721 398 
831 945 762 

378 294 156 
645 178 923 
912 536 847 
===========
123 457 689 
456 389 271 
789 612 534 

297 863 415 
564 721 398 
831 945 762 

378 294 156 
645 138 927 
912 576 843 
===========
123 457 689 
456 389 271 
789 612 534 

297 863 415 
564 721 893 
831 945 762 

378 294 156 
645 138 927 
912 576 348 
===========
123 457 689 
456 389 271 
789 612 534 

297 864 153 
564 731 892 
831 925 746 

378 296 415 
645 173 928 
912 548 367 
===========
123 457 689 
456 389 271 
789 612 534 

297 864 153 
564 731 928 
831 925 746 

378 296 415 
645 178 392 
912 543 867 
===========
123 457 689 
456 389 271 
789 612 534 

297 864 153 
564 731 928 
831 925 746 

378 296 415 
645 173 892 
912 548 367 
===========
123 457 689 
456 389 271 
789 612 534 

297 864 153 
564 731 892 
831 925 746 

378 246 915 
645 198 327 
912 573 468 
===========
123 457 689 
456 389 271 
789 612 534 

297 864 153 
564 731 892 
831 925 467 

378 246 915 
645 193 728 
912 578 346 
===========
123 457 689 
456 389 271 
789 612 534 

297 865 143 
564 731 892 
831 924 756 

378 296 415 
645 173 928 
912 548 367 
===========
123 457 689 
456 389 271 
789 612 534 

297 865 143 
564 731 928 
831 924 756 

378 296 415 
645 178 392 
912 543 867 
===========
123 457 689 
456 389 271 
789 612 534 

297 865 143 
564 731 928 
831 924 756 

378 296 415 
645 173 892 
912 548 367 
===========
123 457 689 
456 389 271 
789 612 534 

297 865 143 
564 731 892 
831 924 756 

378 246 915 
645 198 327 
912 573 468 
===========
123 457 689 
456 389 271 
789 612 534 

297 865 413 
564 731 892 
831 924 756 

378 296 145 
645 173 928 
912 548 367 
===========
123 457 689 
456 389 271 
789 612 534 

297 865 413 
564 731 928 
831 924 756 

378 296 145 
645 178 392 
912 543 867 
===========
123 457 689 
456 389 271 
789 612 534 

297 865 413 
564 731 928 
831 924 756 

378 296 145 
645 173 892 
912 548 367 
===========
123 457 689 
456 389 271 
789 612 534 

297 834 156 
564 791 328 
831 265 947 

378 926 415 
645 173 892 
912 548 763 
===========
123 457 689 
456 389 271 
789 612 534 

297 834 156 
564 791 823 
831 265 947 

378 926 415 
645 178 392 
912 543 768 
===========
123 457 689 
456 389 271 
789 612 534 

297 835 146 
564 791 328 
831 264 957 

378 926 415 
645 173 892 
912 548 763 
===========
123 457 689 
456 389 271 
789 612 534 

297 835 146 
564 791 823 
831 264 957 

378 926 415 
645 178 392 
912 543 768 
===========
123 457 689 
456 389 271 
789 612 534 

297 835 416 
564 791 328 
831 264 957 

378 926 145 
645 173 892 
912 548 763 
===========
123 457 689 
456 389 271 
789 612 534 

297 835 416 
564 791 823 
831 264 957 

378 926 145 
645 178 392 
912 543 768 
===========
123 457 689 
456 389 271 
789 612 534 

297 835 416 
564 791 328 
831 246 957 

378 924 165 
645 173 892 
912 568 743 
===========
123 457 689 
456 389 271 
789 612 534 

297 835 416 
564 791 823 
831 246 957 

378 924 165 
645 178 392 
912 563 748 
===========
123 457 689 
456 389 271 
789 612 534 

297 836 415 
564 791 328 
831 245 967 

378 924 156 
645 173 892 
912 568 743 
===========
123 457 689 
456 389 271 
789 612 534 

297 836 415 
564 791 823 
831 245 967 

378 924 156 
645 178 392 
912 563 748 
===========
123 457 689 
456 389 271 
789 612 534 

297 836 415 
564 791 328 
831 245 967 

378 964 152 
645 128 793 
912 573 846 
===========
123 457 689 
456 389 271 
789 612 534 

297 836 415 
564 791 823 
831 245 967 

378 964 152 
645 123 798 
912 578 346 
===========
123 457 689 
456 389 271 
789 612 534 

297 841 356 
564 793 812 
831 265 497 

378 926 145 
645 178 923 
912 534 768 
===========
123 457 689 
456 389 271 
789 612 534 

297 841 356 
564 793 812 
831 265 497 

378 924 165 
645 178 923 
912 536 748 
===========
123 457 689 
456 389 271 
789 612 534 

297 841 356 
564 793 128 
831 265 947 

378 926 415 
645 138 792 
912 574 863 
===========
123 457 689 
456 389 271 
789 612 534 

297 841 365 
564 793 812 
831 265 497 

378 924 156 
645 178 923 
912 536 748 
===========
123 457 689 
456 389 271 
789 612 534 

297 843 156 
564 791 823 
831 265 947 

378 926 415 
645 178 392 
912 534 768 
===========
123 457 689 
456 389 271 
789 612 534 

297 843 156 
564 791 328 
831 265 947 

378 926 415 
645 138 792 
912 574 863 
===========
123 457 689 
456 389 271 
789 612 534 

297 843 156 
564 791 823 
831 265 947 

378 926 415 
645 138 792 
912 574 368 
===========
123 457 689 
456 389 271 
789 612 534 

297 845 316 
564 731 892 
831 296 457 

378 924 165 
645 178 923 
912 563 748 
===========
123 457 689 
456 389 271 
789 612 534 

297 845 316 
564 731 892 
831 296 457 

378 924 165 
645 173 928 
912 568 743 
===========
123 457 689 
456 389 271 
789 612 534 

297 845 316 
564 731 928 
831 296 457 

378 924 165 
645 173 892 
912 568 743 
===========
123 457 689 
456 389 271 
789 612 534 

297 845 316 
564 731 928 
831 296 745 

378 964 152 
645 123 897 
912 578 463 
===========
123 457 689 
456 389 271 
789 612 534 

297 846 315 
564 731 892 
831 295 467 

378 924 156 
645 178 923 
912 563 748 
===========
123 457 689 
456 389 271 
789 612 534 

297 846 315 
564 731 892 
831 295 467 

378 924 156 
645 173 928 
912 568 743 
===========
123 457 689 
456 389 271 
789 612 534 

297 846 315 
564 731 928 
831 295 467 

378 924 156 
645 173 892 
912 568 743 
===========
123 457 689 
456 389 271 
789 612 534 

297 846 315 
564 731 928 
831 295 467 

378 964 152 
645 128 793 
912 573 846 
===========
123 457 689 
456 389 271 
789 612 534 

297 846 315 
564 731 928 
831 295 746 

378 964 152 
645 123 897 
912 578 463 
===========
123 457 689 
456 389 271 
789 612 534 

297 861 453 
564 793 812 
831 245 796 

378 926 145 
645 138 927 
912 574 368 
===========
123 457 689 
456 389 271 
789 612 534 

297 861 453 
564 793 812 
831 245 796 

378 924 165 
645 138 927 
912 576 348 
===========
123 457 689 
456 389 271 
789 612 534 

297 863 415 
564 791 823 
831 245 967 

378 924 156 
645 178 392 
912 536 748 
===========
123 457 689 
456 389 271 
789 612 534 

297 863 415 
564 791 328 
831 245 967 

378 924 156 
645 138 792 
912 576 843 
===========
123 457 689 
456 389 271 
789 612 534 

297 863 415 
564 791 823 
831 245 967 

378 924 156 
645 138 792 
912 576 348 
===========
123 457 689 
456 389 271 
789 612 534 

297 864 153 
564 731 892 
831 295 746 

378 926 415 
645 173 928 
912 548 367 
===========
123 457 689 
456 389 271 
789 612 534 

297 864 153 
564 731 928 
831 295 746 

378 926 415 
645 178 392 
912 543 867 
===========
123 457 689 
456 389 271 
789 612 534 

297 864 153 
564 731 928 
831 295 746 

378 926 415 
645 173 892 
912 548 367 
===========
123 457 689 
456 389 271 
789 612 534 

297 864 315 
564 731 928 
831 295 467 

378 946 152 
645 128 793 
912 573 846 
===========
123 457 689 
456 389 271 
789 612 534 

297 864 315 
564 731 928 
831 295 746 

378 946 152 
645 123 897 
912 578 463 
===========
123 457 689 
456 389 271 
789 612 534 

297 865 143 
564 731 892 
831 294 756 

378 926 415 
645 173 928 
912 548 367 
===========
123 457 689 
456 389 271 
789 612 534 

297 865 143 
564 731 928 
831 294 756 

378 926 415 
645 178 392 
912 543 867 
===========
123 457 689 
456 389 271 
789 612 534 

297 865 143 
564 731 928 
831 294 756 

378 926 415 
645 173 892 
912 548 367 
===========
123 457 689 
456 389 271 
789 612 534 

297 865 413 
564 731 892 
831 294 756 

378 926 145 
645 173 928 
912 548 367 
===========
123 457 689 
456 389 271 
789 612 534 

297 865 413 
564 731 928 
831 294 756 

378 926 145 
645 178 392 
912 543 867 
===========
123 457 689 
456 389 271 
789 612 534 

297 865 413 
564 731 928 
831 294 756 

378 926 145 
645 173 892 
912 548 367 
===========
123 457 689 
456 389 271 
789 612 534 

297 865 413 
564 731 928 
831 294 765 

378 946 152 
645 128 397 
912 573 846 
===========
123 457 689 
456 389 271 
789 612 534 

297 865 413 
564 731 928 
831 294 765 

378 946 152 
645 123 897 
912 578 346 
===========
123 457 689 
456 389 271 
789 612 534 

297 841 356 
564 293 718 
831 765 492 

378 926 145 
645 178 923 
912 534 867 
===========
123 457 689 
456 389 271 
789 612 534 

297 841 356 
564 293 718 
831 765 492 

378 924 165 
645 178 923 
912 536 847 
===========
123 457 689 
456 389 271 
789 612 534 

297 841 356 
564 293 817 
831 765 492 

378 926 145 
645 178 923 
912 534 768 
===========
123 457 689 
456 389 271 
789 612 534 

297 841 356 
564 293 817 
831 765 492 

378 924 165 
645 178 923 
912 536 748 
===========
123 457 689 
456 389 271 
789 612 534 

297 841 356 
564 293 718 
831 765 492 

378 926 145 
645 138 927 
912 574 863 
===========
123 457 689 
456 389 271 
789 612 534 

297 841 356 
564 293 718 
831 765 492 

378 924 165 
645 138 927 
912 576 843 
===========
123 457 689 
456 389 271 
789 612 534 

297 841 365 
564 293 718 
831 765 492 

378 924 156 
645 178 923 
912 536 847 
===========
123 457 689 
456 389 271 
789 612 534 

297 841 365 
564 293 817 
831 765 492 

378 924 156 
645 178 923 
912 536 748 
===========
123 457 689 
456 389 271 
789 612 534 

297 841 365 
564 293 718 
831 765 492 

378 924 156 
645 138 927 
912 576 843 
===========
123 457 689 
456 389 271 
789 612 534 

297 845 316 
564 231 798 
831 796 452 

378 924 165 
645 178 923 
912 563 847 
===========
123 457 689 
456 389 271 
789 612 534 

297 845 316 
564 231 897 
831 796 452 

378 924 165 
645 178 923 
912 563 748 
===========
123 457 689 
456 389 271 
789 612 534 

297 845 316 
564 231 897 
831 796 452 

378 924 165 
645 173 928 
912 568 743 
===========
123 457 689 
456 389 271 
789 612 534 

297 846 315 
564 231 798 
831 795 462 

378 924 156 
645 178 923 
912 563 847 
===========
123 457 689 
456 389 271 
789 612 534 

297 846 315 
564 231 897 
831 795 462 

378 924 156 
645 178 923 
912 563 748 
===========
123 457 689 
456 389 271 
789 612 534 

297 846 315 
564 231 897 
831 795 462 

378 924 156 
645 173 928 
912 568 743 
===========
123 457 689 
456 389 271 
789 612 534 

297 861 453 
564 293 718 
831 745 926 

378 926 145 
645 178 392 
912 534 867 
===========
123 457 689 
456 389 271 
789 612 534 

297 861 453 
564 293 718 
831 745 926 

378 924 165 
645 178 392 
912 536 847 
===========
123 457 689 
456 389 271 
789 612 534 

297 861 453 
564 293 817 
831 745 926 

378 926 145 
645 178 392 
912 534 768 
===========
123 457 689 
456 389 271 
789 612 534 

297 861 453 
564 293 817 
831 745 926 

378 924 165 
645 178 392 
912 536 748 
===========
123 457 689 
456 389 271 
789 612 534 

297 861 453 
564 293 817 
831 745 926 

378 926 145 
645 138 792 
912 574 368 
===========
123 457 689 
456 389 271 
789 612 534 

297 861 453 
564 293 817 
831 745 926 

378 924 165 
645 138 792 
912 576 348 
===========
123 457 689 
456 389 271 
789 612 534 

297 841 356 
564 923 718 
831 765 942 

378 196 425 
645 278 193 
912 534 867 
===========
123 457 689 
456 389 271 
789 612 534 

297 841 356 
564 923 817 
831 765 942 

378 196 425 
645 278 193 
912 534 768 
===========
123 457 689 
456 389 271 
789 612 534 

297 841 356 
564 923 718 
831 765 942 

378 196 425 
645 238 197 
912 574 863 
===========
123 457 689 
456 389 271 
789 612 534 

297 845 163 
564 931 728 
831 726 495 

378 164 952 
645 298 317 
912 573 846 
===========
123 457 689 
456 389 271 
789 612 534 

297 845 163 
564 931 728 
831 726 495 

378 164 952 
645 293 817 
912 578 346 
===========
123 457 689 
456 389 271 
789 612 534 

297 845 163 
564 931 827 
831 726 495 

378 164 952 
645 293 718 
912 578 346 
===========
123 457 689 
456 389 271 
789 612 534 

297 861 345 
564 923 718 
831 745 926 

378 196 452 
645 278 193 
912 534 867 
===========
123 457 689 
456 389 271 
789 612 534 

297 861 345 
564 923 817 
831 745 926 

378 196 452 
645 278 193 
912 534 768 
===========
123 457 689 
456 389 271 
789 612 534 

297 861 345 
564 923 718 
831 745 926 

378 196 452 
645 238 197 
912 574 863 
===========
123 457 689 
456 389 271 
789 612 534 

297 864 315 
564 931 728 
831 725 946 

378 196 452 
645 278 193 
912 543 867 
===========
123 457 689 
456 389 271 
789 612 534 

297 864 315 
564 931 827 
831 725 946 

378 196 452 
645 278 193 
912 543 768 
===========
123 457 689 
456 389 271 
789 612 534 

297 864 315 
564 931 827 
831 725 946 

378 196 452 
645 273 198 
912 548 763 
===========
123 457 689 
456 389 271 
789 612 534 

297 834 156 
564 721 398 
831 965 742 

378 196 425 
645 278 913 
912 543 867 
===========
123 457 689 
456 389 271 
789 612 534 

297 834 156 
564 721 893 
831 965 742 

378 196 425 
645 273 918 
912 548 367 
===========
123 457 689 
456 389 271 
789 612 534 

297 834 156 
564 721 398 
831 965 742 

378 146 925 
645 293 817 
912 578 463 
===========
123 457 689 
456 389 271 
789 612 534 

297 834 156 
564 721 893 
831 965 742 

378 146 925 
645 298 317 
912 573 468 
===========
123 457 689 
456 389 271 
789 612 534 

297 834 165 
564 721 398 
831 965 427 

378 146 952 
645 298 713 
912 573 846 
===========
123 457 689 
456 389 271 
789 612 534 

297 834 165 
564 721 893 
831 965 427 

378 146 952 
645 293 718 
912 578 346 
===========
123 457 689 
456 389 271 
789 612 534 

297 835 146 
564 721 398 
831 964 725 

378 196 452 
645 278 913 
912 543 867 
===========
123 457 689 
456 389 271 
789 612 534 

297 835 146 
564 721 398 
831 964 752 

378 196 425 
645 278 913 
912 543 867 
===========
123 457 689 
456 389 271 
789 612 534 

297 835 146 
564 721 893 
831 964 725 

378 196 452 
645 273 918 
912 548 367 
===========
123 457 689 
456 389 271 
789 612 534 

297 835 146 
564 721 893 
831 964 752 

378 196 425 
645 273 918 
912 548 367 
===========
123 457 689 
456 389 271 
789 612 534 

297 835 146 
564 721 398 
831 964 725 

378 146 952 
645 293 817 
912 578 463 
===========
123 457 689 
456 389 271 
789 612 534 

297 835 146 
564 721 398 
831 964 752 

378 146 925 
645 293 817 
912 578 463 
===========
123 457 689 
456 389 271 
789 612 534 

297 835 146 
564 721 893 
831 964 725 

378 146 952 
645 298 317 
912 573 468 
===========
123 457 689 
456 389 271 
789 612 534 

297 835 146 
564 721 893 
831 964 752 

378 146 925 
645 298 317 
912 573 468 
===========
123 457 689 
456 389 271 
789 612 534 

297 835 146 
564 721 398 
831 946 725 

378 164 952 
645 293 817 
912 578 463 
===========
123 457 689 
456 389 271 
789 612 534 

297 835 146 
564 721 398 
831 946 752 

378 164 925 
645 293 817 
912 578 463 
===========
123 457 689 
456 389 271 
789 612 534 

297 835 146 
564 721 893 
831 946 725 

378 164 952 
645 298 317 
912 573 468 
===========
123 457 689 
456 389 271 
789 612 534 

297 835 146 
564 721 893 
831 946 752 

378 164 925 
645 298 317 
912 573 468 
===========
123 457 689 
456 389 271 
789 612 534 

297 836 145 
564 721 398 
831 945 726 

378 164 952 
645 293 817 
912 578 463 
===========
123 457 689 
456 389 271 
789 612 534 

297 836 145 
564 721 893 
831 945 726 

378 164 952 
645 298 317 
912 573 468 
===========
123 457 689 
456 389 271 
789 612 534 

297 841 356 
564 723 198 
831 965 742 

378 196 425 
645 278 913 
912 534 867 
===========
123 457 689 
456 389 271 
789 612 534 

297 841 356 
564 723 918 
831 965 742 

378 196 425 
645 278 193 
912 534 867 
===========
123 457 689 
456 389 271 
789 612 534 

297 841 356 
564 723 198 
831 965 742 

378 196 425 
645 238 917 
912 574 863 
===========
123 457 689 
456 389 271 
789 612 534 

297 841 356 
564 723 918 
831 965 742 

378 196 425 
645 238 197 
912 574 863 
===========
123 457 689 
456 389 271 
789 612 534 

297 843 156 
564 721 398 
831 965 742 

378 196 425 
645 278 913 
912 534 867 
===========
123 457 689 
456 389 271 
789 612 534 

297 843 156 
564 721 398 
831 965 742 

378 196 425 
645 238 917 
912 574 863 
===========
123 457 689 
456 389 271 
789 612 534 

297 843 156 
564 721 893 
831 965 742 

378 196 425 
645 238 917 
912 574 368 
===========
123 457 689 
456 389 271 
789 612 534 

297 845 163 
564 731 892 
831 926 457 

378 164 925 
645 293 718 
912 578 346 
===========
123 457 689 
456 389 271 
789 612 534 

297 846 153 
564 731 892 
831 925 746 

378 164 925 
645 298 317 
912 573 468 
===========
123 457 689 
456 389 271 
789 612 534 

297 846 153 
564 731 892 
831 925 467 

378 164 925 
645 293 718 
912 578 346 
===========
123 457 689 
456 389 271 
789 612 534 

297 861 345 
564 723 198 
831 945 726 

378 196 452 
645 278 913 
912 534 867 
===========
123 457 689 
456 389 271 
789 612 534 

297 861 345 
564 723 918 
831 945 726 

378 196 452 
645 278 193 
912 534 867 
===========
123 457 689 
456 389 271 
789 612 534 

297 861 345 
564 723 198 
831 945 726 

378 196 452 
645 238 917 
912 574 863 
===========
123 457 689 
456 389 271 
789 612 534 

297 861 345 
564 723 918 
831 945 726 

378 196 452 
645 238 197 
912 574 863 
===========
123 457 689 
456 389 271 
789 612 534 

297 863 145 
564 721 398 
831 945 726 

378 196 452 
645 278 913 
912 534 867 
===========
123 457 689 
456 389 271 
789 612 534 

297 863 145 
564 721 398 
831 945 726 

378 196 452 
645 238 917 
912 574 863 
===========
123 457 689 
456 389 271 
789 612 534 

297 863 145 
564 721 893 
831 945 726 

378 196 452 
645 238 917 
912 574 368 
===========
123 457 689 
456 389 271 
789 612 534 

297 864 153 
564 731 892 
831 925 746 

378 196 425 
645 273 918 
912 548 367 
===========
123 457 689 
456 389 271 
789 612 534 

297 864 153 
564 731 892 
831 925 746 

378 146 925 
645 298 317 
912 573 468 
===========
123 457 689 
456 389 271 
789 612 534 

297 864 153 
564 731 892 
831 925 467 

378 146 925 
645 293 718 
912 578 346 
===========
123 457 689 
456 389 271 
789 612 534 

297 864 315 
564 731 928 
831 925 746 

378 196 452 
645 278 193 
912 543 867 
===========
123 457 689 
456 389 271 
789 612 534 

297 865 143 
564 731 892 
831 924 756 

378 196 425 
645 273 918 
912 548 367 
===========
123 457 689 
456 389 271 
789 612 534 

297 865 143 
564 731 892 
831 924 756 

378 146 925 
645 298 317 
912 573 468 
===========
123 457 689 
456 389 271 
789 612 534 

297 845 316 
564 193 728 
831 726 945 

378 961 452 
645 278 193 
912 534 867 
===========
123 457 689 
456 389 271 
789 612 534 

297 845 316 
564 193 728 
831 726 945 

378 964 152 
645 271 893 
912 538 467 
===========
123 457 689 
456 389 271 
789 612 534 

297 845 316 
564 193 827 
831 726 945 

378 961 452 
645 278 193 
912 534 768 
===========
123 457 689 
456 389 271 
789 612 534 

297 845 316 
564 193 728 
831 726 945 

378 961 452 
645 238 197 
912 574 863 
===========
123 457 689 
456 389 271 
789 612 534 

297 845 316 
564 193 728 
831 726 945 

378 964 152 
645 231 897 
912 578 463 
===========
