123 457 689 
456 389 712 
789 612 345 

297 834 156 
564 921 837 
831 765 924 

378 246 591 
645 198 273 
912 573 468 
===========
123 457 689 
456 389 712 
789 612 345 

297 834 156 
564 921 837 
831 765 924 

378 246 591 
645 193 278 
912 578 463 
===========
123 457 689 
456 389 712 
789 612 345 

297 834 156 
564 921 873 
831 765 924 

378 246 591 
645 198 237 
912 573 468 
===========
123 457 689 
456 389 712 
789 612 345 

297 836 154 
564 921 837 
831 745 296 

378 294 561 
645 178 923 
912 563 478 
===========
123 457 689 
456 389 712 
789 612 345 

297 836 154 
564 921 837 
831 745 926 

378 294 561 
645 178 293 
912 563 478 
===========
123 457 689 
456 389 712 
789 612 345 

297 836 154 
564 921 837 
831 745 296 

378 294 561 
645 173 928 
912 568 473 
===========
123 457 689 
456 389 712 
789 612 345 

297 836 154 
564 921 837 
831 745 926 

378 294 561 
645 173 298 
912 568 473 
===========
123 457 689 
456 389 712 
789 612 345 

297 836 154 
564 921 873 
831 745 296 

378 294 561 
645 173 928 
912 568 437 
===========
123 457 689 
456 389 712 
789 612 345 

297 836 154 
564 921 873 
831 745 926 

378 294 561 
645 173 298 
912 568 437 
===========
123 457 689 
456 389 712 
789 612 345 

297 836 154 
564 921 837 
831 745 926 

378 264 591 
645 198 273 
912 573 468 
===========
123 457 689 
456 389 712 
789 612 345 

297 836 154 
564 921 837 
831 745 926 

378 264 591 
645 193 278 
912 578 463 
===========
123 457 689 
456 389 712 
789 612 345 

297 836 154 
564 921 873 
831 745 926 

378 264 591 
645 198 237 
912 573 468 
===========
123 457 689 
456 389 712 
789 612 345 

297 841 536 
564 923 178 
831 765 294 

378 296 451 
645 178 923 
912 534 867 
===========
123 457 689 
456 389 712 
789 612 345 

297 841 536 
564 923 178 
831 765 924 

378 296 451 
645 178 293 
912 534 867 
===========
123 457 689 
456 389 712 
789 612 345 

297 841 536 
564 923 178 
831 765 294 

378 296 451 
645 138 927 
912 574 863 
===========
123 457 689 
456 389 712 
789 612 345 

297 841 536 
564 923 178 
831 765 924 

378 296 451 
645 138 297 
912 574 863 
===========
123 457 689 
456 389 712 
789 612 345 

297 841 563 
564 923 178 
831 765 294 

378 296 451 
645 138 927 
912 574 836 
===========
123 457 689 
456 389 712 
789 612 345 

297 841 563 
564 923 178 
831 765 924 

378 296 451 
645 138 297 
912 574 836 
===========
123 457 689 
456 389 712 
789 612 345 

297 841 563 
564 923 871 
831 765 294 

378 294 156 
645 138 927 
912 576 438 
===========
123 457 689 
456 389 712 
789 612 345 

297 841 563 
564 923 871 
831 765 924 

378 294 156 
645 138 297 
912 576 438 
===========
123 457 689 
456 389 712 
789 612 345 

297 843 156 
564 921 837 
831 765 294 

378 294 561 
645 178 923 
912 536 478 
===========
123 457 689 
456 389 712 
789 612 345 

297 843 156 
564 921 837 
831 765 924 

378 294 561 
645 178 293 
912 536 478 
===========
123 457 689 
456 389 712 
789 612 345 

297 843 156 
564 921 873 
831 765 294 

378 294 561 
645 138 927 
912 576 438 
===========
123 457 689 
456 389 712 
789 612 345 

297 843 156 
564 921 873 
831 765 924 

378 294 561 
645 138 297 
912 576 438 
===========
123 457 689 
456 389 712 
789 612 345 

297 843 561 
564 921 837 
831 765 294 

378 294 156 
645 178 923 
912 536 478 
===========
123 457 689 
456 389 712 
789 612 345 

297 843 561 
564 921 837 
831 765 924 

378 294 156 
645 178 293 
912 536 478 
===========
123 457 689 
456 389 712 
789 612 345 

297 843 561 
564 921 873 
831 765 294 

378 294 156 
645 138 927 
912 576 438 
===========
123 457 689 
456 389 712 
789 612 345 

297 843 561 
564 921 873 
831 765 924 

378 294 156 
645 138 297 
912 576 438 
===========
123 457 689 
456 389 712 
789 612 345 

297 845 136 
564 931 827 
831 726 954 

378 294 561 
645 178 293 
912 563 478 
===========
123 457 689 
456 389 712 
789 612 345 

297 845 136 
564 931 827 
831 726 954 

378 294 561 
645 173 298 
912 568 473 
===========
123 457 689 
456 389 712 
789 612 345 

297 845 136 
564 931 278 
831 726 594 

378 264 951 
645 193 827 
912 578 463 
===========
123 457 689 
456 389 712 
789 612 345 

297 845 136 
564 931 278 
831 726 954 

378 264 591 
645 193 827 
912 578 463 
===========
123 457 689 
456 389 712 
789 612 345 

297 845 136 
564 931 827 
831 726 594 

378 264 951 
645 198 273 
912 573 468 
===========
123 457 689 
456 389 712 
789 612 345 

297 845 136 
564 931 827 
831 726 954 

378 264 591 
645 198 273 
912 573 468 
===========
123 457 689 
456 389 712 
789 612 345 

297 845 136 
564 931 827 
831 726 594 

378 264 951 
645 193 278 
912 578 463 
===========
123 457 689 
456 389 712 
789 612 345 

297 845 136 
564 931 827 
831 726 954 

378 264 591 
645 193 278 
912 578 463 
===========
123 457 689 
456 389 712 
789 612 345 

297 845 163 
564 931 278 
831 726 594 

378 264 951 
645 193 827 
912 578 436 
===========
123 457 689 
456 389 712 
789 612 345 

297 845 163 
564 931 278 
831 726 954 

378 264 591 
645 193 827 
912 578 436 
===========
123 457 689 
456 389 712 
789 612 345 

297 845 163 
564 931 827 
831 726 594 

378 264 951 
645 193 278 
912 578 436 
===========
123 457 689 
456 389 712 
789 612 345 

297 845 163 
564 931 827 
831 726 954 

378 264 591 
645 193 278 
912 578 436 
===========
123 457 689 
456 389 712 
789 612 345 

297 846 153 
564 931 278 
831 725 964 

378 264 591 
645 193 827 
912 578 436 
===========
123 457 689 
456 389 712 
789 612 345 

297 846 153 
564 931 827 
831 725 964 

378 264 591 
645 193 278 
912 578 436 
===========
123 457 689 
456 389 712 
789 612 345 

297 846 531 
564 931 827 
831 725 964 

378 294 156 
645 178 293 
912 563 478 
===========
123 457 689 
456 389 712 
789 612 345 

297 846 531 
564 931 827 
831 725 964 

378 294 156 
645 173 298 
912 568 473 
===========
123 457 689 
456 389 712 
789 612 345 

297 861 453 
564 923 178 
831 745 296 

378 294 561 
645 138 927 
912 576 834 
===========
123 457 689 
456 389 712 
789 612 345 

297 861 453 
564 923 178 
831 745 926 

378 294 561 
645 138 297 
912 576 834 
===========
123 457 689 
456 389 712 
789 612 345 

297 861 534 
564 923 178 
831 745 296 

378 296 451 
645 178 923 
912 534 867 
===========
123 457 689 
456 389 712 
789 612 345 

297 861 534 
564 923 178 
831 745 926 

378 296 451 
645 178 293 
912 534 867 
===========
123 457 689 
456 389 712 
789 612 345 

297 861 534 
564 923 178 
831 745 296 

378 296 451 
645 138 927 
912 574 863 
===========
123 457 689 
456 389 712 
789 612 345 

297 861 534 
564 923 178 
831 745 926 

378 296 451 
645 138 297 
912 574 863 
===========
123 457 689 
456 389 712 
789 612 345 

297 863 154 
564 921 837 
831 745 296 

378 294 561 
645 178 923 
912 536 478 
===========
123 457 689 
456 389 712 
789 612 345 

297 863 154 
564 921 837 
831 745 926 

378 294 561 
645 178 293 
912 536 478 
===========
123 457 689 
456 389 712 
789 612 345 

297 863 154 
564 921 873 
831 745 296 

378 294 561 
645 138 927 
912 576 438 
===========
123 457 689 
456 389 712 
789 612 345 

297 863 154 
564 921 873 
831 745 926 

378 294 561 
645 138 297 
912 576 438 
===========
123 457 689 
456 389 712 
789 612 345 

297 864 153 
564 931 278 
831 725 964 

378 246 591 
645 193 827 
912 578 436 
===========
123 457 689 
456 389 712 
789 612 345 

297 864 153 
564 931 827 
831 725 964 

378 246 591 
645 193 278 
912 578 436 
===========
123 457 689 
456 389 712 
789 612 345 

297 864 531 
564 931 278 
831 725 496 

378 296 154 
645 178 923 
912 543 867 
===========
123 457 689 
456 389 712 
789 612 345 

297 865 134 
564 931 278 
831 724 596 

378 296 451 
645 178 923 
912 543 867 
===========
123 457 689 
456 389 712 
789 612 345 

297 865 134 
564 931 278 
831 724 596 

378 246 951 
645 193 827 
912 578 463 
===========
123 457 689 
456 389 712 
789 612 345 

297 865 134 
564 931 278 
831 724 956 

378 246 591 
645 193 827 
912 578 463 
===========
123 457 689 
456 389 712 
789 612 345 

297 865 134 
564 931 827 
831 724 596 

378 246 951 
645 198 273 
912 573 468 
===========
123 457 689 
456 389 712 
789 612 345 

297 865 134 
564 931 827 
831 724 956 

378 246 591 
645 198 273 
912 573 468 
===========
123 457 689 
456 389 712 
789 612 345 

297 865 134 
564 931 827 
831 724 596 

378 246 951 
645 193 278 
912 578 463 
===========
123 457 689 
456 389 712 
789 612 345 

297 865 134 
564 931 827 
831 724 956 

378 246 591 
645 193 278 
912 578 463 
===========
123 457 689 
456 389 712 
789 612 345 

297 865 431 
564 931 278 
831 724 596 

378 296 154 
645 178 923 
912 543 867 
===========
123 457 689 
456 389 712 
789 612 345 

297 834 156 
564 721 938 
831 965 427 

378 246 591 
645 198 273 
912 573 864 
===========
123 457 689 
456 389 712 
789 612 345 

297 834 156 
564 721 938 
831 965 274 

378 246 591 
645 193 827 
912 578 463 
===========
123 457 689 
456 389 712 
789 612 345 

297 834 561 
564 721 938 
831 965 427 

378 296 154 
645 178 293 
912 543 876 
===========
123 457 689 
456 389 712 
789 612 345 

297 835 164 
564 721 938 
831 964 527 

378 296 451 
645 178 293 
912 543 876 
===========
123 457 689 
456 389 712 
789 612 345 

297 835 164 
564 721 893 
831 964 527 

378 246 951 
645 193 278 
912 578 436 
===========
123 457 689 
456 389 712 
789 612 345 

297 835 164 
564 721 893 
831 946 527 

378 264 951 
645 193 278 
912 578 436 
===========
123 457 689 
456 389 712 
789 612 345 

297 835 461 
564 721 938 
831 964 527 

378 296 154 
645 178 293 
912 543 876 
===========
123 457 689 
456 389 712 
789 612 345 

297 835 461 
564 721 938 
831 946 527 

378 294 156 
645 178 293 
912 563 874 
===========
123 457 689 
456 389 712 
789 612 345 

297 836 154 
564 721 893 
831 945 276 

378 294 561 
645 173 928 
912 568 437 
===========
123 457 689 
456 389 712 
789 612 345 

297 836 154 
564 721 938 
831 945 276 

378 264 591 
645 193 827 
912 578 463 
===========
123 457 689 
456 389 712 
789 612 345 

297 841 536 
564 723 198 
831 965 274 

378 296 451 
645 178 923 
912 534 867 
===========
123 457 689 
456 389 712 
789 612 345 

297 841 536 
564 723 198 
831 965 274 

378 296 451 
645 138 927 
912 574 863 
===========
123 457 689 
456 389 712 
789 612 345 

297 841 563 
564 723 198 
831 965 274 

378 296 451 
645 138 927 
912 574 836 
===========
123 457 689 
456 389 712 
789 612 345 

297 841 563 
564 723 891 
831 965 274 

378 294 156 
645 138 927 
912 576 438 
===========
123 457 689 
456 389 712 
789 612 345 

297 843 156 
564 721 938 
831 965 427 

378 294 561 
645 178 293 
912 536 874 
===========
123 457 689 
456 389 712 
789 612 345 

297 843 156 
564 721 893 
831 965 274 

378 294 561 
645 138 927 
912 576 438 
===========
123 457 689 
456 389 712 
789 612 345 

297 843 561 
564 721 938 
831 965 427 

378 296 154 
645 178 293 
912 534 876 
===========
123 457 689 
456 389 712 
789 612 345 

297 843 561 
564 721 938 
831 965 427 

378 294 156 
645 178 293 
912 536 874 
===========
123 457 689 
456 389 712 
789 612 345 

297 843 561 
564 721 893 
831 965 274 

378 294 156 
645 138 927 
912 576 438 
===========
123 457 689 
456 389 712 
789 612 345 

297 845 136 
564 731 298 
831 926 457 

378 294 561 
645 178 923 
912 563 874 
===========
123 457 689 
456 389 712 
789 612 345 

297 845 136 
564 731 928 
831 926 457 

378 294 561 
645 178 293 
912 563 874 
===========
123 457 689 
456 389 712 
789 612 345 

297 845 136 
564 731 298 
831 926 574 

378 264 951 
645 193 827 
912 578 463 
===========
123 457 689 
456 389 712 
789 612 345 

297 845 136 
564 731 928 
831 926 457 

378 264 591 
645 198 273 
912 573 864 
===========
123 457 689 
456 389 712 
789 612 345 

297 845 163 
564 731 298 
831 926 574 

378 264 951 
645 193 827 
912 578 436 
===========
123 457 689 
456 389 712 
789 612 345 

297 846 153 
564 731 928 
831 925 476 

378 264 591 
645 198 237 
912 573 864 
===========
123 457 689 
456 389 712 
789 612 345 

297 846 531 
564 731 298 
831 925 467 

378 294 156 
645 178 923 
912 563 874 
===========
123 457 689 
456 389 712 
789 612 345 

297 846 531 
564 731 928 
831 925 467 

378 294 156 
645 178 293 
912 563 874 
===========
123 457 689 
456 389 712 
789 612 345 

297 861 453 
564 723 198 
831 945 276 

378 294 561 
645 138 927 
912 576 834 
===========
123 457 689 
456 389 712 
789 612 345 

297 861 534 
564 723 198 
831 945 267 

378 296 451 
645 178 923 
912 534 876 
===========
123 457 689 
456 389 712 
789 612 345 

297 861 534 
564 723 198 
831 945 276 

378 296 451 
645 178 923 
912 534 867 
===========
123 457 689 
456 389 712 
789 612 345 

297 861 534 
564 723 891 
831 945 267 

378 294 156 
645 178 923 
912 536 478 
===========
123 457 689 
456 389 712 
789 612 345 

297 861 534 
564 723 198 
831 945 276 

378 296 451 
645 138 927 
912 574 863 
===========
123 457 689 
456 389 712 
789 612 345 

297 863 154 
564 721 893 
831 945 276 

378 294 561 
645 138 927 
912 576 438 
===========
123 457 689 
456 389 712 
789 612 345 

297 864 153 
564 731 928 
831 925 476 

378 246 591 
645 198 237 
912 573 864 
===========
123 457 689 
456 389 712 
789 612 345 

297 864 531 
564 731 298 
831 925 467 

378 296 154 
645 178 923 
912 543 876 
===========
123 457 689 
456 389 712 
789 612 345 

297 864 531 
564 731 298 
831 925 476 

378 296 154 
645 178 923 
912 543 867 
===========
123 457 689 
456 389 712 
789 612 345 

297 864 531 
564 731 928 
831 925 467 

378 296 154 
645 178 293 
912 543 876 
===========
123 457 689 
456 389 712 
789 612 345 

297 864 531 
564 731 928 
831 925 476 

378 296 154 
645 178 293 
912 543 867 
===========
123 457 689 
456 389 712 
789 612 345 

297 865 134 
564 731 298 
831 924 567 

378 296 451 
645 178 923 
912 543 876 
===========
123 457 689 
456 389 712 
789 612 345 

297 865 134 
564 731 298 
831 924 576 

378 296 451 
645 178 923 
912 543 867 
===========
123 457 689 
456 389 712 
789 612 345 

297 865 134 
564 731 928 
831 924 567 

378 296 451 
645 178 293 
912 543 876 
===========
123 457 689 
456 389 712 
789 612 345 

297 865 134 
564 731 928 
831 924 576 

378 296 451 
645 178 293 
912 543 867 
===========
123 457 689 
456 389 712 
789 612 345 

297 865 134 
564 731 298 
831 924 576 

378 246 951 
645 193 827 
912 578 463 
===========
123 457 689 
456 389 712 
789 612 345 

297 865 431 
564 731 298 
831 924 567 

378 296 154 
645 178 923 
912 543 876 
===========
123 457 689 
456 389 712 
789 612 345 

297 865 431 
564 731 298 
831 924 576 

378 296 154 
645 178 923 
912 543 867 
===========
123 457 689 
456 389 712 
789 612 345 

297 865 431 
564 731 928 
831 924 567 

378 296 154 
645 178 293 
912 543 876 
===========
123 457 689 
456 389 712 
789 612 345 

297 865 431 
564 731 928 
831 924 576 

378 296 154 
645 178 293 
912 543 867 
===========
123 457 689 
456 389 712 
789 612 345 

297 834 156 
564 791 238 
831 265 497 

378 946 521 
645 128 973 
912 573 864 
===========
123 457 689 
456 389 712 
789 612 345 

297 834 156 
564 791 238 
831 265 974 

378 946 521 
645 123 897 
912 578 463 
===========
123 457 689 
456 389 712 
789 612 345 

297 834 561 
564 791 238 
831 265 497 

378 926 154 
645 178 923 
912 543 876 
===========
123 457 689 
456 389 712 
789 612 345 

297 835 164 
564 791 238 
831 264 597 

378 926 451 
645 178 923 
912 543 876 
===========
123 457 689 
456 389 712 
789 612 345 

297 835 164 
564 791 823 
831 264 597 

378 946 251 
645 123 978 
912 578 436 
===========
123 457 689 
456 389 712 
789 612 345 

297 835 164 
564 791 823 
831 246 597 

378 964 251 
645 123 978 
912 578 436 
===========
123 457 689 
456 389 712 
789 612 345 

297 835 461 
564 791 238 
831 264 597 

378 926 154 
645 178 923 
912 543 876 
===========
123 457 689 
456 389 712 
789 612 345 

297 835 461 
564 791 238 
831 246 597 

378 924 156 
645 178 923 
912 563 874 
===========
123 457 689 
456 389 712 
789 612 345 

297 836 154 
564 791 823 
831 245 976 

378 924 561 
645 173 298 
912 568 437 
===========
123 457 689 
456 389 712 
789 612 345 

297 836 154 
564 791 238 
831 245 976 

378 964 521 
645 123 897 
912 578 463 
===========
123 457 689 
456 389 712 
789 612 345 

297 841 536 
564 793 128 
831 265 974 

378 926 451 
645 178 293 
912 534 867 
===========
123 457 689 
456 389 712 
789 612 345 

297 841 536 
564 793 128 
831 265 974 

378 926 451 
645 138 297 
912 574 863 
===========
123 457 689 
456 389 712 
789 612 345 

297 841 563 
564 793 128 
831 265 974 

378 926 451 
645 138 297 
912 574 836 
===========
123 457 689 
456 389 712 
789 612 345 

297 841 563 
564 793 821 
831 265 974 

378 924 156 
645 138 297 
912 576 438 
===========
123 457 689 
456 389 712 
789 612 345 

297 843 156 
564 791 238 
831 265 497 

378 924 561 
645 178 923 
912 536 874 
===========
123 457 689 
456 389 712 
789 612 345 

297 843 156 
564 791 823 
831 265 974 

378 924 561 
645 138 297 
912 576 438 
===========
123 457 689 
456 389 712 
789 612 345 

297 843 561 
564 791 238 
831 265 497 

378 926 154 
645 178 923 
912 534 876 
===========
123 457 689 
456 389 712 
789 612 345 

297 843 561 
564 791 238 
831 265 497 

378 924 156 
645 178 923 
912 536 874 
===========
123 457 689 
456 389 712 
789 612 345 

297 843 561 
564 791 823 
831 265 974 

378 924 156 
645 138 297 
912 576 438 
===========
123 457 689 
456 389 712 
789 612 345 

297 845 136 
564 731 298 
831 296 457 

378 924 561 
645 178 923 
912 563 874 
===========
123 457 689 
456 389 712 
789 612 345 

297 845 136 
564 731 928 
831 296 457 

378 924 561 
645 178 293 
912 563 874 
===========
123 457 689 
456 389 712 
789 612 345 

297 845 136 
564 731 298 
831 296 457 

378 964 521 
645 128 973 
912 573 864 
===========
123 457 689 
456 389 712 
789 612 345 

297 845 136 
564 731 928 
831 296 574 

378 964 251 
645 123 897 
912 578 463 
===========
123 457 689 
456 389 712 
789 612 345 

297 845 163 
564 731 928 
831 296 574 

378 964 251 
645 123 897 
912 578 436 
===========
123 457 689 
456 389 712 
789 612 345 

297 846 153 
564 731 298 
831 295 476 

378 964 521 
645 128 937 
912 573 864 
===========
123 457 689 
456 389 712 
789 612 345 

297 846 531 
564 731 298 
831 295 467 

378 924 156 
645 178 923 
912 563 874 
===========
123 457 689 
456 389 712 
789 612 345 

297 846 531 
564 731 928 
831 295 467 

378 924 156 
645 178 293 
912 563 874 
===========
123 457 689 
456 389 712 
789 612 345 

297 861 453 
564 793 128 
831 245 976 

378 924 561 
645 138 297 
912 576 834 
===========
123 457 689 
456 389 712 
789 612 345 

297 861 534 
564 793 128 
831 245 967 

378 926 451 
645 178 293 
912 534 876 
===========
123 457 689 
456 389 712 
789 612 345 

297 861 534 
564 793 128 
831 245 976 

378 926 451 
645 178 293 
912 534 867 
===========
123 457 689 
456 389 712 
789 612 345 

297 861 534 
564 793 821 
831 245 967 

378 924 156 
645 178 293 
912 536 478 
===========
123 457 689 
456 389 712 
789 612 345 

297 861 534 
564 793 128 
831 245 976 

378 926 451 
645 138 297 
912 574 863 
===========
123 457 689 
456 389 712 
789 612 345 

297 863 154 
564 791 823 
831 245 976 

378 924 561 
645 138 297 
912 576 438 
===========
123 457 689 
456 389 712 
789 612 345 

297 864 153 
564 731 298 
831 295 476 

378 946 521 
645 128 937 
912 573 864 
===========
123 457 689 
456 389 712 
789 612 345 

297 864 531 
564 731 298 
831 295 467 

378 926 154 
645 178 923 
912 543 876 
===========
123 457 689 
456 389 712 
789 612 345 

297 864 531 
564 731 298 
831 295 476 

378 926 154 
645 178 923 
912 543 867 
===========
123 457 689 
456 389 712 
789 612 345 

297 864 531 
564 731 928 
831 295 467 

378 926 154 
645 178 293 
912 543 876 
===========
123 457 689 
456 389 712 
789 612 345 

297 864 531 
564 731 928 
831 295 476 

378 926 154 
645 178 293 
912 543 867 
===========
123 457 689 
456 389 712 
789 612 345 

297 865 134 
564 731 298 
831 294 567 

378 926 451 
645 178 923 
912 543 876 
===========
123 457 689 
456 389 712 
789 612 345 

297 865 134 
564 731 298 
831 294 576 

378 926 451 
645 178 923 
912 543 867 
===========
123 457 689 
456 389 712 
789 612 345 

297 865 134 
564 731 928 
831 294 567 

378 926 451 
645 178 293 
912 543 876 
===========
123 457 689 
456 389 712 
789 612 345 

297 865 134 
564 731 928 
831 294 576 

378 926 451 
645 178 293 
912 543 867 
===========
123 457 689 
456 389 712 
789 612 345 

297 865 134 
564 731 928 
831 294 576 

378 946 251 
645 123 897 
912 578 463 
===========
123 457 689 
456 389 712 
789 612 345 

297 865 431 
564 731 298 
831 294 567 

378 926 154 
645 178 923 
912 543 876 
===========
123 457 689 
456 389 712 
789 612 345 

297 865 431 
564 731 298 
831 294 576 

378 926 154 
645 178 923 
912 543 867 
===========
123 457 689 
456 389 712 
789 612 345 

297 865 431 
564 731 928 
831 294 567 

378 926 154 
645 178 293 
912 543 876 
===========
123 457 689 
456 389 712 
789 612 345 

297 865 431 
564 731 928 
831 294 576 

378 926 154 
645 178 293 
912 543 867 
===========
123 457 689 
456 389 712 
789 612 345 

297 834 156 
564 291 837 
831 765 294 

378 946 521 
645 128 973 
912 573 468 
===========
123 457 689 
456 389 712 
789 612 345 

297 834 156 
564 291 837 
831 765 294 

378 946 521 
645 123 978 
912 578 463 
===========
123 457 689 
456 389 712 
789 612 345 

297 834 156 
564 291 873 
831 765 294 

378 946 521 
645 128 937 
912 573 468 
===========
123 457 689 
456 389 712 
789 612 345 

297 836 154 
564 291 837 
831 745 296 

378 924 561 
645 178 923 
912 563 478 
===========
123 457 689 
456 389 712 
789 612 345 

297 836 154 
564 291 837 
831 745 926 

378 924 561 
645 178 293 
912 563 478 
===========
123 457 689 
456 389 712 
789 612 345 

297 836 154 
564 291 837 
831 745 296 

378 924 561 
645 173 928 
912 568 473 
===========
123 457 689 
456 389 712 
789 612 345 

297 836 154 
564 291 837 
831 745 926 

378 924 561 
645 173 298 
912 568 473 
===========
123 457 689 
456 389 712 
789 612 345 

297 836 154 
564 291 873 
831 745 296 

378 924 561 
645 173 928 
912 568 437 
===========
123 457 689 
456 389 712 
789 612 345 

297 836 154 
564 291 873 
831 745 926 

378 924 561 
645 173 298 
912 568 437 
===========
123 457 689 
456 389 712 
789 612 345 

297 836 154 
564 291 837 
831 745 296 

378 964 521 
645 128 973 
912 573 468 
===========
123 457 689 
456 389 712 
789 612 345 

297 836 154 
564 291 837 
831 745 296 

378 964 521 
645 123 978 
912 578 463 
===========
123 457 689 
456 389 712 
789 612 345 

297 836 154 
564 291 873 
831 745 296 

378 964 521 
645 128 937 
912 573 468 
===========
123 457 689 
456 389 712 
789 612 345 

297 841 536 
564 293 178 
831 765 294 

378 926 451 
645 178 923 
912 534 867 
===========
123 457 689 
456 389 712 
789 612 345 

297 841 536 
564 293 178 
831 765 924 

378 926 451 
645 178 293 
912 534 867 
===========
123 457 689 
456 389 712 
789 612 345 

297 841 536 
564 293 178 
831 765 294 

378 926 451 
645 138 927 
912 574 863 
===========
123 457 689 
456 389 712 
789 612 345 

297 841 536 
564 293 178 
831 765 924 

378 926 451 
645 138 297 
912 574 863 
===========
123 457 689 
456 389 712 
789 612 345 

297 841 563 
564 293 178 
831 765 294 

378 926 451 
645 138 927 
912 574 836 
===========
123 457 689 
456 389 712 
789 612 345 

297 841 563 
564 293 178 
831 765 924 

378 926 451 
645 138 297 
912 574 836 
===========
123 457 689 
456 389 712 
789 612 345 

297 841 563 
564 293 871 
831 765 294 

378 924 156 
645 138 927 
912 576 438 
===========
123 457 689 
456 389 712 
789 612 345 

297 841 563 
564 293 871 
831 765 924 

378 924 156 
645 138 297 
912 576 438 
===========
123 457 689 
456 389 712 
789 612 345 

297 843 156 
564 291 837 
831 765 294 

378 924 561 
645 178 923 
912 536 478 
===========
123 457 689 
456 389 712 
789 612 345 

297 843 156 
564 291 837 
831 765 924 

378 924 561 
645 178 293 
912 536 478 
===========
123 457 689 
456 389 712 
789 612 345 

297 843 156 
564 291 873 
831 765 294 

378 924 561 
645 138 927 
912 576 438 
===========
123 457 689 
456 389 712 
789 612 345 

297 843 156 
564 291 873 
831 765 924 

378 924 561 
645 138 297 
912 576 438 
===========
123 457 689 
456 389 712 
789 612 345 

297 843 561 
564 291 837 
831 765 294 

378 924 156 
645 178 923 
912 536 478 
===========
123 457 689 
456 389 712 
789 612 345 

297 843 561 
564 291 837 
831 765 924 

378 924 156 
645 178 293 
912 536 478 
===========
123 457 689 
456 389 712 
789 612 345 

297 843 561 
564 291 873 
831 765 294 

378 924 156 
645 138 927 
912 576 438 
===========
123 457 689 
456 389 712 
789 612 345 

297 843 561 
564 291 873 
831 765 924 

378 924 156 
645 138 297 
912 576 438 
===========
123 457 689 
456 389 712 
789 612 345 

297 845 136 
564 231 897 
831 796 254 

378 924 561 
645 178 923 
912 563 478 
===========
123 457 689 
456 389 712 
789 612 345 

297 845 136 
564 231 897 
831 796 254 

378 924 561 
645 173 928 
912 568 473 
===========
123 457 689 
456 389 712 
789 612 345 

297 845 136 
564 231 897 
831 796 254 

378 964 521 
645 128 973 
912 573 468 
===========
123 457 689 
456 389 712 
789 612 345 

297 845 136 
564 231 897 
831 796 524 

378 964 251 
645 128 973 
912 573 468 
===========
123 457 689 
456 389 712 
789 612 345 

297 845 136 
564 231 897 
831 796 254 

378 964 521 
645 123 978 
912 578 463 
===========
123 457 689 
456 389 712 
789 612 345 

297 845 136 
564 231 897 
831 796 524 

378 964 251 
645 123 978 
912 578 463 
===========
123 457 689 
456 389 712 
789 612 345 

297 845 136 
564 231 978 
831 796 254 

378 964 521 
645 123 897 
912 578 463 
===========
123 457 689 
456 389 712 
789 612 345 

297 845 136 
564 231 978 
831 796 524 

378 964 251 
645 123 897 
912 578 463 
===========
123 457 689 
456 389 712 
789 612 345 

297 845 163 
564 231 897 
831 796 254 

378 964 521 
645 123 978 
912 578 436 
===========
123 457 689 
456 389 712 
789 612 345 

297 845 163 
564 231 897 
831 796 524 

378 964 251 
645 123 978 
912 578 436 
===========
123 457 689 
456 389 712 
789 612 345 

297 845 163 
564 231 978 
831 796 254 

378 964 521 
645 123 897 
912 578 436 
===========
123 457 689 
456 389 712 
789 612 345 

297 845 163 
564 231 978 
831 796 524 

378 964 251 
645 123 897 
912 578 436 
===========
123 457 689 
456 389 712 
789 612 345 

297 846 153 
564 231 897 
831 795 264 

378 964 521 
645 123 978 
912 578 436 
===========
123 457 689 
456 389 712 
789 612 345 

297 846 153 
564 231 978 
831 795 264 

378 964 521 
645 123 897 
912 578 436 
===========
