123 457 689 
456 398 217 
789 126 345 

297 814 536 
564 932 871 
831 765 924 

378 649 152 
645 281 793 
912 573 468 
===========
123 457 689 
456 398 217 
789 126 345 

297 815 436 
564 932 178 
831 764 952 

378 649 521 
645 281 793 
912 573 864 
===========
123 457 689 
456 398 217 
789 126 345 

297 815 436 
564 932 178 
831 764 952 

378 649 521 
645 271 893 
912 583 764 
===========
123 457 689 
456 398 217 
789 126 345 

297 834 156 
564 912 738 
831 765 492 

378 649 521 
645 281 973 
912 573 864 
===========
123 457 689 
456 398 217 
789 126 345 

297 834 156 
564 912 873 
831 765 924 

378 641 592 
645 289 731 
912 573 468 
===========
123 457 689 
456 398 217 
789 126 345 

297 834 156 
564 912 873 
831 765 492 

378 649 521 
645 271 938 
912 583 764 
===========
123 457 689 
456 398 217 
789 126 345 

297 834 561 
564 912 738 
831 765 924 

378 649 152 
645 271 893 
912 583 476 
===========
123 457 689 
456 398 217 
789 126 345 

297 835 164 
564 912 738 
831 764 952 

378 649 521 
645 271 893 
912 583 476 
===========
123 457 689 
456 398 217 
789 126 345 

297 841 536 
564 932 178 
831 765 924 

378 619 452 
645 283 791 
912 574 863 
===========
123 457 689 
456 398 217 
789 126 345 

297 841 536 
564 932 178 
831 765 924 

378 619 452 
645 273 891 
912 584 763 
===========
123 457 689 
456 398 217 
789 126 345 

297 841 536 
564 932 871 
831 765 924 

378 619 452 
645 273 198 
912 584 763 
===========
123 457 689 
456 398 217 
789 126 345 

297 841 563 
564 932 178 
831 765 924 

378 619 452 
645 283 791 
912 574 836 
===========
123 457 689 
456 398 217 
789 126 345 

297 841 563 
564 932 178 
831 765 924 

378 619 452 
645 273 891 
912 584 736 
===========
123 457 689 
456 398 217 
789 126 345 

297 841 563 
564 932 871 
831 765 924 

378 619 452 
645 273 198 
912 584 736 
===========
123 457 689 
456 398 217 
789 126 345 

297 845 136 
564 931 728 
831 762 594 

378 619 452 
645 283 971 
912 574 863 
===========
123 457 689 
456 398 217 
789 126 345 

297 845 163 
564 931 728 
831 762 594 

378 619 452 
645 283 971 
912 574 836 
===========
123 457 689 
456 398 217 
789 126 345 

297 845 163 
564 931 728 
831 762 594 

378 614 952 
645 279 831 
912 583 476 
===========
123 457 689 
456 398 217 
789 126 345 

297 845 163 
564 931 728 
831 762 954 

378 614 592 
645 279 831 
912 583 476 
===========
123 457 689 
456 398 217 
789 126 345 

297 861 453 
564 932 178 
831 745 926 

378 614 592 
645 289 731 
912 573 864 
===========
123 457 689 
456 398 217 
789 126 345 

297 861 453 
564 932 178 
831 745 962 

378 619 524 
645 283 791 
912 574 836 
===========
123 457 689 
456 398 217 
789 126 345 

297 861 453 
564 932 178 
831 745 926 

378 614 592 
645 279 831 
912 583 764 
===========
123 457 689 
456 398 217 
789 126 345 

297 861 453 
564 932 178 
831 745 962 

378 619 524 
645 273 891 
912 584 736 
===========
123 457 689 
456 398 217 
789 126 345 

297 861 453 
564 932 871 
831 745 926 

378 614 592 
645 279 138 
912 583 764 
===========
123 457 689 
456 398 217 
789 126 345 

297 861 453 
564 932 871 
831 745 962 

378 619 524 
645 273 198 
912 584 736 
===========
123 457 689 
456 398 217 
789 126 345 

297 861 534 
564 932 178 
831 745 926 

378 619 452 
645 283 791 
912 574 863 
===========
123 457 689 
456 398 217 
789 126 345 

297 861 534 
564 932 178 
831 745 926 

378 619 452 
645 273 891 
912 584 763 
===========
123 457 689 
456 398 217 
789 126 345 

297 861 534 
564 932 871 
831 745 926 

378 619 452 
645 273 198 
912 584 763 
===========
123 457 689 
456 398 217 
789 126 345 

297 865 134 
564 931 728 
831 742 596 

378 619 452 
645 283 971 
912 574 863 
===========
123 457 689 
456 398 217 
789 126 345 

297 865 431 
564 931 728 
831 742 596 

378 614 952 
645 289 173 
912 573 864 
===========
123 457 689 
456 398 217 
789 126 345 

297 865 431 
564 931 728 
831 742 956 

378 614 592 
645 289 173 
912 573 864 
===========
123 457 689 
456 398 217 
789 126 345 

297 865 431 
564 931 872 
831 742 956 

378 619 524 
645 273 198 
912 584 763 
===========
123 457 689 
456 398 217 
789 126 345 

297 814 536 
564 732 891 
831 965 724 

378 649 152 
645 281 973 
912 573 468 
===========
123 457 689 
456 398 217 
789 126 345 

297 814 536 
564 732 891 
831 965 724 

378 641 952 
645 289 173 
912 573 468 
===========
123 457 689 
456 398 217 
789 126 345 

297 814 563 
564 732 198 
831 965 724 

378 641 952 
645 279 831 
912 583 476 
===========
123 457 689 
456 398 217 
789 126 345 

297 814 563 
564 732 891 
831 965 724 

378 649 152 
645 271 938 
912 583 476 
===========
123 457 689 
456 398 217 
789 126 345 

297 814 563 
564 732 891 
831 965 724 

378 641 952 
645 279 138 
912 583 476 
===========
123 457 689 
456 398 217 
789 126 345 

297 815 436 
564 732 198 
831 964 752 

378 649 521 
645 281 973 
912 573 864 
===========
123 457 689 
456 398 217 
789 126 345 

297 834 156 
564 712 938 
831 965 472 

378 649 521 
645 281 793 
912 573 864 
===========
123 457 689 
456 398 217 
789 126 345 

297 834 156 
564 712 893 
831 965 472 

378 649 521 
645 271 938 
912 583 764 
===========
123 457 689 
456 398 217 
789 126 345 

297 834 156 
564 712 938 
831 965 472 

378 649 521 
645 271 893 
912 583 764 
===========
123 457 689 
456 398 217 
789 126 345 

297 834 561 
564 712 893 
831 965 724 

378 649 152 
645 271 938 
912 583 476 
===========
123 457 689 
456 398 217 
789 126 345 

297 834 561 
564 712 893 
831 965 724 

378 641 952 
645 279 138 
912 583 476 
===========
123 457 689 
456 398 217 
789 126 345 

297 834 561 
564 712 938 
831 965 724 

378 649 152 
645 271 893 
912 583 476 
===========
123 457 689 
456 398 217 
789 126 345 

297 835 164 
564 712 893 
831 964 752 

378 649 521 
645 271 938 
912 583 476 
===========
123 457 689 
456 398 217 
789 126 345 

297 835 164 
564 712 938 
831 964 752 

378 649 521 
645 271 893 
912 583 476 
===========
123 457 689 
456 398 217 
789 126 345 

297 841 536 
564 732 198 
831 965 724 

378 619 452 
645 283 971 
912 574 863 
===========
123 457 689 
456 398 217 
789 126 345 

297 841 536 
564 732 891 
831 965 724 

378 614 952 
645 289 173 
912 573 468 
===========
123 457 689 
456 398 217 
789 126 345 

297 841 563 
564 732 198 
831 965 724 

378 619 452 
645 283 971 
912 574 836 
===========
123 457 689 
456 398 217 
789 126 345 

297 841 563 
564 732 198 
831 965 724 

378 614 952 
645 279 831 
912 583 476 
===========
123 457 689 
456 398 217 
789 126 345 

297 841 563 
564 732 891 
831 965 724 

378 614 952 
645 279 138 
912 583 476 
===========
123 457 689 
456 398 217 
789 126 345 

297 845 136 
564 731 928 
831 962 574 

378 619 452 
645 283 791 
912 574 863 
===========
123 457 689 
456 398 217 
789 126 345 

297 845 136 
564 731 928 
831 962 574 

378 619 452 
645 273 891 
912 584 763 
===========
123 457 689 
456 398 217 
789 126 345 

297 845 163 
564 731 928 
831 962 574 

378 619 452 
645 283 791 
912 574 836 
===========
123 457 689 
456 398 217 
789 126 345 

297 845 163 
564 731 928 
831 962 754 

378 614 592 
645 279 831 
912 583 476 
===========
123 457 689 
456 398 217 
789 126 345 

297 845 163 
564 731 928 
831 962 574 

378 619 452 
645 273 891 
912 584 736 
===========
123 457 689 
456 398 217 
789 126 345 

297 861 453 
564 732 198 
831 945 762 

378 619 524 
645 283 971 
912 574 836 
===========
123 457 689 
456 398 217 
789 126 345 

297 861 534 
564 732 198 
831 945 726 

378 619 452 
645 283 971 
912 574 863 
===========
123 457 689 
456 398 217 
789 126 345 

297 861 534 
564 732 891 
831 945 726 

378 614 952 
645 289 173 
912 573 468 
===========
123 457 689 
456 398 217 
789 126 345 

297 865 134 
564 731 928 
831 942 576 

378 619 452 
645 283 791 
912 574 863 
===========
123 457 689 
456 398 217 
789 126 345 

297 865 134 
564 731 928 
831 942 576 

378 619 452 
645 273 891 
912 584 763 
===========
123 457 689 
456 398 217 
789 126 345 

297 865 431 
564 731 928 
831 942 756 

378 614 592 
645 289 173 
912 573 864 
===========
123 457 689 
456 398 217 
789 126 345 

297 815 436 
564 732 198 
831 649 752 

378 964 521 
645 281 973 
912 573 864 
===========
123 457 689 
456 398 217 
789 126 345 

297 815 436 
564 732 198 
831 649 752 

378 961 524 
645 283 971 
912 574 863 
===========
123 457 689 
456 398 217 
789 126 345 

297 815 463 
564 732 198 
831 649 752 

378 961 524 
645 283 971 
912 574 836 
===========
123 457 689 
456 398 217 
789 126 345 

297 835 164 
564 712 893 
831 649 752 

378 964 521 
645 271 938 
912 583 476 
===========
123 457 689 
456 398 217 
789 126 345 

297 835 164 
564 712 938 
831 649 752 

378 964 521 
645 271 893 
912 583 476 
===========
123 457 689 
456 398 217 
789 126 345 

297 615 438 
564 832 791 
831 749 526 

378 964 152 
645 281 973 
912 573 864 
===========
123 457 689 
456 398 217 
789 126 345 

297 615 438 
564 832 971 
831 749 526 

378 964 152 
645 281 793 
912 573 864 
===========
123 457 689 
456 398 217 
789 126 345 

297 615 438 
564 839 172 
831 742 956 

378 964 521 
645 281 793 
912 573 864 
===========
123 457 689 
456 398 217 
789 126 345 

297 615 438 
564 839 172 
831 742 956 

378 961 524 
645 283 791 
912 574 863 
===========
123 457 689 
456 398 217 
789 126 345 

297 615 438 
564 839 721 
831 742 596 

378 964 152 
645 281 973 
912 573 864 
===========
123 457 689 
456 398 217 
789 126 345 

297 615 438 
564 832 971 
831 749 526 

378 964 152 
645 271 893 
912 583 764 
===========
123 457 689 
456 398 217 
789 126 345 

297 615 438 
564 839 172 
831 742 956 

378 964 521 
645 271 893 
912 583 764 
===========
123 457 689 
456 398 217 
789 126 345 

297 615 438 
564 839 172 
831 742 956 

378 961 524 
645 273 891 
912 584 763 
===========
123 457 689 
456 398 217 
789 126 345 

297 615 834 
564 832 791 
831 749 526 

378 964 152 
645 281 973 
912 573 468 
===========
123 457 689 
456 398 217 
789 126 345 

297 615 834 
564 832 971 
831 749 526 

378 964 152 
645 281 793 
912 573 468 
===========
123 457 689 
456 398 217 
789 126 345 

297 615 834 
564 839 172 
831 742 956 

378 964 521 
645 281 793 
912 573 468 
===========
123 457 689 
456 398 217 
789 126 345 

297 615 834 
564 839 721 
831 742 596 

378 964 152 
645 281 973 
912 573 468 
===========
123 457 689 
456 398 217 
789 126 345 

297 615 834 
564 832 971 
831 749 526 

378 961 452 
645 273 198 
912 584 763 
===========
123 457 689 
456 398 217 
789 126 345 

297 813 456 
564 972 831 
831 645 972 

378 261 594 
645 789 123 
912 534 768 
===========
123 457 689 
456 398 217 
789 126 345 

297 813 456 
564 972 138 
831 645 972 

378 261 594 
645 739 821 
912 584 763 
===========
123 457 689 
456 398 217 
789 126 345 

297 813 456 
564 972 831 
831 645 972 

378 261 594 
645 739 128 
912 584 763 
===========
123 457 689 
456 398 217 
789 126 345 

297 813 564 
564 972 138 
831 645 792 

378 269 451 
645 781 923 
912 534 876 
===========
123 457 689 
456 398 217 
789 126 345 

297 814 536 
564 932 871 
831 675 492 

378 269 154 
645 781 923 
912 543 768 
===========
123 457 689 
456 398 217 
789 126 345 

297 814 536 
564 932 871 
831 675 492 

378 261 954 
645 789 123 
912 543 768 
===========
123 457 689 
456 398 217 
789 126 345 

297 815 436 
564 932 871 
831 674 592 

378 269 154 
645 781 923 
912 543 768 
===========
123 457 689 
456 398 217 
789 126 345 

297 815 436 
564 932 871 
831 674 592 

378 261 954 
645 789 123 
912 543 768 
===========
123 457 689 
456 398 217 
789 126 345 

297 815 436 
564 932 871 
831 674 952 

378 261 594 
645 789 123 
912 543 768 
===========
123 457 689 
456 398 217 
789 126 345 

297 831 456 
564 972 138 
831 645 792 

378 219 564 
645 783 921 
912 564 873 
===========
123 457 689 
456 398 217 
789 126 345 

297 831 456 
564 972 138 
831 645 972 

378 264 591 
645 719 823 
912 583 764 
===========
123 457 689 
456 398 217 
789 126 345 

297 831 564 
564 972 138 
831 645 792 

378 219 456 
645 783 921 
912 564 873 
===========
123 457 689 
456 398 217 
789 126 345 

297 831 564 
564 972 831 
831 645 792 

378 214 956 
645 789 123 
912 563 478 
===========
123 457 689 
456 398 217 
789 126 345 

297 831 564 
564 972 138 
831 645 792 

378 264 951 
645 719 823 
912 583 476 
===========
123 457 689 
456 398 217 
789 126 345 

297 834 156 
564 912 738 
831 675 492 

378 249 561 
645 781 923 
912 563 874 
===========
123 457 689 
456 398 217 
789 126 345 

297 834 561 
564 912 738 
831 675 492 

378 269 154 
645 781 923 
912 543 876 
===========
123 457 689 
456 398 217 
789 126 345 

297 834 561 
564 912 738 
831 675 492 

378 261 954 
645 789 123 
912 543 876 
===========
123 457 689 
456 398 217 
789 126 345 

297 834 561 
564 912 738 
831 675 492 

378 249 156 
645 781 923 
912 563 874 
===========
123 457 689 
456 398 217 
789 126 345 

297 834 561 
564 912 738 
831 675 492 

378 241 956 
645 789 123 
912 563 874 
===========
123 457 689 
456 398 217 
789 126 345 

297 835 164 
564 912 738 
831 674 592 

378 269 451 
645 781 923 
912 543 876 
===========
123 457 689 
456 398 217 
789 126 345 

297 835 461 
564 912 738 
831 674 592 

378 269 154 
645 781 923 
912 543 876 
===========
123 457 689 
456 398 217 
789 126 345 

297 835 461 
564 912 738 
831 674 592 

378 261 954 
645 789 123 
912 543 876 
===========
123 457 689 
456 398 217 
789 126 345 

297 835 461 
564 912 738 
831 674 952 

378 261 594 
645 789 123 
912 543 876 
===========
123 457 689 
456 398 217 
789 126 345 

297 835 461 
564 912 738 
831 674 592 

378 249 156 
645 781 923 
912 563 874 
===========
123 457 689 
456 398 217 
789 126 345 

297 835 461 
564 912 738 
831 674 592 

378 241 956 
645 789 123 
912 563 874 
===========
123 457 689 
456 398 217 
789 126 345 

297 835 461 
564 912 738 
831 674 952 

378 241 596 
645 789 123 
912 563 874 
===========
123 457 689 
456 398 217 
789 126 345 

297 841 536 
564 932 178 
831 675 492 

378 264 951 
645 719 823 
912 583 764 
===========
123 457 689 
456 398 217 
789 126 345 

297 841 536 
564 932 178 
831 675 924 

378 269 451 
645 713 892 
912 584 763 
===========
123 457 689 
456 398 217 
789 126 345 

297 841 536 
564 932 871 
831 675 492 

378 269 154 
645 713 928 
912 584 763 
===========
123 457 689 
456 398 217 
789 126 345 

297 841 563 
564 932 871 
831 675 924 

378 219 456 
645 783 192 
912 564 738 
===========
123 457 689 
456 398 217 
789 126 345 

297 841 563 
564 932 178 
831 675 924 

378 269 451 
645 713 892 
912 584 736 
===========
123 457 689 
456 398 217 
789 126 345 

297 841 563 
564 932 871 
831 675 492 

378 269 154 
645 713 928 
912 584 736 
===========
123 457 689 
456 398 217 
789 126 345 

297 843 561 
564 912 738 
831 675 492 

378 269 154 
645 781 923 
912 534 876 
===========
123 457 689 
456 398 217 
789 126 345 

297 843 561 
564 912 738 
831 675 492 

378 261 954 
645 789 123 
912 534 876 
===========
123 457 689 
456 398 217 
789 126 345 

297 843 561 
564 912 873 
831 675 492 

378 269 154 
645 731 928 
912 584 736 
===========
123 457 689 
456 398 217 
789 126 345 

297 843 561 
564 912 873 
831 675 492 

378 261 954 
645 739 128 
912 584 736 
===========
123 457 689 
456 398 217 
789 126 345 

297 845 136 
564 913 872 
831 672 594 

378 269 451 
645 781 923 
912 534 768 
===========
123 457 689 
456 398 217 
789 126 345 

297 845 136 
564 931 872 
831 672 594 

378 269 451 
645 713 928 
912 584 763 
===========
123 457 689 
456 398 217 
789 126 345 

297 845 136 
564 913 872 
831 672 594 

378 269 451 
645 731 928 
912 584 763 
===========
123 457 689 
456 398 217 
789 126 345 

297 845 163 
564 913 728 
831 672 594 

378 269 451 
645 781 932 
912 534 876 
===========
123 457 689 
456 398 217 
789 126 345 

297 845 163 
564 931 872 
831 672 594 

378 219 456 
645 783 921 
912 564 738 
===========
123 457 689 
456 398 217 
789 126 345 

297 845 163 
564 931 728 
831 672 594 

378 264 951 
645 719 832 
912 583 476 
===========
123 457 689 
456 398 217 
789 126 345 

297 845 163 
564 931 728 
831 672 954 

378 264 591 
645 719 832 
912 583 476 
===========
123 457 689 
456 398 217 
789 126 345 

297 845 163 
564 931 872 
831 672 594 

378 269 451 
645 713 928 
912 584 736 
===========
123 457 689 
456 398 217 
789 126 345 

297 845 163 
564 913 872 
831 672 594 

378 269 451 
645 731 928 
912 584 736 
===========
123 457 689 
456 398 217 
789 126 345 

297 613 458 
564 872 931 
831 945 762 

378 261 594 
645 789 123 
912 534 876 
===========
123 457 689 
456 398 217 
789 126 345 

297 614 538 
564 832 791 
831 975 462 

378 269 154 
645 781 923 
912 543 876 
===========
123 457 689 
456 398 217 
789 126 345 

297 614 538 
564 832 791 
831 975 462 

378 261 954 
645 789 123 
912 543 876 
===========
123 457 689 
456 398 217 
789 126 345 

297 614 538 
564 832 791 
831 975 462 

378 249 156 
645 781 923 
912 563 874 
===========
123 457 689 
456 398 217 
789 126 345 

297 614 538 
564 832 791 
831 975 462 

378 241 956 
645 789 123 
912 563 874 
===========
123 457 689 
456 398 217 
789 126 345 

297 614 853 
564 832 971 
831 975 426 

378 261 594 
645 789 132 
912 543 768 
===========
123 457 689 
456 398 217 
789 126 345 

297 615 438 
564 832 791 
831 974 562 

378 269 154 
645 781 923 
912 543 876 
===========
123 457 689 
456 398 217 
789 126 345 

297 615 438 
564 832 791 
831 974 562 

378 261 954 
645 789 123 
912 543 876 
===========
123 457 689 
456 398 217 
789 126 345 

297 615 438 
564 832 791 
831 974 562 

378 249 156 
645 781 923 
912 563 874 
===========
123 457 689 
456 398 217 
789 126 345 

297 615 438 
564 832 791 
831 974 562 

378 241 956 
645 789 123 
912 563 874 
===========
123 457 689 
456 398 217 
789 126 345 

297 615 438 
564 873 192 
831 942 576 

378 261 954 
645 739 821 
912 584 763 
===========
123 457 689 
456 398 217 
789 126 345 

297 615 438 
564 873 921 
831 942 576 

378 269 154 
645 731 892 
912 584 763 
===========
123 457 689 
456 398 217 
789 126 345 

297 615 834 
564 873 192 
831 942 576 

378 269 451 
645 781 923 
912 534 768 
===========
123 457 689 
456 398 217 
789 126 345 

297 615 834 
564 832 791 
831 974 562 

378 249 156 
645 781 923 
912 563 478 
===========
123 457 689 
456 398 217 
789 126 345 

297 615 834 
564 832 791 
831 974 562 

378 241 956 
645 789 123 
912 563 478 
===========
123 457 689 
456 398 217 
789 126 345 

297 615 834 
564 873 192 
831 942 576 

378 269 451 
645 731 928 
912 584 763 
===========
123 457 689 
456 398 217 
789 126 345 

297 631 458 
564 872 931 
831 945 762 

378 214 596 
645 789 123 
912 563 874 
===========
123 457 689 
456 398 217 
789 126 345 

297 631 458 
564 872 931 
831 945 726 

378 219 564 
645 783 192 
912 564 873 
===========
123 457 689 
456 398 217 
789 126 345 

297 631 854 
564 872 931 
831 945 762 

378 214 596 
645 789 123 
912 563 478 
===========
123 457 689 
456 398 217 
789 126 345 

297 634 158 
564 812 793 
831 975 426 

378 249 561 
645 781 932 
912 563 874 
===========
123 457 689 
456 398 217 
789 126 345 

297 634 851 
564 812 973 
831 975 426 

378 261 594 
645 789 132 
912 543 768 
===========
123 457 689 
456 398 217 
789 126 345 

297 641 538 
564 832 791 
831 975 462 

378 214 956 
645 789 123 
912 563 874 
===========
123 457 689 
456 398 217 
789 126 345 

297 641 538 
564 832 971 
831 975 426 

378 269 154 
645 713 892 
912 584 763 
===========
123 457 689 
456 398 217 
789 126 345 

297 641 853 
564 832 971 
831 975 426 

378 219 564 
645 783 192 
912 564 738 
===========
123 457 689 
456 398 217 
789 126 345 

297 643 158 
564 812 973 
831 975 462 

378 261 594 
645 739 821 
912 584 736 
===========
123 457 689 
456 398 217 
789 126 345 

297 643 851 
564 812 973 
831 975 426 

378 261 594 
645 789 132 
912 534 768 
===========
123 457 689 
456 398 217 
789 126 345 

297 643 851 
564 812 973 
831 975 462 

378 261 594 
645 739 128 
912 584 736 
===========
123 457 689 
456 398 217 
789 126 345 

297 645 138 
564 813 792 
831 972 564 

378 269 451 
645 781 923 
912 534 876 
===========
123 457 689 
456 398 217 
789 126 345 

297 645 138 
564 831 792 
831 972 456 

378 219 564 
645 783 921 
912 564 873 
===========
123 457 689 
456 398 217 
789 126 345 

297 645 138 
564 831 792 
831 972 564 

378 219 456 
645 783 921 
912 564 873 
===========
123 457 689 
456 398 217 
789 126 345 

297 645 138 
564 831 792 
831 972 564 

378 264 951 
645 719 823 
912 583 476 
===========
123 457 689 
456 398 217 
789 126 345 

297 645 138 
564 831 972 
831 972 456 

378 264 591 
645 719 823 
912 583 764 
===========
123 457 689 
456 398 217 
789 126 345 

297 645 138 
564 813 972 
831 972 456 

378 261 594 
645 739 821 
912 584 763 
===========
123 457 689 
456 398 217 
789 126 345 

297 645 831 
564 813 972 
831 972 456 

378 261 594 
645 789 123 
912 534 768 
===========
123 457 689 
456 398 217 
789 126 345 

297 645 831 
564 831 792 
831 972 564 

378 214 956 
645 789 123 
912 563 478 
===========
123 457 689 
456 398 217 
789 126 345 

297 645 831 
564 813 972 
831 972 456 

378 261 594 
645 739 128 
912 584 763 
===========
123 457 689 
456 398 217 
789 126 345 

297 834 561 
564 971 823 
831 265 794 

378 649 152 
645 712 938 
912 583 476 
===========
123 457 689 
456 398 217 
789 126 345 

297 841 536 
564 973 821 
831 265 974 

378 619 452 
645 782 193 
912 534 768 
===========
123 457 689 
456 398 217 
789 126 345 

297 841 536 
564 973 128 
831 265 974 

378 619 452 
645 732 891 
912 584 763 
===========
123 457 689 
456 398 217 
789 126 345 

297 841 536 
564 973 821 
831 265 974 

378 619 452 
645 732 198 
912 584 763 
===========
123 457 689 
456 398 217 
789 126 345 

297 841 563 
564 973 128 
831 265 794 

378 619 452 
645 782 931 
912 534 876 
===========
123 457 689 
456 398 217 
789 126 345 

297 841 563 
564 973 128 
831 265 974 

378 619 452 
645 732 891 
912 584 736 
===========
123 457 689 
456 398 217 
789 126 345 

297 841 563 
564 973 821 
831 265 974 

378 619 452 
645 732 198 
912 584 736 
===========
123 457 689 
456 398 217 
789 126 345 

297 843 561 
564 971 823 
831 265 974 

378 619 452 
645 732 198 
912 584 736 
===========
123 457 689 
456 398 217 
789 126 345 

297 861 453 
564 973 821 
831 245 976 

378 612 594 
645 789 132 
912 534 768 
===========
123 457 689 
456 398 217 
789 126 345 

297 861 534 
564 973 821 
831 245 976 

378 619 452 
645 782 193 
912 534 768 
===========
123 457 689 
456 398 217 
789 126 345 

297 861 534 
564 973 128 
831 245 976 

378 619 452 
645 732 891 
912 584 763 
===========
123 457 689 
456 398 217 
789 126 345 

297 861 534 
564 973 821 
831 245 976 

378 619 452 
645 732 198 
912 584 763 
===========
123 457 689 
456 398 217 
789 126 345 

297 863 451 
564 971 823 
831 245 976 

378 612 594 
645 789 132 
912 534 768 
===========
123 457 689 
456 398 217 
789 126 345 

297 863 451 
564 971 832 
831 245 976 

378 619 524 
645 782 193 
912 534 768 
===========
123 457 689 
456 398 217 
789 126 345 

297 863 451 
564 971 832 
831 245 976 

378 612 594 
645 789 123 
912 534 768 
===========
123 457 689 
456 398 217 
789 126 345 

297 863 451 
564 971 832 
831 245 976 

378 619 524 
645 732 198 
912 584 763 
===========
123 457 689 
456 398 217 
789 126 345 

297 863 451 
564 971 832 
831 245 976 

378 612 594 
645 739 128 
912 584 763 
===========
123 457 689 
456 398 217 
789 126 345 

297 864 153 
564 931 872 
831 275 496 

378 619 524 
645 782 931 
912 543 768 
===========
123 457 689 
456 398 217 
789 126 345 

297 864 153 
564 931 728 
831 275 964 

378 642 591 
645 719 832 
912 583 476 
===========
123 457 689 
456 398 217 
789 126 345 

297 864 153 
564 931 872 
831 275 496 

378 649 521 
645 712 938 
912 583 764 
===========
123 457 689 
456 398 217 
789 126 345 

297 864 531 
564 931 728 
831 275 964 

378 619 452 
645 782 193 
912 543 876 
===========
123 457 689 
456 398 217 
789 126 345 

297 864 531 
564 931 872 
831 275 496 

378 612 954 
645 789 123 
912 543 768 
===========
123 457 689 
456 398 217 
789 126 345 

297 864 531 
564 931 728 
831 275 964 

378 649 152 
645 712 893 
912 583 476 
===========
123 457 689 
456 398 217 
789 126 345 

297 865 431 
564 931 872 
831 274 956 

378 619 524 
645 782 193 
912 543 768 
===========
123 457 689 
456 398 217 
789 126 345 

297 865 431 
564 931 872 
831 274 596 

378 612 954 
645 789 123 
912 543 768 
===========
123 457 689 
456 398 217 
789 126 345 

297 865 431 
564 931 872 
831 274 956 

378 612 594 
645 789 123 
912 543 768 
===========
123 457 689 
456 398 217 
789 126 345 

297 834 156 
564 271 893 
831 965 472 

378 619 524 
645 782 931 
912 543 768 
===========
123 457 689 
456 398 217 
789 126 345 

297 834 156 
564 271 893 
831 965 472 

378 649 521 
645 712 938 
912 583 764 
===========
123 457 689 
456 398 217 
789 126 345 

297 834 156 
564 271 938 
831 965 472 

378 649 521 
645 712 893 
912 583 764 
===========
123 457 689 
456 398 217 
789 126 345 

297 834 156 
564 271 938 
831 965 472 

378 642 591 
645 719 823 
912 583 764 
===========
123 457 689 
456 398 217 
789 126 345 

297 834 561 
564 271 938 
831 965 724 

378 619 452 
645 782 193 
912 543 876 
===========
123 457 689 
456 398 217 
789 126 345 

297 834 561 
564 271 893 
831 965 724 

378 649 152 
645 712 938 
912 583 476 
===========
123 457 689 
456 398 217 
789 126 345 

297 834 561 
564 271 938 
831 965 724 

378 649 152 
645 712 893 
912 583 476 
===========
123 457 689 
456 398 217 
789 126 345 

297 835 164 
564 271 893 
831 964 752 

378 649 521 
645 712 938 
912 583 476 
===========
123 457 689 
456 398 217 
789 126 345 

297 835 164 
564 271 938 
831 964 752 

378 649 521 
645 712 893 
912 583 476 
===========
123 457 689 
456 398 217 
789 126 345 

297 835 164 
564 271 938 
831 964 752 

378 642 591 
645 719 823 
912 583 476 
===========
123 457 689 
456 398 217 
789 126 345 

297 835 461 
564 271 938 
831 964 752 

378 619 524 
645 782 193 
912 543 876 
===========
123 457 689 
456 398 217 
789 126 345 

297 835 461 
564 271 938 
831 964 752 

378 612 594 
645 789 123 
912 543 876 
===========
123 457 689 
456 398 217 
789 126 345 

297 841 536 
564 273 891 
831 965 472 

378 612 954 
645 789 123 
912 534 768 
===========
123 457 689 
456 398 217 
789 126 345 

297 841 536 
564 273 198 
831 965 472 

378 612 954 
645 739 821 
912 584 763 
===========
123 457 689 
456 398 217 
789 126 345 

297 841 536 
564 273 891 
831 965 472 

378 612 954 
645 739 128 
912 584 763 
===========
