123 457 689 
456 398 217 
789 612 345 

297 834 156 
564 921 873 
831 765 924 

378 246 591 
645 189 732 
912 573 468 
===========
123 457 689 
456 398 217 
789 612 345 

297 834 156 
564 921 873 
831 765 924 

378 249 561 
645 183 792 
912 576 438 
===========
123 457 689 
456 398 217 
789 612 345 

297 834 156 
564 921 738 
831 765 924 

378 249 561 
645 173 892 
912 586 473 
===========
123 457 689 
456 398 217 
789 612 345 

297 834 156 
564 921 873 
831 765 492 

378 249 561 
645 173 928 
912 586 734 
===========
123 457 689 
456 398 217 
789 612 345 

297 834 561 
564 921 873 
831 765 924 

378 249 156 
645 183 792 
912 576 438 
===========
123 457 689 
456 398 217 
789 612 345 

297 834 561 
564 921 738 
831 765 924 

378 249 156 
645 173 892 
912 586 473 
===========
123 457 689 
456 398 217 
789 612 345 

297 834 561 
564 921 873 
831 765 492 

378 249 156 
645 173 928 
912 586 734 
===========
123 457 689 
456 398 217 
789 612 345 

297 835 164 
564 921 738 
831 764 592 

378 246 951 
645 179 823 
912 583 476 
===========
123 457 689 
456 398 217 
789 612 345 

297 835 164 
564 921 738 
831 764 952 

378 246 591 
645 179 823 
912 583 476 
===========
123 457 689 
456 398 217 
789 612 345 

297 835 164 
564 921 738 
831 746 592 

378 264 951 
645 179 823 
912 583 476 
===========
123 457 689 
456 398 217 
789 612 345 

297 835 164 
564 921 738 
831 746 952 

378 264 591 
645 179 823 
912 583 476 
===========
123 457 689 
456 398 217 
789 612 345 

297 835 164 
564 921 873 
831 746 592 

378 269 451 
645 173 928 
912 584 736 
===========
123 457 689 
456 398 217 
789 612 345 

297 835 461 
564 921 873 
831 764 592 

378 249 156 
645 173 928 
912 586 734 
===========
123 457 689 
456 398 217 
789 612 345 

297 835 461 
564 921 873 
831 746 592 

378 269 154 
645 173 928 
912 584 736 
===========
123 457 689 
456 398 217 
789 612 345 

297 836 154 
564 921 873 
831 745 926 

378 264 591 
645 189 732 
912 573 468 
===========
123 457 689 
456 398 217 
789 612 345 

297 836 154 
564 921 738 
831 745 962 

378 264 591 
645 179 823 
912 583 476 
===========
123 457 689 
456 398 217 
789 612 345 

297 845 136 
564 931 728 
831 726 594 

378 269 451 
645 183 972 
912 574 863 
===========
123 457 689 
456 398 217 
789 612 345 

297 845 136 
564 931 872 
831 726 594 

378 264 951 
645 189 723 
912 573 468 
===========
123 457 689 
456 398 217 
789 612 345 

297 845 136 
564 931 872 
831 726 954 

378 264 591 
645 189 723 
912 573 468 
===========
123 457 689 
456 398 217 
789 612 345 

297 845 136 
564 931 872 
831 726 594 

378 269 451 
645 173 928 
912 584 763 
===========
123 457 689 
456 398 217 
789 612 345 

297 845 163 
564 931 728 
831 726 594 

378 269 451 
645 183 972 
912 574 836 
===========
123 457 689 
456 398 217 
789 612 345 

297 845 163 
564 931 728 
831 726 594 

378 264 951 
645 179 832 
912 583 476 
===========
123 457 689 
456 398 217 
789 612 345 

297 845 163 
564 931 728 
831 726 954 

378 264 591 
645 179 832 
912 583 476 
===========
123 457 689 
456 398 217 
789 612 345 

297 845 163 
564 931 872 
831 726 594 

378 269 451 
645 173 928 
912 584 736 
===========
123 457 689 
456 398 217 
789 612 345 

297 846 153 
564 931 728 
831 725 964 

378 264 591 
645 179 832 
912 583 476 
===========
123 457 689 
456 398 217 
789 612 345 

297 846 531 
564 931 728 
831 725 496 

378 269 154 
645 183 972 
912 574 863 
===========
123 457 689 
456 398 217 
789 612 345 

297 846 531 
564 931 872 
831 725 496 

378 269 154 
645 173 928 
912 584 763 
===========
123 457 689 
456 398 217 
789 612 345 

297 864 153 
564 931 728 
831 725 496 

378 249 561 
645 183 972 
912 576 834 
===========
123 457 689 
456 398 217 
789 612 345 

297 864 153 
564 931 728 
831 725 964 

378 246 591 
645 179 832 
912 583 476 
===========
123 457 689 
456 398 217 
789 612 345 

297 864 153 
564 931 872 
831 725 496 

378 249 561 
645 173 928 
912 586 734 
===========
123 457 689 
456 398 217 
789 612 345 

297 864 531 
564 931 728 
831 725 964 

378 249 156 
645 173 892 
912 586 473 
===========
123 457 689 
456 398 217 
789 612 345 

297 865 134 
564 931 872 
831 724 596 

378 246 951 
645 189 723 
912 573 468 
===========
123 457 689 
456 398 217 
789 612 345 

297 865 134 
564 931 872 
831 724 956 

378 246 591 
645 189 723 
912 573 468 
===========
123 457 689 
456 398 217 
789 612 345 

297 865 134 
564 931 728 
831 724 956 

378 249 561 
645 173 892 
912 586 473 
===========
123 457 689 
456 398 217 
789 612 345 

297 834 156 
564 721 893 
831 965 724 

378 249 561 
645 183 972 
912 576 438 
===========
123 457 689 
456 398 217 
789 612 345 

297 834 156 
564 721 938 
831 965 472 

378 246 591 
645 189 723 
912 573 864 
===========
123 457 689 
456 398 217 
789 612 345 

297 834 156 
564 721 893 
831 965 472 

378 249 561 
645 173 928 
912 586 734 
===========
123 457 689 
456 398 217 
789 612 345 

297 834 156 
564 721 938 
831 965 472 

378 246 591 
645 179 823 
912 583 764 
===========
123 457 689 
456 398 217 
789 612 345 

297 834 156 
564 721 938 
831 965 724 

378 249 561 
645 173 892 
912 586 473 
===========
123 457 689 
456 398 217 
789 612 345 

297 834 561 
564 721 893 
831 965 724 

378 249 156 
645 183 972 
912 576 438 
===========
123 457 689 
456 398 217 
789 612 345 

297 834 561 
564 721 893 
831 965 472 

378 249 156 
645 173 928 
912 586 734 
===========
123 457 689 
456 398 217 
789 612 345 

297 834 561 
564 721 938 
831 965 724 

378 249 156 
645 173 892 
912 586 473 
===========
123 457 689 
456 398 217 
789 612 345 

297 835 164 
564 721 938 
831 964 752 

378 246 591 
645 179 823 
912 583 476 
===========
123 457 689 
456 398 217 
789 612 345 

297 835 164 
564 721 893 
831 946 572 

378 269 451 
645 173 928 
912 584 736 
===========
123 457 689 
456 398 217 
789 612 345 

297 835 164 
564 721 938 
831 946 752 

378 264 591 
645 179 823 
912 583 476 
===========
123 457 689 
456 398 217 
789 612 345 

297 835 461 
564 721 893 
831 964 572 

378 249 156 
645 173 928 
912 586 734 
===========
123 457 689 
456 398 217 
789 612 345 

297 835 461 
564 721 893 
831 946 572 

378 269 154 
645 173 928 
912 584 736 
===========
123 457 689 
456 398 217 
789 612 345 

297 836 154 
564 721 938 
831 945 762 

378 264 591 
645 179 823 
912 583 476 
===========
123 457 689 
456 398 217 
789 612 345 

297 845 136 
564 731 892 
831 926 574 

378 264 951 
645 189 723 
912 573 468 
===========
123 457 689 
456 398 217 
789 612 345 

297 845 136 
564 731 928 
831 926 574 

378 269 451 
645 183 792 
912 574 863 
===========
123 457 689 
456 398 217 
789 612 345 

297 845 136 
564 731 892 
831 926 574 

378 269 451 
645 173 928 
912 584 763 
===========
123 457 689 
456 398 217 
789 612 345 

297 845 136 
564 731 928 
831 926 574 

378 269 451 
645 173 892 
912 584 763 
===========
123 457 689 
456 398 217 
789 612 345 

297 845 163 
564 731 928 
831 926 574 

378 269 451 
645 183 792 
912 574 836 
===========
123 457 689 
456 398 217 
789 612 345 

297 845 163 
564 731 892 
831 926 574 

378 269 451 
645 173 928 
912 584 736 
===========
123 457 689 
456 398 217 
789 612 345 

297 845 163 
564 731 928 
831 926 754 

378 264 591 
645 179 832 
912 583 476 
===========
123 457 689 
456 398 217 
789 612 345 

297 845 163 
564 731 928 
831 926 574 

378 269 451 
645 173 892 
912 584 736 
===========
123 457 689 
456 398 217 
789 612 345 

297 846 153 
564 731 928 
831 925 476 

378 264 591 
645 189 732 
912 573 864 
===========
123 457 689 
456 398 217 
789 612 345 

297 846 153 
564 731 928 
831 925 476 

378 264 591 
645 179 832 
912 583 764 
===========
123 457 689 
456 398 217 
789 612 345 

297 846 153 
564 731 928 
831 925 764 

378 264 591 
645 179 832 
912 583 476 
===========
123 457 689 
456 398 217 
789 612 345 

297 846 531 
564 731 928 
831 925 476 

378 269 154 
645 183 792 
912 574 863 
===========
123 457 689 
456 398 217 
789 612 345 

297 846 531 
564 731 892 
831 925 476 

378 269 154 
645 173 928 
912 584 763 
===========
123 457 689 
456 398 217 
789 612 345 

297 846 531 
564 731 928 
831 925 476 

378 269 154 
645 173 892 
912 584 763 
===========
123 457 689 
456 398 217 
789 612 345 

297 864 153 
564 731 928 
831 925 476 

378 246 591 
645 189 732 
912 573 864 
===========
123 457 689 
456 398 217 
789 612 345 

297 864 153 
564 731 928 
831 925 476 

378 249 561 
645 183 792 
912 576 834 
===========
123 457 689 
456 398 217 
789 612 345 

297 864 153 
564 731 892 
831 925 476 

378 249 561 
645 173 928 
912 586 734 
===========
123 457 689 
456 398 217 
789 612 345 

297 864 153 
564 731 928 
831 925 476 

378 246 591 
645 179 832 
912 583 764 
===========
123 457 689 
456 398 217 
789 612 345 

297 864 153 
564 731 928 
831 925 764 

378 246 591 
645 179 832 
912 583 476 
===========
123 457 689 
456 398 217 
789 612 345 

297 864 153 
564 731 928 
831 925 476 

378 249 561 
645 173 892 
912 586 734 
===========
123 457 689 
456 398 217 
789 612 345 

297 864 531 
564 731 892 
831 925 764 

378 249 156 
645 173 928 
912 586 473 
===========
123 457 689 
456 398 217 
789 612 345 

297 864 531 
564 731 928 
831 925 764 

378 249 156 
645 173 892 
912 586 473 
===========
123 457 689 
456 398 217 
789 612 345 

297 865 134 
564 731 892 
831 924 576 

378 246 951 
645 189 723 
912 573 468 
===========
123 457 689 
456 398 217 
789 612 345 

297 865 134 
564 731 892 
831 924 756 

378 249 561 
645 173 928 
912 586 473 
===========
123 457 689 
456 398 217 
789 612 345 

297 865 134 
564 731 928 
831 924 756 

378 249 561 
645 173 892 
912 586 473 
===========
123 457 689 
456 398 217 
789 612 345 

297 841 536 
564 739 128 
831 265 794 

378 926 451 
645 183 972 
912 574 863 
===========
123 457 689 
456 398 217 
789 612 345 

297 841 536 
564 739 128 
831 265 974 

378 926 451 
645 183 792 
912 574 863 
===========
123 457 689 
456 398 217 
789 612 345 

297 841 536 
564 739 128 
831 265 974 

378 926 451 
645 173 892 
912 584 763 
===========
123 457 689 
456 398 217 
789 612 345 

297 841 563 
564 739 128 
831 265 794 

378 926 451 
645 183 972 
912 574 836 
===========
123 457 689 
456 398 217 
789 612 345 

297 841 563 
564 739 128 
831 265 974 

378 926 451 
645 183 792 
912 574 836 
===========
123 457 689 
456 398 217 
789 612 345 

297 841 563 
564 739 821 
831 265 794 

378 924 156 
645 183 972 
912 576 438 
===========
123 457 689 
456 398 217 
789 612 345 

297 841 563 
564 739 821 
831 265 974 

378 924 156 
645 183 792 
912 576 438 
===========
123 457 689 
456 398 217 
789 612 345 

297 841 563 
564 739 128 
831 265 974 

378 926 451 
645 173 892 
912 584 736 
===========
123 457 689 
456 398 217 
789 612 345 

297 845 136 
564 731 928 
831 269 574 

378 926 451 
645 183 792 
912 574 863 
===========
123 457 689 
456 398 217 
789 612 345 

297 845 136 
564 731 892 
831 269 574 

378 926 451 
645 173 928 
912 584 763 
===========
123 457 689 
456 398 217 
789 612 345 

297 845 136 
564 731 892 
831 269 754 

378 924 561 
645 173 928 
912 586 473 
===========
123 457 689 
456 398 217 
789 612 345 

297 845 136 
564 731 928 
831 269 574 

378 926 451 
645 173 892 
912 584 763 
===========
123 457 689 
456 398 217 
789 612 345 

297 845 136 
564 731 928 
831 269 754 

378 924 561 
645 173 892 
912 586 473 
===========
123 457 689 
456 398 217 
789 612 345 

297 845 163 
564 731 928 
831 269 574 

378 926 451 
645 183 792 
912 574 836 
===========
123 457 689 
456 398 217 
789 612 345 

297 845 163 
564 731 892 
831 269 574 

378 926 451 
645 173 928 
912 584 736 
===========
123 457 689 
456 398 217 
789 612 345 

297 845 163 
564 731 928 
831 269 574 

378 926 451 
645 173 892 
912 584 736 
===========
123 457 689 
456 398 217 
789 612 345 

297 861 453 
564 739 128 
831 245 796 

378 924 561 
645 183 972 
912 576 834 
===========
123 457 689 
456 398 217 
789 612 345 

297 861 453 
564 739 128 
831 245 976 

378 924 561 
645 183 792 
912 576 834 
===========
123 457 689 
456 398 217 
789 612 345 

297 861 453 
564 739 128 
831 245 976 

378 924 561 
645 173 892 
912 586 734 
===========
123 457 689 
456 398 217 
789 612 345 

297 861 534 
564 739 128 
831 245 796 

378 926 451 
645 183 972 
912 574 863 
===========
123 457 689 
456 398 217 
789 612 345 

297 861 534 
564 739 128 
831 245 976 

378 926 451 
645 183 792 
912 574 863 
===========
123 457 689 
456 398 217 
789 612 345 

297 861 534 
564 739 128 
831 245 976 

378 926 451 
645 173 892 
912 584 763 
===========
123 457 689 
456 398 217 
789 612 345 

297 865 134 
564 731 928 
831 249 576 

378 926 451 
645 183 792 
912 574 863 
===========
123 457 689 
456 398 217 
789 612 345 

297 865 134 
564 731 892 
831 249 576 

378 926 451 
645 173 928 
912 584 763 
===========
123 457 689 
456 398 217 
789 612 345 

297 865 134 
564 731 892 
831 249 756 

378 924 561 
645 173 928 
912 586 473 
===========
123 457 689 
456 398 217 
789 612 345 

297 865 134 
564 731 928 
831 249 576 

378 926 451 
645 173 892 
912 584 763 
===========
123 457 689 
456 398 217 
789 612 345 

297 865 134 
564 731 928 
831 249 756 

378 924 561 
645 173 892 
912 586 473 
===========
123 457 689 
456 398 217 
789 612 345 

297 865 431 
564 731 928 
831 249 576 

378 926 154 
645 183 792 
912 574 863 
===========
123 457 689 
456 398 217 
789 612 345 

297 865 431 
564 731 892 
831 249 576 

378 926 154 
645 173 928 
912 584 763 
===========
123 457 689 
456 398 217 
789 612 345 

297 865 431 
564 731 928 
831 249 576 

378 926 154 
645 173 892 
912 584 763 
===========
123 457 689 
456 398 217 
789 612 345 

297 841 536 
564 239 178 
831 765 924 

378 926 451 
645 183 792 
912 574 863 
===========
123 457 689 
456 398 217 
789 612 345 

297 841 536 
564 239 178 
831 765 924 

378 926 451 
645 173 892 
912 584 763 
===========
123 457 689 
456 398 217 
789 612 345 

297 841 536 
564 239 871 
831 765 492 

378 926 154 
645 173 928 
912 584 763 
===========
123 457 689 
456 398 217 
789 612 345 

297 841 563 
564 239 178 
831 765 924 

378 926 451 
645 183 792 
912 574 836 
===========
123 457 689 
456 398 217 
789 612 345 

297 841 563 
564 239 871 
831 765 924 

378 924 156 
645 183 792 
912 576 438 
===========
123 457 689 
456 398 217 
789 612 345 

297 841 563 
564 239 178 
831 765 924 

378 926 451 
645 173 892 
912 584 736 
===========
123 457 689 
456 398 217 
789 612 345 

297 841 563 
564 239 871 
831 765 492 

378 926 154 
645 173 928 
912 584 736 
===========
123 457 689 
456 398 217 
789 612 345 

297 841 563 
564 239 871 
831 765 492 

378 924 156 
645 173 928 
912 586 734 
===========
123 457 689 
456 398 217 
789 612 345 

297 845 136 
564 231 798 
831 769 524 

378 926 451 
645 183 972 
912 574 863 
===========
123 457 689 
456 398 217 
789 612 345 

297 845 136 
564 231 978 
831 769 524 

378 926 451 
645 183 792 
912 574 863 
===========
123 457 689 
456 398 217 
789 612 345 

297 845 136 
564 231 978 
831 769 524 

378 926 451 
645 173 892 
912 584 763 
===========
123 457 689 
456 398 217 
789 612 345 

297 845 163 
564 231 798 
831 769 524 

378 926 451 
645 183 972 
912 574 836 
===========
123 457 689 
456 398 217 
789 612 345 

297 845 163 
564 231 978 
831 769 524 

378 926 451 
645 183 792 
912 574 836 
===========
123 457 689 
456 398 217 
789 612 345 

297 845 163 
564 231 978 
831 769 524 

378 926 451 
645 173 892 
912 584 736 
===========
123 457 689 
456 398 217 
789 612 345 

297 861 453 
564 239 178 
831 745 926 

378 924 561 
645 183 792 
912 576 834 
===========
123 457 689 
456 398 217 
789 612 345 

297 861 453 
564 239 178 
831 745 926 

378 924 561 
645 173 892 
912 586 734 
===========
123 457 689 
456 398 217 
789 612 345 

297 861 534 
564 239 178 
831 745 926 

378 926 451 
645 183 792 
912 574 863 
===========
123 457 689 
456 398 217 
789 612 345 

297 861 534 
564 239 178 
831 745 926 

378 926 451 
645 173 892 
912 584 763 
===========
123 457 689 
456 398 217 
789 612 345 

297 865 134 
564 231 798 
831 749 526 

378 926 451 
645 183 972 
912 574 863 
===========
123 457 689 
456 398 217 
789 612 345 

297 865 134 
564 231 978 
831 749 526 

378 926 451 
645 183 792 
912 574 863 
===========
123 457 689 
456 398 217 
789 612 345 

297 865 134 
564 231 978 
831 749 526 

378 926 451 
645 173 892 
912 584 763 
===========
123 457 689 
456 398 217 
789 612 345 

297 865 431 
564 231 798 
831 749 526 

378 926 154 
645 183 972 
912 574 863 
===========
123 457 689 
456 398 217 
789 612 345 

297 865 431 
564 231 978 
831 749 526 

378 926 154 
645 183 792 
912 574 863 
===========
123 457 689 
456 398 217 
789 612 345 

297 865 431 
564 231 978 
831 749 526 

378 926 154 
645 173 892 
912 584 763 
===========
123 457 689 
456 398 217 
789 612 345 

297 834 156 
564 921 873 
831 765 924 

378 146 592 
645 289 731 
912 573 468 
===========
123 457 689 
456 398 217 
789 612 345 

297 834 156 
564 921 873 
831 765 924 

378 149 562 
645 283 791 
912 576 438 
===========
123 457 689 
456 398 217 
789 612 345 

297 834 156 
564 921 738 
831 765 924 

378 149 562 
645 273 891 
912 586 473 
===========
123 457 689 
456 398 217 
789 612 345 

297 835 164 
564 921 873 
831 764 952 

378 149 526 
645 283 791 
912 576 438 
===========
123 457 689 
456 398 217 
789 612 345 

297 835 164 
564 921 738 
831 764 952 

378 149 526 
645 273 891 
912 586 473 
===========
123 457 689 
456 398 217 
789 612 345 

297 835 461 
564 921 873 
831 764 952 

378 149 526 
645 273 198 
912 586 734 
===========
123 457 689 
456 398 217 
789 612 345 

297 835 461 
564 921 873 
831 746 952 

378 169 524 
645 273 198 
912 584 736 
===========
123 457 689 
456 398 217 
789 612 345 

297 836 154 
564 921 873 
831 745 926 

378 164 592 
645 289 731 
912 573 468 
===========
123 457 689 
456 398 217 
789 612 345 

297 836 451 
564 921 738 
831 745 926 

378 164 592 
645 289 173 
912 573 864 
===========
123 457 689 
456 398 217 
789 612 345 

297 836 451 
564 921 873 
831 745 926 

378 164 592 
645 279 138 
912 583 764 
===========
123 457 689 
456 398 217 
789 612 345 

297 836 451 
564 921 873 
831 745 962 

378 169 524 
645 273 198 
912 584 736 
===========
123 457 689 
456 398 217 
789 612 345 

297 845 136 
564 931 728 
831 726 594 

378 169 452 
645 283 971 
912 574 863 
===========
123 457 689 
456 398 217 
789 612 345 

297 845 163 
564 931 728 
831 726 594 

378 169 452 
645 283 971 
912 574 836 
===========
123 457 689 
456 398 217 
789 612 345 

297 845 163 
564 931 728 
831 726 594 

378 164 952 
645 279 831 
912 583 476 
===========
123 457 689 
456 398 217 
789 612 345 

297 845 163 
564 931 728 
831 726 954 

378 164 592 
645 279 831 
912 583 476 
===========
123 457 689 
456 398 217 
789 612 345 

297 846 153 
564 931 728 
831 725 964 

378 164 592 
645 279 831 
912 583 476 
===========
123 457 689 
456 398 217 
789 612 345 

297 846 531 
564 931 728 
831 725 496 

378 164 952 
645 289 173 
912 573 864 
===========
123 457 689 
456 398 217 
789 612 345 

297 864 153 
564 931 728 
831 725 496 

378 149 562 
645 283 971 
912 576 834 
===========
123 457 689 
456 398 217 
789 612 345 

297 864 153 
564 931 872 
831 725 964 

378 149 526 
645 283 791 
912 576 438 
===========
123 457 689 
456 398 217 
789 612 345 

297 864 153 
564 931 728 
831 725 964 

378 146 592 
645 279 831 
912 583 476 
===========
123 457 689 
456 398 217 
789 612 345 

297 864 531 
564 931 728 
831 725 496 

378 146 952 
645 289 173 
912 573 864 
===========
123 457 689 
456 398 217 
789 612 345 

297 865 134 
564 931 728 
831 724 956 

378 149 562 
645 273 891 
912 586 473 
===========
123 457 689 
456 398 217 
789 612 345 

297 865 431 
564 931 728 
831 724 596 

378 146 952 
645 289 173 
912 573 864 
===========
123 457 689 
456 398 217 
789 612 345 

297 865 431 
564 931 728 
831 724 956 

378 146 592 
645 289 173 
912 573 864 
===========
123 457 689 
456 398 217 
789 612 345 

297 834 156 
564 721 893 
831 965 724 

378 149 562 
645 283 971 
912 576 438 
===========
123 457 689 
456 398 217 
789 612 345 

297 834 156 
564 721 938 
831 965 724 

378 149 562 
645 273 891 
912 586 473 
===========
123 457 689 
456 398 217 
789 612 345 

297 834 561 
564 721 893 
831 965 724 

378 146 952 
645 279 138 
912 583 476 
===========
123 457 689 
456 398 217 
789 612 345 

297 835 164 
564 721 893 
831 964 752 

378 149 526 
645 283 971 
912 576 438 
===========
123 457 689 
456 398 217 
789 612 345 

297 835 164 
564 721 938 
831 964 752 

378 149 526 
645 273 891 
912 586 473 
===========
123 457 689 
456 398 217 
789 612 345 

297 836 451 
564 721 938 
831 945 726 

378 164 592 
645 289 173 
912 573 864 
===========
123 457 689 
456 398 217 
789 612 345 

297 845 136 
564 731 928 
831 926 574 

378 169 452 
645 283 791 
912 574 863 
===========
123 457 689 
456 398 217 
789 612 345 

297 845 136 
564 731 928 
831 926 574 

378 169 452 
645 273 891 
912 584 763 
===========
123 457 689 
456 398 217 
789 612 345 

297 845 163 
564 731 928 
831 926 574 

378 169 452 
645 283 791 
912 574 836 
===========
123 457 689 
456 398 217 
789 612 345 

297 845 163 
564 731 928 
831 926 754 

378 164 592 
645 279 831 
912 583 476 
===========
123 457 689 
456 398 217 
789 612 345 

297 845 163 
564 731 928 
831 926 574 

378 169 452 
645 273 891 
912 584 736 
===========
123 457 689 
456 398 217 
789 612 345 

297 846 153 
564 731 928 
831 925 476 

378 164 592 
645 289 731 
912 573 864 
===========
123 457 689 
456 398 217 
789 612 345 

297 846 153 
564 731 928 
831 925 476 

378 164 592 
645 279 831 
912 583 764 
===========
123 457 689 
456 398 217 
789 612 345 

297 846 153 
564 731 928 
831 925 764 

378 164 592 
645 279 831 
912 583 476 
===========
123 457 689 
456 398 217 
789 612 345 

297 864 153 
564 731 892 
831 925 764 

378 149 526 
645 283 971 
912 576 438 
===========
123 457 689 
456 398 217 
789 612 345 

297 864 153 
564 731 928 
831 925 476 

378 146 592 
645 289 731 
912 573 864 
===========
123 457 689 
456 398 217 
789 612 345 

297 864 153 
564 731 928 
831 925 476 

378 149 562 
645 283 791 
912 576 834 
===========
123 457 689 
456 398 217 
789 612 345 

297 864 153 
564 731 928 
831 925 476 

378 146 592 
645 279 831 
912 583 764 
===========
123 457 689 
456 398 217 
789 612 345 

297 864 153 
564 731 928 
831 925 764 

378 146 592 
645 279 831 
912 583 476 
===========
123 457 689 
456 398 217 
789 612 345 

297 864 153 
564 731 928 
831 925 476 

378 149 562 
645 273 891 
912 586 734 
===========
123 457 689 
456 398 217 
789 612 345 

297 865 134 
564 731 928 
831 924 756 

378 149 562 
645 273 891 
912 586 473 
===========
123 457 689 
456 398 217 
789 612 345 

297 865 431 
564 731 928 
831 924 756 

378 146 592 
645 289 173 
912 573 864 
===========
123 457 689 
456 398 217 
789 612 345 

297 834 156 
564 129 738 
831 765 492 

378 946 521 
645 281 973 
912 573 864 
===========
123 457 689 
456 398 217 
789 612 345 

297 834 156 
564 129 873 
831 765 924 

378 941 562 
645 283 791 
912 576 438 
===========
123 457 689 
456 398 217 
789 612 345 

297 834 156 
564 129 738 
831 765 924 

378 941 562 
645 273 891 
912 586 473 
===========
123 457 689 
456 398 217 
789 612 345 

297 834 156 
564 129 873 
831 765 492 

378 946 521 
645 271 938 
912 583 764 
===========
123 457 689 
456 398 217 
789 612 345 

297 834 561 
564 129 738 
831 765 924 

378 946 152 
645 271 893 
912 583 476 
===========
123 457 689 
456 398 217 
789 612 345 

297 835 164 
564 129 873 
831 764 952 

378 941 526 
645 283 791 
912 576 438 
===========
123 457 689 
456 398 217 
789 612 345 

297 835 164 
564 129 738 
831 764 952 

378 946 521 
645 271 893 
912 583 476 
===========
123 457 689 
456 398 217 
789 612 345 

297 835 164 
564 129 738 
831 764 952 

378 941 526 
645 273 891 
912 586 473 
===========
123 457 689 
456 398 217 
789 612 345 

297 835 164 
564 129 738 
831 746 952 

378 964 521 
645 271 893 
912 583 476 
===========
123 457 689 
456 398 217 
789 612 345 

297 835 461 
564 129 873 
831 764 952 

378 941 526 
645 273 198 
912 586 734 
===========
123 457 689 
456 398 217 
789 612 345 

297 835 461 
564 129 873 
831 746 952 

378 961 524 
645 273 198 
912 584 736 
===========
123 457 689 
456 398 217 
789 612 345 

297 836 154 
564 129 738 
831 745 962 

378 964 521 
645 271 893 
912 583 476 
===========
123 457 689 
456 398 217 
789 612 345 

297 836 451 
564 129 873 
831 745 962 

378 961 524 
645 273 198 
912 584 736 
===========
123 457 689 
456 398 217 
789 612 345 

297 845 136 
564 139 728 
831 726 594 

378 961 452 
645 283 971 
912 574 863 
===========
123 457 689 
456 398 217 
789 612 345 

297 845 136 
564 139 872 
831 726 954 

378 964 521 
645 281 793 
912 573 468 
===========
123 457 689 
456 398 217 
789 612 345 

297 845 163 
564 139 728 
831 726 594 

378 961 452 
645 283 971 
912 574 836 
===========
123 457 689 
456 398 217 
789 612 345 

297 846 153 
564 139 872 
831 725 496 

378 964 521 
645 271 938 
912 583 764 
===========
123 457 689 
456 398 217 
789 612 345 

297 846 531 
564 139 728 
831 725 496 

378 964 152 
645 281 973 
912 573 864 
===========
123 457 689 
456 398 217 
789 612 345 

297 846 531 
564 139 728 
831 725 964 

378 964 152 
645 271 893 
912 583 476 
===========
123 457 689 
456 398 217 
789 612 345 

297 864 153 
564 139 728 
831 725 496 

378 941 562 
645 283 971 
912 576 834 
===========
123 457 689 
456 398 217 
789 612 345 

297 864 153 
564 139 872 
831 725 964 

378 941 526 
645 283 791 
912 576 438 
===========
123 457 689 
456 398 217 
789 612 345 

297 864 153 
564 139 872 
831 725 496 

378 946 521 
645 271 938 
912 583 764 
===========
123 457 689 
456 398 217 
789 612 345 

297 864 531 
564 139 728 
831 725 496 

378 946 152 
645 281 973 
912 573 864 
===========
123 457 689 
456 398 217 
789 612 345 

297 864 531 
564 139 728 
831 725 964 

378 946 152 
645 271 893 
912 583 476 
===========
123 457 689 
456 398 217 
789 612 345 

297 865 134 
564 139 872 
831 724 956 

378 946 521 
645 281 793 
912 573 468 
===========
123 457 689 
456 398 217 
789 612 345 

297 865 134 
564 139 728 
831 724 956 

378 941 562 
645 273 891 
912 586 473 
===========
123 457 689 
456 398 217 
789 612 345 

297 865 431 
564 139 728 
831 724 596 

378 946 152 
645 281 973 
912 573 864 
===========
123 457 689 
456 398 217 
789 612 345 

297 134 568 
564 829 731 
831 765 924 

378 946 152 
645 271 893 
912 583 476 
===========
