123 457 689 
456 398 721 
789 126 345 

297 814 536 
564 932 817 
831 765 294 

378 649 152 
645 281 973 
912 573 468 
===========
123 457 689 
456 398 721 
789 126 345 

297 814 536 
564 932 817 
831 765 294 

378 641 952 
645 289 173 
912 573 468 
===========
123 457 689 
456 398 721 
789 126 345 

297 814 536 
564 932 178 
831 765 294 

378 641 952 
645 279 813 
912 583 467 
===========
123 457 689 
456 398 721 
789 126 345 

297 814 563 
564 932 817 
831 765 294 

378 649 152 
645 271 938 
912 583 476 
===========
123 457 689 
456 398 721 
789 126 345 

297 814 563 
564 932 817 
831 765 294 

378 641 952 
645 279 138 
912 583 476 
===========
123 457 689 
456 398 721 
789 126 345 

297 834 156 
564 912 837 
831 765 294 

378 649 512 
645 281 973 
912 573 468 
===========
123 457 689 
456 398 721 
789 126 345 

297 834 156 
564 912 873 
831 765 294 

378 649 512 
645 281 937 
912 573 468 
===========
123 457 689 
456 398 721 
789 126 345 

297 834 156 
564 912 873 
831 765 294 

378 649 512 
645 271 938 
912 583 467 
===========
123 457 689 
456 398 721 
789 126 345 

297 834 516 
564 912 837 
831 765 294 

378 649 152 
645 281 973 
912 573 468 
===========
123 457 689 
456 398 721 
789 126 345 

297 834 516 
564 912 837 
831 765 294 

378 641 952 
645 289 173 
912 573 468 
===========
123 457 689 
456 398 721 
789 126 345 

297 834 516 
564 912 873 
831 765 294 

378 649 152 
645 281 937 
912 573 468 
===========
123 457 689 
456 398 721 
789 126 345 

297 834 516 
564 912 873 
831 765 294 

378 641 952 
645 289 137 
912 573 468 
===========
123 457 689 
456 398 721 
789 126 345 

297 834 516 
564 912 873 
831 765 294 

378 649 152 
645 271 938 
912 583 467 
===========
123 457 689 
456 398 721 
789 126 345 

297 834 516 
564 912 873 
831 765 294 

378 641 952 
645 279 138 
912 583 467 
===========
123 457 689 
456 398 721 
789 126 345 

297 841 536 
564 932 178 
831 765 294 

378 619 452 
645 283 917 
912 574 863 
===========
123 457 689 
456 398 721 
789 126 345 

297 841 536 
564 932 178 
831 765 492 

378 619 254 
645 283 917 
912 574 863 
===========
123 457 689 
456 398 721 
789 126 345 

297 841 536 
564 932 817 
831 765 294 

378 614 952 
645 289 173 
912 573 468 
===========
123 457 689 
456 398 721 
789 126 345 

297 841 536 
564 932 178 
831 765 294 

378 614 952 
645 279 813 
912 583 467 
===========
123 457 689 
456 398 721 
789 126 345 

297 841 563 
564 932 178 
831 765 294 

378 619 452 
645 283 917 
912 574 836 
===========
123 457 689 
456 398 721 
789 126 345 

297 841 563 
564 932 178 
831 765 492 

378 619 254 
645 283 917 
912 574 836 
===========
123 457 689 
456 398 721 
789 126 345 

297 841 563 
564 932 817 
831 765 294 

378 614 952 
645 279 138 
912 583 476 
===========
123 457 689 
456 398 721 
789 126 345 

297 845 136 
564 931 278 
831 762 594 

378 619 452 
645 283 917 
912 574 863 
===========
123 457 689 
456 398 721 
789 126 345 

297 845 136 
564 931 278 
831 762 594 

378 614 952 
645 279 813 
912 583 467 
===========
123 457 689 
456 398 721 
789 126 345 

297 845 136 
564 931 278 
831 762 954 

378 614 592 
645 279 813 
912 583 467 
===========
123 457 689 
456 398 721 
789 126 345 

297 845 163 
564 931 278 
831 762 594 

378 619 452 
645 283 917 
912 574 836 
===========
123 457 689 
456 398 721 
789 126 345 

297 861 534 
564 932 178 
831 745 296 

378 619 452 
645 283 917 
912 574 863 
===========
123 457 689 
456 398 721 
789 126 345 

297 861 534 
564 932 817 
831 745 296 

378 614 952 
645 289 173 
912 573 468 
===========
123 457 689 
456 398 721 
789 126 345 

297 861 534 
564 932 178 
831 745 296 

378 614 952 
645 279 813 
912 583 467 
===========
123 457 689 
456 398 721 
789 126 345 

297 865 134 
564 931 278 
831 742 596 

378 619 452 
645 283 917 
912 574 863 
===========
123 457 689 
456 398 721 
789 126 345 

297 865 134 
564 931 278 
831 742 596 

378 614 952 
645 279 813 
912 583 467 
===========
123 457 689 
456 398 721 
789 126 345 

297 865 134 
564 931 278 
831 742 956 

378 614 592 
645 279 813 
912 583 467 
===========
123 457 689 
456 398 721 
789 126 345 

297 865 413 
564 931 278 
831 742 596 

378 614 952 
645 289 137 
912 573 864 
===========
123 457 689 
456 398 721 
789 126 345 

297 865 413 
564 931 278 
831 742 956 

378 614 592 
645 289 137 
912 573 864 
===========
123 457 689 
456 398 721 
789 126 345 

297 814 536 
564 732 198 
831 965 274 

378 641 952 
645 279 813 
912 583 467 
===========
123 457 689 
456 398 721 
789 126 345 

297 814 536 
564 732 918 
831 965 274 

378 649 152 
645 271 893 
912 583 467 
===========
123 457 689 
456 398 721 
789 126 345 

297 815 436 
564 732 198 
831 964 257 

378 649 512 
645 281 973 
912 573 864 
===========
123 457 689 
456 398 721 
789 126 345 

297 815 436 
564 732 918 
831 964 257 

378 641 592 
645 289 173 
912 573 864 
===========
123 457 689 
456 398 721 
789 126 345 

297 834 156 
564 712 893 
831 965 274 

378 649 512 
645 281 937 
912 573 468 
===========
123 457 689 
456 398 721 
789 126 345 

297 834 156 
564 712 893 
831 965 274 

378 649 512 
645 271 938 
912 583 467 
===========
123 457 689 
456 398 721 
789 126 345 

297 834 156 
564 712 938 
831 965 274 

378 649 512 
645 271 893 
912 583 467 
===========
123 457 689 
456 398 721 
789 126 345 

297 834 156 
564 712 938 
831 965 274 

378 641 592 
645 279 813 
912 583 467 
===========
123 457 689 
456 398 721 
789 126 345 

297 834 516 
564 712 893 
831 965 274 

378 649 152 
645 281 937 
912 573 468 
===========
123 457 689 
456 398 721 
789 126 345 

297 834 516 
564 712 893 
831 965 274 

378 641 952 
645 289 137 
912 573 468 
===========
123 457 689 
456 398 721 
789 126 345 

297 834 516 
564 712 893 
831 965 274 

378 649 152 
645 271 938 
912 583 467 
===========
123 457 689 
456 398 721 
789 126 345 

297 834 516 
564 712 893 
831 965 274 

378 641 952 
645 279 138 
912 583 467 
===========
123 457 689 
456 398 721 
789 126 345 

297 834 516 
564 712 938 
831 965 274 

378 649 152 
645 271 893 
912 583 467 
===========
123 457 689 
456 398 721 
789 126 345 

297 835 164 
564 712 893 
831 964 257 

378 649 512 
645 271 938 
912 583 476 
===========
123 457 689 
456 398 721 
789 126 345 

297 835 164 
564 712 938 
831 964 257 

378 649 512 
645 271 893 
912 583 476 
===========
123 457 689 
456 398 721 
789 126 345 

297 835 164 
564 712 938 
831 964 257 

378 641 592 
645 279 813 
912 583 476 
===========
123 457 689 
456 398 721 
789 126 345 

297 835 416 
564 712 938 
831 964 257 

378 641 592 
645 289 173 
912 573 864 
===========
123 457 689 
456 398 721 
789 126 345 

297 841 536 
564 732 198 
831 965 274 

378 619 452 
645 283 917 
912 574 863 
===========
123 457 689 
456 398 721 
789 126 345 

297 841 536 
564 732 198 
831 965 472 

378 619 254 
645 283 917 
912 574 863 
===========
123 457 689 
456 398 721 
789 126 345 

297 841 536 
564 732 918 
831 965 274 

378 619 452 
645 283 197 
912 574 863 
===========
123 457 689 
456 398 721 
789 126 345 

297 841 536 
564 732 918 
831 965 472 

378 619 254 
645 283 197 
912 574 863 
===========
123 457 689 
456 398 721 
789 126 345 

297 841 536 
564 732 198 
831 965 274 

378 614 952 
645 279 813 
912 583 467 
===========
123 457 689 
456 398 721 
789 126 345 

297 841 563 
564 732 198 
831 965 274 

378 619 452 
645 283 917 
912 574 836 
===========
123 457 689 
456 398 721 
789 126 345 

297 841 563 
564 732 198 
831 965 472 

378 619 254 
645 283 917 
912 574 836 
===========
123 457 689 
456 398 721 
789 126 345 

297 841 563 
564 732 918 
831 965 274 

378 619 452 
645 283 197 
912 574 836 
===========
123 457 689 
456 398 721 
789 126 345 

297 841 563 
564 732 918 
831 965 472 

378 619 254 
645 283 197 
912 574 836 
===========
123 457 689 
456 398 721 
789 126 345 

297 845 136 
564 731 298 
831 962 574 

378 619 452 
645 283 917 
912 574 863 
===========
123 457 689 
456 398 721 
789 126 345 

297 845 136 
564 731 298 
831 962 574 

378 614 952 
645 279 813 
912 583 467 
===========
123 457 689 
456 398 721 
789 126 345 

297 845 163 
564 731 298 
831 962 574 

378 619 452 
645 283 917 
912 574 836 
===========
123 457 689 
456 398 721 
789 126 345 

297 861 453 
564 732 918 
831 945 276 

378 614 592 
645 289 137 
912 573 864 
===========
123 457 689 
456 398 721 
789 126 345 

297 861 534 
564 732 198 
831 945 276 

378 619 452 
645 283 917 
912 574 863 
===========
123 457 689 
456 398 721 
789 126 345 

297 861 534 
564 732 918 
831 945 276 

378 619 452 
645 283 197 
912 574 863 
===========
123 457 689 
456 398 721 
789 126 345 

297 861 534 
564 732 198 
831 945 267 

378 614 952 
645 279 813 
912 583 476 
===========
123 457 689 
456 398 721 
789 126 345 

297 861 534 
564 732 198 
831 945 276 

378 614 952 
645 279 813 
912 583 467 
===========
123 457 689 
456 398 721 
789 126 345 

297 865 134 
564 731 298 
831 942 576 

378 619 452 
645 283 917 
912 574 863 
===========
123 457 689 
456 398 721 
789 126 345 

297 865 134 
564 731 298 
831 942 567 

378 614 952 
645 279 813 
912 583 476 
===========
123 457 689 
456 398 721 
789 126 345 

297 865 134 
564 731 298 
831 942 576 

378 614 952 
645 279 813 
912 583 467 
===========
123 457 689 
456 398 721 
789 126 345 

297 865 413 
564 731 298 
831 942 576 

378 614 952 
645 289 137 
912 573 864 
===========
123 457 689 
456 398 721 
789 126 345 

297 815 436 
564 732 198 
831 649 257 

378 964 512 
645 281 973 
912 573 864 
===========
123 457 689 
456 398 721 
789 126 345 

297 815 436 
564 732 198 
831 649 572 

378 961 254 
645 283 917 
912 574 863 
===========
123 457 689 
456 398 721 
789 126 345 

297 815 436 
564 732 918 
831 649 572 

378 961 254 
645 283 197 
912 574 863 
===========
123 457 689 
456 398 721 
789 126 345 

297 815 436 
564 739 218 
831 642 597 

378 964 152 
645 281 973 
912 573 864 
===========
123 457 689 
456 398 721 
789 126 345 

297 815 463 
564 732 198 
831 649 572 

378 961 254 
645 283 917 
912 574 836 
===========
123 457 689 
456 398 721 
789 126 345 

297 815 463 
564 732 918 
831 649 572 

378 961 254 
645 283 197 
912 574 836 
===========
123 457 689 
456 398 721 
789 126 345 

297 835 164 
564 712 893 
831 649 257 

378 964 512 
645 271 938 
912 583 476 
===========
123 457 689 
456 398 721 
789 126 345 

297 835 164 
564 712 938 
831 649 257 

378 964 512 
645 271 893 
912 583 476 
===========
123 457 689 
456 398 721 
789 126 345 

297 835 164 
564 719 238 
831 642 957 

378 964 512 
645 271 893 
912 583 476 
===========
123 457 689 
456 398 721 
789 126 345 

297 835 416 
564 712 938 
831 649 572 

378 961 254 
645 283 197 
912 574 863 
===========
123 457 689 
456 398 721 
789 126 345 

297 835 416 
564 719 238 
831 642 597 

378 964 152 
645 281 973 
912 573 864 
===========
123 457 689 
456 398 721 
789 126 345 

297 615 438 
564 832 197 
831 749 256 

378 964 512 
645 281 973 
912 573 864 
===========
123 457 689 
456 398 721 
789 126 345 

297 615 438 
564 839 172 
831 742 596 

378 961 254 
645 283 917 
912 574 863 
===========
123 457 689 
456 398 721 
789 126 345 

297 615 438 
564 839 217 
831 742 596 

378 964 152 
645 281 973 
912 573 864 
===========
123 457 689 
456 398 721 
789 126 345 

297 615 834 
564 832 197 
831 749 256 

378 964 512 
645 281 973 
912 573 468 
===========
123 457 689 
456 398 721 
789 126 345 

297 615 834 
564 839 217 
831 742 596 

378 964 152 
645 281 973 
912 573 468 
===========
123 457 689 
456 398 721 
789 126 345 

297 635 418 
564 812 973 
831 749 562 

378 961 254 
645 283 197 
912 574 836 
===========
123 457 689 
456 398 721 
789 126 345 

297 635 418 
564 819 237 
831 742 596 

378 964 152 
645 281 973 
912 573 864 
===========
123 457 689 
456 398 721 
789 126 345 

297 635 418 
564 819 273 
831 742 596 

378 964 152 
645 281 937 
912 573 864 
===========
123 457 689 
456 398 721 
789 126 345 

297 635 814 
564 819 237 
831 742 596 

378 964 152 
645 281 973 
912 573 468 
===========
123 457 689 
456 398 721 
789 126 345 

297 635 814 
564 819 273 
831 742 596 

378 964 152 
645 281 937 
912 573 468 
===========
123 457 689 
456 398 721 
789 126 345 

297 635 814 
564 819 273 
831 742 596 

378 964 152 
645 271 938 
912 583 467 
===========
123 457 689 
456 398 721 
789 126 345 

297 813 456 
564 972 138 
831 645 972 

378 269 514 
645 781 293 
912 534 867 
===========
123 457 689 
456 398 721 
789 126 345 

297 813 456 
564 972 138 
831 645 972 

378 261 594 
645 789 213 
912 534 867 
===========
123 457 689 
456 398 721 
789 126 345 

297 814 536 
564 932 178 
831 675 492 

378 261 954 
645 789 213 
912 543 867 
===========
123 457 689 
456 398 721 
789 126 345 

297 814 563 
564 932 817 
831 675 294 

378 249 156 
645 781 932 
912 563 478 
===========
123 457 689 
456 398 721 
789 126 345 

297 814 563 
564 932 817 
831 675 294 

378 241 956 
645 789 132 
912 563 478 
===========
123 457 689 
456 398 721 
789 126 345 

297 815 436 
564 932 178 
831 674 952 

378 269 514 
645 781 293 
912 543 867 
===========
123 457 689 
456 398 721 
789 126 345 

297 815 436 
564 932 178 
831 674 592 

378 261 954 
645 789 213 
912 543 867 
===========
123 457 689 
456 398 721 
789 126 345 

297 815 436 
564 932 178 
831 674 952 

378 261 594 
645 789 213 
912 543 867 
===========
123 457 689 
456 398 721 
789 126 345 

297 815 463 
564 973 218 
831 642 597 

378 269 154 
645 781 932 
912 534 876 
===========
123 457 689 
456 398 721 
789 126 345 

297 815 463 
564 973 218 
831 642 597 

378 261 954 
645 789 132 
912 534 876 
===========
123 457 689 
456 398 721 
789 126 345 

297 815 463 
564 973 218 
831 642 957 

378 261 594 
645 789 132 
912 534 876 
===========
123 457 689 
456 398 721 
789 126 345 

297 831 456 
564 972 138 
831 645 297 

378 219 564 
645 783 912 
912 564 873 
===========
123 457 689 
456 398 721 
789 126 345 

297 831 564 
564 972 138 
831 645 297 

378 219 456 
645 783 912 
912 564 873 
===========
123 457 689 
456 398 721 
789 126 345 

297 831 564 
564 972 813 
831 645 297 

378 214 956 
645 789 132 
912 563 478 
===========
123 457 689 
456 398 721 
789 126 345 

297 835 164 
564 971 238 
831 642 597 

378 219 456 
645 783 912 
912 564 873 
===========
123 457 689 
456 398 721 
789 126 345 

297 835 164 
564 971 832 
831 642 597 

378 214 956 
645 789 213 
912 563 478 
===========
123 457 689 
456 398 721 
789 126 345 

297 835 164 
564 971 832 
831 642 957 

378 214 596 
645 789 213 
912 563 478 
===========
123 457 689 
456 398 721 
789 126 345 

297 835 164 
564 912 837 
831 674 952 

378 249 516 
645 781 293 
912 563 478 
===========
123 457 689 
456 398 721 
789 126 345 

297 835 164 
564 912 837 
831 674 592 

378 241 956 
645 789 213 
912 563 478 
===========
123 457 689 
456 398 721 
789 126 345 

297 835 164 
564 912 837 
831 674 952 

378 241 596 
645 789 213 
912 563 478 
===========
123 457 689 
456 398 721 
789 126 345 

297 835 416 
564 971 238 
831 642 957 

378 219 564 
645 783 192 
912 564 873 
===========
123 457 689 
456 398 721 
789 126 345 

297 841 563 
564 932 178 
831 675 294 

378 219 456 
645 783 912 
912 564 837 
===========
123 457 689 
456 398 721 
789 126 345 

297 841 563 
564 932 817 
831 675 294 

378 214 956 
645 789 132 
912 563 478 
===========
123 457 689 
456 398 721 
789 126 345 

297 845 163 
564 931 278 
831 672 594 

378 219 456 
645 783 912 
912 564 837 
===========
123 457 689 
456 398 721 
789 126 345 

297 613 458 
564 872 193 
831 945 267 

378 269 514 
645 781 932 
912 534 876 
===========
123 457 689 
456 398 721 
789 126 345 

297 613 458 
564 872 193 
831 945 276 

378 269 514 
645 781 932 
912 534 867 
===========
123 457 689 
456 398 721 
789 126 345 

297 613 458 
564 872 913 
831 945 267 

378 261 594 
645 789 132 
912 534 876 
===========
123 457 689 
456 398 721 
789 126 345 

297 613 458 
564 872 913 
831 945 276 

378 261 594 
645 789 132 
912 534 867 
===========
123 457 689 
456 398 721 
789 126 345 

297 614 538 
564 832 197 
831 975 462 

378 261 954 
645 789 213 
912 543 876 
===========
123 457 689 
456 398 721 
789 126 345 

297 614 538 
564 832 917 
831 975 462 

378 269 154 
645 781 293 
912 543 876 
===========
123 457 689 
456 398 721 
789 126 345 

297 614 538 
564 832 197 
831 975 462 

378 241 956 
645 789 213 
912 563 874 
===========
123 457 689 
456 398 721 
789 126 345 

297 614 538 
564 832 917 
831 975 462 

378 249 156 
645 781 293 
912 563 874 
===========
123 457 689 
456 398 721 
789 126 345 

297 614 853 
564 832 197 
831 975 264 

378 249 516 
645 781 932 
912 563 478 
===========
123 457 689 
456 398 721 
789 126 345 

297 614 853 
564 832 917 
831 975 264 

378 241 596 
645 789 132 
912 563 478 
===========
123 457 689 
456 398 721 
789 126 345 

297 615 438 
564 873 192 
831 942 567 

378 261 954 
645 789 213 
912 534 876 
===========
123 457 689 
456 398 721 
789 126 345 

297 615 438 
564 873 192 
831 942 576 

378 261 954 
645 789 213 
912 534 867 
===========
123 457 689 
456 398 721 
789 126 345 

297 615 438 
564 873 912 
831 942 567 

378 269 154 
645 781 293 
912 534 876 
===========
123 457 689 
456 398 721 
789 126 345 

297 615 438 
564 873 912 
831 942 576 

378 269 154 
645 781 293 
912 534 867 
===========
123 457 689 
456 398 721 
789 126 345 

297 615 438 
564 832 197 
831 974 562 

378 261 954 
645 789 213 
912 543 876 
===========
123 457 689 
456 398 721 
789 126 345 

297 615 438 
564 832 917 
831 974 562 

378 269 154 
645 781 293 
912 543 876 
===========
123 457 689 
456 398 721 
789 126 345 

297 615 438 
564 832 197 
831 974 562 

378 241 956 
645 789 213 
912 563 874 
===========
123 457 689 
456 398 721 
789 126 345 

297 615 438 
564 832 917 
831 974 562 

378 249 156 
645 781 293 
912 563 874 
===========
123 457 689 
456 398 721 
789 126 345 

297 615 834 
564 832 197 
831 974 562 

378 241 956 
645 789 213 
912 563 478 
===========
123 457 689 
456 398 721 
789 126 345 

297 615 834 
564 832 917 
831 974 562 

378 249 156 
645 781 293 
912 563 478 
===========
123 457 689 
456 398 721 
789 126 345 

297 631 458 
564 872 193 
831 945 276 

378 219 564 
645 783 912 
912 564 837 
===========
123 457 689 
456 398 721 
789 126 345 

297 631 458 
564 872 913 
831 945 267 

378 214 596 
645 789 132 
912 563 874 
===========
123 457 689 
456 398 721 
789 126 345 

297 631 458 
564 872 913 
831 945 276 

378 219 564 
645 783 192 
912 564 837 
===========
123 457 689 
456 398 721 
789 126 345 

297 631 854 
564 872 913 
831 945 267 

378 214 596 
645 789 132 
912 563 478 
===========
123 457 689 
456 398 721 
789 126 345 

297 634 158 
564 812 937 
831 975 462 

378 269 514 
645 781 293 
912 543 876 
===========
123 457 689 
456 398 721 
789 126 345 

297 634 158 
564 812 937 
831 975 462 

378 261 594 
645 789 213 
912 543 876 
===========
123 457 689 
456 398 721 
789 126 345 

297 634 158 
564 812 937 
831 975 462 

378 249 516 
645 781 293 
912 563 874 
===========
123 457 689 
456 398 721 
789 126 345 

297 634 158 
564 812 937 
831 975 462 

378 241 596 
645 789 213 
912 563 874 
===========
123 457 689 
456 398 721 
789 126 345 

297 634 518 
564 812 937 
831 975 462 

378 269 154 
645 781 293 
912 543 876 
===========
123 457 689 
456 398 721 
789 126 345 

297 634 518 
564 812 937 
831 975 462 

378 249 156 
645 781 293 
912 563 874 
===========
123 457 689 
456 398 721 
789 126 345 

297 635 418 
564 812 937 
831 974 562 

378 269 154 
645 781 293 
912 543 876 
===========
123 457 689 
456 398 721 
789 126 345 

297 635 418 
564 812 973 
831 974 256 

378 261 594 
645 789 132 
912 543 867 
===========
123 457 689 
456 398 721 
789 126 345 

297 635 418 
564 871 293 
831 942 567 

378 214 956 
645 789 132 
912 563 874 
===========
123 457 689 
456 398 721 
789 126 345 

297 635 418 
564 812 937 
831 974 562 

378 249 156 
645 781 293 
912 563 874 
===========
123 457 689 
456 398 721 
789 126 345 

297 635 814 
564 871 293 
831 942 567 

378 214 956 
645 789 132 
912 563 478 
===========
123 457 689 
456 398 721 
789 126 345 

297 635 814 
564 812 937 
831 974 562 

378 249 156 
645 781 293 
912 563 478 
===========
123 457 689 
456 398 721 
789 126 345 

297 641 538 
564 832 197 
831 975 462 

378 214 956 
645 789 213 
912 563 874 
===========
123 457 689 
456 398 721 
789 126 345 

297 641 538 
564 832 197 
831 975 264 

378 219 456 
645 783 912 
912 564 873 
===========
123 457 689 
456 398 721 
789 126 345 

297 641 538 
564 832 917 
831 975 264 

378 219 456 
645 783 192 
912 564 873 
===========
123 457 689 
456 398 721 
789 126 345 

297 641 853 
564 832 917 
831 975 264 

378 214 596 
645 789 132 
912 563 478 
===========
123 457 689 
456 398 721 
789 126 345 

297 643 158 
564 812 937 
831 975 462 

378 269 514 
645 781 293 
912 534 876 
===========
123 457 689 
456 398 721 
789 126 345 

297 643 158 
564 812 937 
831 975 462 

378 261 594 
645 789 213 
912 534 876 
===========
123 457 689 
456 398 721 
789 126 345 

297 643 518 
564 812 937 
831 975 462 

378 269 154 
645 781 293 
912 534 876 
===========
123 457 689 
456 398 721 
789 126 345 

297 645 138 
564 813 972 
831 972 456 

378 269 514 
645 781 293 
912 534 867 
===========
123 457 689 
456 398 721 
789 126 345 

297 645 138 
564 813 972 
831 972 456 

378 261 594 
645 789 213 
912 534 867 
===========
123 457 689 
456 398 721 
789 126 345 

297 645 138 
564 831 297 
831 972 456 

378 219 564 
645 783 912 
912 564 873 
===========
123 457 689 
456 398 721 
789 126 345 

297 645 138 
564 831 297 
831 972 564 

378 219 456 
645 783 912 
912 564 873 
===========
123 457 689 
456 398 721 
789 126 345 

297 645 813 
564 831 297 
831 972 564 

378 214 956 
645 789 132 
912 563 478 
===========
123 457 689 
456 398 721 
789 126 345 

297 834 156 
564 971 238 
831 265 974 

378 649 512 
645 712 893 
912 583 467 
===========
123 457 689 
456 398 721 
789 126 345 

297 834 516 
564 971 238 
831 265 974 

378 619 452 
645 782 193 
912 543 867 
===========
123 457 689 
456 398 721 
789 126 345 

297 834 516 
564 971 238 
831 265 974 

378 649 152 
645 712 893 
912 583 467 
===========
123 457 689 
456 398 721 
789 126 345 

297 835 164 
564 971 238 
831 264 597 

378 619 452 
645 782 913 
912 543 876 
===========
123 457 689 
456 398 721 
789 126 345 

297 835 164 
564 971 238 
831 264 957 

378 649 512 
645 712 893 
912 583 476 
===========
123 457 689 
456 398 721 
789 126 345 

297 841 536 
564 973 218 
831 265 974 

378 619 452 
645 782 193 
912 534 867 
===========
123 457 689 
456 398 721 
789 126 345 

297 841 563 
564 973 218 
831 265 497 

378 612 954 
645 789 132 
912 534 876 
===========
123 457 689 
456 398 721 
789 126 345 

297 843 516 
564 971 238 
831 265 974 

378 619 452 
645 782 193 
912 534 867 
===========
123 457 689 
456 398 721 
789 126 345 

297 861 453 
564 973 218 
831 245 967 

378 612 594 
645 789 132 
912 534 876 
===========
123 457 689 
456 398 721 
789 126 345 

297 861 453 
564 973 218 
831 245 976 

378 612 594 
645 789 132 
912 534 867 
===========
123 457 689 
456 398 721 
789 126 345 

297 861 534 
564 973 218 
831 245 967 

378 619 452 
645 782 193 
912 534 876 
===========
123 457 689 
456 398 721 
789 126 345 

297 861 534 
564 973 218 
831 245 976 

378 619 452 
645 782 193 
912 534 867 
===========
123 457 689 
456 398 721 
789 126 345 

297 863 514 
564 971 238 
831 245 967 

378 619 452 
645 782 193 
912 534 876 
===========
123 457 689 
456 398 721 
789 126 345 

297 863 514 
564 971 238 
831 245 976 

378 619 452 
645 782 193 
912 534 867 
===========
123 457 689 
456 398 721 
789 126 345 

297 864 513 
564 931 278 
831 275 496 

378 612 954 
645 789 132 
912 543 867 
===========
123 457 689 
456 398 721 
789 126 345 

297 865 134 
564 931 278 
831 274 596 

378 619 452 
645 782 913 
912 543 867 
===========
123 457 689 
456 398 721 
789 126 345 

297 865 134 
564 931 278 
831 274 956 

378 649 512 
645 712 893 
912 583 467 
===========
123 457 689 
456 398 721 
789 126 345 

297 865 413 
564 931 278 
831 274 596 

378 612 954 
645 789 132 
912 543 867 
===========
123 457 689 
456 398 721 
789 126 345 

297 865 413 
564 931 278 
831 274 956 

378 612 594 
645 789 132 
912 543 867 
===========
123 457 689 
456 398 721 
789 126 345 

297 834 156 
564 271 938 
831 965 472 

378 612 594 
645 789 213 
912 543 867 
===========
123 457 689 
456 398 721 
789 126 345 

297 834 156 
564 271 893 
831 965 274 

378 649 512 
645 712 938 
912 583 467 
===========
123 457 689 
456 398 721 
789 126 345 

297 834 156 
564 271 938 
831 965 274 

378 649 512 
645 712 893 
912 583 467 
===========
123 457 689 
456 398 721 
789 126 345 

297 834 516 
564 271 938 
831 965 274 

378 619 452 
645 782 193 
912 543 867 
===========
123 457 689 
456 398 721 
789 126 345 

297 834 516 
564 271 938 
831 965 472 

378 619 254 
645 782 193 
912 543 867 
===========
123 457 689 
456 398 721 
789 126 345 

297 834 516 
564 271 893 
831 965 274 

378 649 152 
645 712 938 
912 583 467 
===========
123 457 689 
456 398 721 
789 126 345 

297 834 516 
564 271 938 
831 965 274 

378 649 152 
645 712 893 
912 583 467 
===========
123 457 689 
456 398 721 
789 126 345 

297 835 164 
564 271 893 
831 964 257 

378 649 512 
645 712 938 
912 583 476 
===========
123 457 689 
456 398 721 
789 126 345 

297 835 164 
564 271 938 
831 964 257 

378 649 512 
645 712 893 
912 583 476 
===========
123 457 689 
456 398 721 
789 126 345 

297 835 416 
564 271 938 
831 964 572 

378 619 254 
645 782 193 
912 543 867 
===========
123 457 689 
456 398 721 
789 126 345 

297 841 536 
564 273 198 
831 965 274 

378 619 452 
645 782 913 
912 534 867 
===========
123 457 689 
456 398 721 
789 126 345 

297 841 536 
564 273 198 
831 965 472 

378 619 254 
645 782 913 
912 534 867 
===========
123 457 689 
456 398 721 
789 126 345 

297 841 536 
564 273 198 
831 965 472 

378 612 954 
645 789 213 
912 534 867 
===========
123 457 689 
456 398 721 
789 126 345 

297 841 536 
564 273 918 
831 965 274 

378 619 452 
645 782 193 
912 534 867 
===========
123 457 689 
456 398 721 
789 126 345 

297 841 536 
564 273 918 
831 965 472 

378 619 254 
645 782 193 
912 534 867 
===========
123 457 689 
456 398 721 
789 126 345 

297 843 156 
564 271 938 
831 965 472 

378 612 594 
645 789 213 
912 534 867 
===========
123 457 689 
456 398 721 
789 126 345 

297 843 516 
564 271 938 
831 965 274 

378 619 452 
645 782 193 
912 534 867 
===========
