123 457 689 
456 398 721 
789 216 354 

297 834 516 
564 921 837 
831 765 942 

378 642 195 
645 189 273 
912 573 468 
===========
123 457 689 
456 398 721 
789 216 354 

297 834 516 
564 921 873 
831 765 942 

378 642 195 
645 189 237 
912 573 468 
===========
123 457 689 
456 398 721 
789 216 354 

297 834 516 
564 921 873 
831 765 942 

378 642 195 
645 179 238 
912 583 467 
===========
123 457 689 
456 398 721 
789 216 354 

297 835 146 
564 921 837 
831 764 295 

378 649 512 
645 182 973 
912 573 468 
===========
123 457 689 
456 398 721 
789 216 354 

297 835 146 
564 921 837 
831 764 592 

378 649 215 
645 182 973 
912 573 468 
===========
123 457 689 
456 398 721 
789 216 354 

297 835 146 
564 921 837 
831 764 592 

378 642 915 
645 189 273 
912 573 468 
===========
123 457 689 
456 398 721 
789 216 354 

297 835 146 
564 921 873 
831 764 295 

378 649 512 
645 182 937 
912 573 468 
===========
123 457 689 
456 398 721 
789 216 354 

297 835 146 
564 921 873 
831 764 592 

378 649 215 
645 182 937 
912 573 468 
===========
123 457 689 
456 398 721 
789 216 354 

297 835 146 
564 921 873 
831 764 592 

378 642 915 
645 189 237 
912 573 468 
===========
123 457 689 
456 398 721 
789 216 354 

297 835 146 
564 921 873 
831 764 295 

378 649 512 
645 172 938 
912 583 467 
===========
123 457 689 
456 398 721 
789 216 354 

297 835 146 
564 921 873 
831 764 592 

378 649 215 
645 172 938 
912 583 467 
===========
123 457 689 
456 398 721 
789 216 354 

297 835 146 
564 921 873 
831 764 592 

378 642 915 
645 179 238 
912 583 467 
===========
123 457 689 
456 398 721 
789 216 354 

297 841 536 
564 932 178 
831 765 942 

378 629 415 
645 183 297 
912 574 863 
===========
123 457 689 
456 398 721 
789 216 354 

297 841 536 
564 932 817 
831 765 942 

378 624 195 
645 189 273 
912 573 468 
===========
123 457 689 
456 398 721 
789 216 354 

297 841 563 
564 932 178 
831 765 492 

378 624 915 
645 189 237 
912 573 846 
===========
123 457 689 
456 398 721 
789 216 354 

297 841 563 
564 932 178 
831 765 942 

378 629 415 
645 183 297 
912 574 836 
===========
123 457 689 
456 398 721 
789 216 354 

297 841 563 
564 932 817 
831 765 942 

378 624 195 
645 179 238 
912 583 476 
===========
123 457 689 
456 398 721 
789 216 354 

297 861 543 
564 932 178 
831 745 962 

378 629 415 
645 183 297 
912 574 836 
===========
123 457 689 
456 398 721 
789 216 354 

297 861 543 
564 932 178 
831 745 296 

378 624 915 
645 179 832 
912 583 467 
===========
123 457 689 
456 398 721 
789 216 354 

297 861 543 
564 932 817 
831 745 962 

378 624 195 
645 179 238 
912 583 476 
===========
123 457 689 
456 398 721 
789 216 354 

297 864 135 
564 931 278 
831 725 946 

378 649 512 
645 172 893 
912 583 467 
===========
123 457 689 
456 398 721 
789 216 354 

297 864 513 
564 931 872 
831 725 946 

378 642 195 
645 189 237 
912 573 468 
===========
123 457 689 
456 398 721 
789 216 354 

297 864 513 
564 931 278 
831 725 946 

378 642 195 
645 179 832 
912 583 467 
===========
123 457 689 
456 398 721 
789 216 354 

297 864 513 
564 931 872 
831 725 946 

378 642 195 
645 179 238 
912 583 467 
===========
123 457 689 
456 398 721 
789 216 354 

297 865 143 
564 931 872 
831 742 596 

378 624 915 
645 189 237 
912 573 468 
===========
123 457 689 
456 398 721 
789 216 354 

297 865 143 
564 931 872 
831 724 596 

378 649 215 
645 182 937 
912 573 468 
===========
123 457 689 
456 398 721 
789 216 354 

297 865 143 
564 931 872 
831 724 596 

378 642 915 
645 189 237 
912 573 468 
===========
123 457 689 
456 398 721 
789 216 354 

297 865 143 
564 931 278 
831 742 596 

378 624 915 
645 179 832 
912 583 467 
===========
123 457 689 
456 398 721 
789 216 354 

297 865 143 
564 931 872 
831 742 596 

378 624 915 
645 179 238 
912 583 467 
===========
123 457 689 
456 398 721 
789 216 354 

297 865 143 
564 931 278 
831 724 596 

378 642 915 
645 179 832 
912 583 467 
===========
123 457 689 
456 398 721 
789 216 354 

297 865 143 
564 931 872 
831 724 596 

378 649 215 
645 172 938 
912 583 467 
===========
123 457 689 
456 398 721 
789 216 354 

297 865 143 
564 931 872 
831 724 596 

378 642 915 
645 179 238 
912 583 467 
===========
123 457 689 
456 398 721 
789 216 354 

297 834 165 
564 721 893 
831 965 247 

378 649 512 
645 172 938 
912 583 476 
===========
123 457 689 
456 398 721 
789 216 354 

297 834 165 
564 721 938 
831 965 247 

378 649 512 
645 172 893 
912 583 476 
===========
123 457 689 
456 398 721 
789 216 354 

297 835 146 
564 721 893 
831 964 275 

378 649 512 
645 182 937 
912 573 468 
===========
123 457 689 
456 398 721 
789 216 354 

297 835 146 
564 721 893 
831 964 572 

378 649 215 
645 182 937 
912 573 468 
===========
123 457 689 
456 398 721 
789 216 354 

297 835 146 
564 721 893 
831 964 572 

378 642 915 
645 189 237 
912 573 468 
===========
123 457 689 
456 398 721 
789 216 354 

297 835 146 
564 721 893 
831 964 275 

378 649 512 
645 172 938 
912 583 467 
===========
123 457 689 
456 398 721 
789 216 354 

297 835 146 
564 721 893 
831 964 572 

378 649 215 
645 172 938 
912 583 467 
===========
123 457 689 
456 398 721 
789 216 354 

297 835 146 
564 721 893 
831 964 572 

378 642 915 
645 179 238 
912 583 467 
===========
123 457 689 
456 398 721 
789 216 354 

297 835 146 
564 721 938 
831 964 275 

378 649 512 
645 172 893 
912 583 467 
===========
123 457 689 
456 398 721 
789 216 354 

297 835 146 
564 721 938 
831 964 572 

378 649 215 
645 172 893 
912 583 467 
===========
123 457 689 
456 398 721 
789 216 354 

297 841 536 
564 732 198 
831 965 247 

378 629 415 
645 183 972 
912 574 863 
===========
123 457 689 
456 398 721 
789 216 354 

297 841 536 
564 732 918 
831 965 472 

378 629 145 
645 183 297 
912 574 863 
===========
123 457 689 
456 398 721 
789 216 354 

297 841 563 
564 732 198 
831 965 472 

378 624 915 
645 189 237 
912 573 846 
===========
123 457 689 
456 398 721 
789 216 354 

297 841 563 
564 732 198 
831 965 247 

378 629 415 
645 183 972 
912 574 836 
===========
123 457 689 
456 398 721 
789 216 354 

297 841 563 
564 732 918 
831 965 472 

378 624 195 
645 189 237 
912 573 846 
===========
123 457 689 
456 398 721 
789 216 354 

297 841 563 
564 732 918 
831 965 472 

378 629 145 
645 183 297 
912 574 836 
===========
123 457 689 
456 398 721 
789 216 354 

297 841 563 
564 732 198 
831 965 247 

378 624 915 
645 179 832 
912 583 476 
===========
123 457 689 
456 398 721 
789 216 354 

297 841 563 
564 732 918 
831 965 247 

378 624 195 
645 179 832 
912 583 476 
===========
123 457 689 
456 398 721 
789 216 354 

297 845 136 
564 731 298 
831 962 547 

378 629 415 
645 183 972 
912 574 863 
===========
123 457 689 
456 398 721 
789 216 354 

297 845 136 
564 731 892 
831 962 547 

378 624 915 
645 189 273 
912 573 468 
===========
123 457 689 
456 398 721 
789 216 354 

297 845 163 
564 731 298 
831 962 547 

378 629 415 
645 183 972 
912 574 836 
===========
123 457 689 
456 398 721 
789 216 354 

297 845 163 
564 731 298 
831 962 547 

378 624 915 
645 179 832 
912 583 476 
===========
123 457 689 
456 398 721 
789 216 354 

297 845 163 
564 731 892 
831 962 547 

378 624 915 
645 179 238 
912 583 476 
===========
123 457 689 
456 398 721 
789 216 354 

297 861 543 
564 732 198 
831 945 267 

378 629 415 
645 183 972 
912 574 836 
===========
123 457 689 
456 398 721 
789 216 354 

297 861 543 
564 732 198 
831 945 267 

378 624 915 
645 179 832 
912 583 476 
===========
123 457 689 
456 398 721 
789 216 354 

297 861 543 
564 732 198 
831 945 276 

378 624 915 
645 179 832 
912 583 467 
===========
123 457 689 
456 398 721 
789 216 354 

297 861 543 
564 732 918 
831 945 267 

378 624 195 
645 179 832 
912 583 476 
===========
123 457 689 
456 398 721 
789 216 354 

297 861 543 
564 732 918 
831 945 276 

378 624 195 
645 179 832 
912 583 467 
===========
123 457 689 
456 398 721 
789 216 354 

297 864 135 
564 731 298 
831 925 467 

378 649 512 
645 182 973 
912 573 846 
===========
123 457 689 
456 398 721 
789 216 354 

297 865 143 
564 731 298 
831 942 567 

378 629 415 
645 183 972 
912 574 836 
===========
123 457 689 
456 398 721 
789 216 354 

297 865 143 
564 731 892 
831 942 576 

378 624 915 
645 189 237 
912 573 468 
===========
123 457 689 
456 398 721 
789 216 354 

297 865 143 
564 731 892 
831 924 576 

378 649 215 
645 182 937 
912 573 468 
===========
123 457 689 
456 398 721 
789 216 354 

297 865 143 
564 731 892 
831 924 576 

378 642 915 
645 189 237 
912 573 468 
===========
123 457 689 
456 398 721 
789 216 354 

297 865 143 
564 731 298 
831 942 567 

378 624 915 
645 179 832 
912 583 476 
===========
123 457 689 
456 398 721 
789 216 354 

297 865 143 
564 731 298 
831 942 576 

378 624 915 
645 179 832 
912 583 467 
===========
123 457 689 
456 398 721 
789 216 354 

297 865 143 
564 731 892 
831 942 567 

378 624 915 
645 179 238 
912 583 476 
===========
123 457 689 
456 398 721 
789 216 354 

297 865 143 
564 731 892 
831 942 576 

378 624 915 
645 179 238 
912 583 467 
===========
123 457 689 
456 398 721 
789 216 354 

297 865 143 
564 731 298 
831 924 567 

378 642 915 
645 179 832 
912 583 476 
===========
123 457 689 
456 398 721 
789 216 354 

297 865 143 
564 731 298 
831 924 576 

378 642 915 
645 179 832 
912 583 467 
===========
123 457 689 
456 398 721 
789 216 354 

297 865 143 
564 731 892 
831 924 567 

378 649 215 
645 172 938 
912 583 476 
===========
123 457 689 
456 398 721 
789 216 354 

297 865 143 
564 731 892 
831 924 576 

378 649 215 
645 172 938 
912 583 467 
===========
123 457 689 
456 398 721 
789 216 354 

297 865 143 
564 731 892 
831 924 567 

378 642 915 
645 179 238 
912 583 476 
===========
123 457 689 
456 398 721 
789 216 354 

297 865 143 
564 731 892 
831 924 576 

378 642 915 
645 179 238 
912 583 467 
===========
123 457 689 
456 398 721 
789 216 354 

297 865 413 
564 731 298 
831 942 567 

378 629 145 
645 183 972 
912 574 836 
===========
123 457 689 
456 398 721 
789 216 354 

297 831 465 
564 729 138 
831 645 297 

378 964 512 
645 182 973 
912 573 846 
===========
123 457 689 
456 398 721 
789 216 354 

297 831 546 
564 729 138 
831 645 297 

378 962 415 
645 183 972 
912 574 863 
===========
123 457 689 
456 398 721 
789 216 354 

297 831 546 
564 729 138 
831 645 972 

378 962 415 
645 183 297 
912 574 863 
===========
123 457 689 
456 398 721 
789 216 354 

297 831 546 
564 729 138 
831 645 972 

378 964 215 
645 172 893 
912 583 467 
===========
123 457 689 
456 398 721 
789 216 354 

297 835 146 
564 721 893 
831 649 275 

378 964 512 
645 182 937 
912 573 468 
===========
123 457 689 
456 398 721 
789 216 354 

297 835 146 
564 721 893 
831 649 572 

378 964 215 
645 182 937 
912 573 468 
===========
123 457 689 
456 398 721 
789 216 354 

297 835 146 
564 721 938 
831 649 572 

378 962 415 
645 183 297 
912 574 863 
===========
123 457 689 
456 398 721 
789 216 354 

297 835 146 
564 721 893 
831 649 275 

378 964 512 
645 172 938 
912 583 467 
===========
123 457 689 
456 398 721 
789 216 354 

297 835 146 
564 721 893 
831 649 572 

378 964 215 
645 172 938 
912 583 467 
===========
123 457 689 
456 398 721 
789 216 354 

297 835 146 
564 721 938 
831 649 275 

378 964 512 
645 172 893 
912 583 467 
===========
123 457 689 
456 398 721 
789 216 354 

297 835 146 
564 721 938 
831 649 572 

378 964 215 
645 172 893 
912 583 467 
===========
123 457 689 
456 398 721 
789 216 354 

297 835 416 
564 721 938 
831 649 572 

378 962 145 
645 183 297 
912 574 863 
===========
123 457 689 
456 398 721 
789 216 354 

297 841 536 
564 739 218 
831 625 497 

378 962 145 
645 183 972 
912 574 863 
===========
123 457 689 
456 398 721 
789 216 354 

297 841 563 
564 739 218 
831 625 497 

378 962 145 
645 183 972 
912 574 836 
===========
123 457 689 
456 398 721 
789 216 354 

297 845 136 
564 731 298 
831 629 547 

378 962 415 
645 183 972 
912 574 863 
===========
123 457 689 
456 398 721 
789 216 354 

297 845 136 
564 731 892 
831 629 547 

378 964 215 
645 182 973 
912 573 468 
===========
123 457 689 
456 398 721 
789 216 354 

297 845 163 
564 731 298 
831 629 475 

378 964 512 
645 182 937 
912 573 846 
===========
123 457 689 
456 398 721 
789 216 354 

297 845 163 
564 731 298 
831 629 547 

378 962 415 
645 183 972 
912 574 836 
===========
123 457 689 
456 398 721 
789 216 354 

297 845 163 
564 731 892 
831 629 547 

378 964 215 
645 172 938 
912 583 476 
===========
123 457 689 
456 398 721 
789 216 354 

297 631 548 
564 829 137 
831 745 296 

378 962 415 
645 183 972 
912 574 863 
===========
123 457 689 
456 398 721 
789 216 354 

297 631 548 
564 829 173 
831 745 962 

378 962 415 
645 183 297 
912 574 836 
===========
123 457 689 
456 398 721 
789 216 354 

297 631 548 
564 829 137 
831 745 962 

378 964 215 
645 172 893 
912 583 476 
===========
123 457 689 
456 398 721 
789 216 354 

297 631 845 
564 829 137 
831 745 296 

378 964 512 
645 182 973 
912 573 468 
===========
123 457 689 
456 398 721 
789 216 354 

297 631 845 
564 829 173 
831 745 296 

378 964 512 
645 182 937 
912 573 468 
===========
123 457 689 
456 398 721 
789 216 354 

297 631 845 
564 829 173 
831 745 296 

378 964 512 
645 172 938 
912 583 467 
===========
123 457 689 
456 398 721 
789 216 354 

297 635 148 
564 821 973 
831 749 562 

378 962 415 
645 183 297 
912 574 836 
===========
123 457 689 
456 398 721 
789 216 354 

297 635 148 
564 821 937 
831 749 265 

378 964 512 
645 172 893 
912 583 476 
===========
123 457 689 
456 398 721 
789 216 354 

297 635 148 
564 821 937 
831 749 562 

378 964 215 
645 172 893 
912 583 476 
===========
123 457 689 
456 398 721 
789 216 354 

297 635 418 
564 821 973 
831 749 562 

378 962 145 
645 183 297 
912 574 836 
===========
123 457 689 
456 398 721 
789 216 354 

297 641 538 
564 839 172 
831 725 946 

378 962 415 
645 183 297 
912 574 863 
===========
123 457 689 
456 398 721 
789 216 354 

297 641 538 
564 839 217 
831 725 496 

378 962 145 
645 183 972 
912 574 863 
===========
123 457 689 
456 398 721 
789 216 354 

297 641 538 
564 839 172 
831 725 946 

378 964 215 
645 172 893 
912 583 467 
===========
123 457 689 
456 398 721 
789 216 354 

297 645 138 
564 831 297 
831 729 465 

378 964 512 
645 182 973 
912 573 846 
===========
123 457 689 
456 398 721 
789 216 354 

297 645 138 
564 831 297 
831 729 546 

378 962 415 
645 183 972 
912 574 863 
===========
123 457 689 
456 398 721 
789 216 354 

297 645 138 
564 831 972 
831 729 546 

378 962 415 
645 183 297 
912 574 863 
===========
123 457 689 
456 398 721 
789 216 354 

297 645 138 
564 831 972 
831 729 546 

378 964 215 
645 172 893 
912 583 467 
===========
123 457 689 
456 398 721 
789 216 354 

297 831 465 
564 972 138 
831 645 972 

378 124 596 
645 789 213 
912 563 847 
===========
123 457 689 
456 398 721 
789 216 354 

297 831 465 
564 972 138 
831 645 297 

378 129 546 
645 783 912 
912 564 873 
===========
123 457 689 
456 398 721 
789 216 354 

297 831 546 
564 972 138 
831 645 297 

378 129 465 
645 783 912 
912 564 873 
===========
123 457 689 
456 398 721 
789 216 354 

297 831 546 
564 972 813 
831 645 297 

378 124 965 
645 789 132 
912 563 478 
===========
123 457 689 
456 398 721 
789 216 354 

297 831 546 
564 972 138 
831 645 972 

378 164 295 
645 729 813 
912 583 467 
===========
123 457 689 
456 398 721 
789 216 354 

297 831 546 
564 972 813 
831 645 972 

378 164 295 
645 729 138 
912 583 467 
===========
123 457 689 
456 398 721 
789 216 354 

297 834 165 
564 971 238 
831 625 497 

378 169 542 
645 782 913 
912 543 876 
===========
123 457 689 
456 398 721 
789 216 354 

297 834 165 
564 971 832 
831 625 947 

378 142 596 
645 789 213 
912 563 478 
===========
123 457 689 
456 398 721 
789 216 354 

297 834 165 
564 921 837 
831 675 942 

378 142 596 
645 789 213 
912 563 478 
===========
123 457 689 
456 398 721 
789 216 354 

297 834 516 
564 971 832 
831 625 947 

378 149 265 
645 782 193 
912 563 478 
===========
123 457 689 
456 398 721 
789 216 354 

297 834 516 
564 921 837 
831 675 942 

378 149 265 
645 782 193 
912 563 478 
===========
123 457 689 
456 398 721 
789 216 354 

297 835 146 
564 971 238 
831 642 597 

378 129 465 
645 783 912 
912 564 873 
===========
123 457 689 
456 398 721 
789 216 354 

297 835 146 
564 971 832 
831 642 597 

378 124 965 
645 789 213 
912 563 478 
===========
123 457 689 
456 398 721 
789 216 354 

297 835 146 
564 971 832 
831 624 597 

378 149 265 
645 782 913 
912 563 478 
===========
123 457 689 
456 398 721 
789 216 354 

297 835 146 
564 971 832 
831 624 597 

378 142 965 
645 789 213 
912 563 478 
===========
123 457 689 
456 398 721 
789 216 354 

297 835 146 
564 921 837 
831 674 295 

378 149 562 
645 782 913 
912 563 478 
===========
123 457 689 
456 398 721 
789 216 354 

297 835 146 
564 921 837 
831 674 592 

378 149 265 
645 782 913 
912 563 478 
===========
123 457 689 
456 398 721 
789 216 354 

297 835 146 
564 921 837 
831 674 592 

378 142 965 
645 789 213 
912 563 478 
===========
123 457 689 
456 398 721 
789 216 354 

297 835 146 
564 971 238 
831 642 975 

378 164 592 
645 729 813 
912 583 467 
===========
123 457 689 
456 398 721 
789 216 354 

297 835 416 
564 971 238 
831 624 975 

378 169 542 
645 782 193 
912 543 867 
===========
123 457 689 
456 398 721 
789 216 354 

297 835 416 
564 971 238 
831 624 975 

378 149 562 
645 782 193 
912 563 847 
===========
123 457 689 
456 398 721 
789 216 354 

297 841 536 
564 923 178 
831 675 492 

378 169 245 
645 782 913 
912 534 867 
===========
123 457 689 
456 398 721 
789 216 354 

297 841 536 
564 923 178 
831 675 492 

378 162 945 
645 789 213 
912 534 867 
===========
123 457 689 
456 398 721 
789 216 354 

297 841 536 
564 923 178 
831 675 942 

378 162 495 
645 789 213 
912 534 867 
===========
123 457 689 
456 398 721 
789 216 354 

297 841 536 
564 932 178 
831 675 492 

378 124 965 
645 789 213 
912 563 847 
===========
123 457 689 
456 398 721 
789 216 354 

297 841 536 
564 932 178 
831 675 942 

378 164 295 
645 729 813 
912 583 467 
===========
123 457 689 
456 398 721 
789 216 354 

297 841 563 
564 973 218 
831 625 497 

378 162 945 
645 789 132 
912 534 876 
===========
123 457 689 
456 398 721 
789 216 354 

297 841 563 
564 973 218 
831 625 947 

378 162 495 
645 789 132 
912 534 876 
===========
123 457 689 
456 398 721 
789 216 354 

297 841 563 
564 932 817 
831 675 942 

378 164 295 
645 729 138 
912 583 476 
===========
123 457 689 
456 398 721 
789 216 354 

297 843 165 
564 971 238 
831 625 497 

378 169 542 
645 782 913 
912 534 876 
===========
123 457 689 
456 398 721 
789 216 354 

297 845 136 
564 931 278 
831 672 945 

378 164 592 
645 729 813 
912 583 467 
===========
123 457 689 
456 398 721 
789 216 354 

297 845 163 
564 931 278 
831 672 495 

378 129 546 
645 783 912 
912 564 837 
===========
123 457 689 
456 398 721 
789 216 354 

297 631 548 
564 872 193 
831 945 276 

378 129 465 
645 783 912 
912 564 837 
===========
123 457 689 
456 398 721 
789 216 354 

297 631 548 
564 872 913 
831 945 276 

378 129 465 
645 783 192 
912 564 837 
===========
123 457 689 
456 398 721 
789 216 354 

297 631 845 
564 872 913 
831 945 267 

378 124 596 
645 789 132 
912 563 478 
===========
123 457 689 
456 398 721 
789 216 354 

297 631 845 
564 872 913 
831 945 267 

378 164 592 
645 729 138 
912 583 476 
===========
123 457 689 
456 398 721 
789 216 354 

297 631 845 
564 872 913 
831 945 276 

378 164 592 
645 729 138 
912 583 467 
===========
123 457 689 
456 398 721 
789 216 354 

297 634 518 
564 871 293 
831 925 467 

378 162 945 
645 789 132 
912 543 876 
===========
123 457 689 
456 398 721 
789 216 354 

297 634 518 
564 871 293 
831 925 476 

378 162 945 
645 789 132 
912 543 867 
===========
123 457 689 
456 398 721 
789 216 354 

297 634 518 
564 871 932 
831 925 467 

378 169 245 
645 782 193 
912 543 876 
===========
123 457 689 
456 398 721 
789 216 354 

297 634 518 
564 871 932 
831 925 476 

378 169 245 
645 782 193 
912 543 867 
===========
123 457 689 
456 398 721 
789 216 354 

297 634 518 
564 821 937 
831 975 462 

378 169 245 
645 782 193 
912 543 876 
===========
123 457 689 
456 398 721 
789 216 354 

297 634 518 
564 821 973 
831 975 246 

378 162 495 
645 789 132 
912 543 867 
===========
123 457 689 
456 398 721 
789 216 354 

297 634 518 
564 871 293 
831 925 476 

378 142 965 
645 789 132 
912 563 847 
===========
123 457 689 
456 398 721 
789 216 354 

297 634 518 
564 871 932 
831 925 476 

378 149 265 
645 782 193 
912 563 847 
===========
123 457 689 
456 398 721 
789 216 354 

297 634 815 
564 821 937 
831 975 246 

378 149 562 
645 782 193 
912 563 478 
===========
123 457 689 
456 398 721 
789 216 354 

297 635 148 
564 871 932 
831 924 567 

378 162 495 
645 789 213 
912 543 876 
===========
123 457 689 
456 398 721 
789 216 354 

297 635 148 
564 871 932 
831 924 576 

378 162 495 
645 789 213 
912 543 867 
===========
123 457 689 
456 398 721 
789 216 354 

297 635 148 
564 821 937 
831 974 562 

378 162 495 
645 789 213 
912 543 876 
===========
123 457 689 
456 398 721 
789 216 354 

297 635 148 
564 871 293 
831 942 576 

378 129 465 
645 783 912 
912 564 837 
===========
123 457 689 
456 398 721 
789 216 354 

297 635 148 
564 871 932 
831 942 567 

378 164 295 
645 729 813 
912 583 476 
===========
123 457 689 
456 398 721 
789 216 354 

297 635 148 
564 871 932 
831 942 576 

378 164 295 
645 729 813 
912 583 467 
===========
123 457 689 
456 398 721 
789 216 354 

297 635 418 
564 871 293 
831 924 567 

378 162 945 
645 789 132 
912 543 876 
===========
123 457 689 
456 398 721 
789 216 354 

297 635 418 
564 871 293 
831 924 576 

378 162 945 
645 789 132 
912 543 867 
===========
123 457 689 
456 398 721 
789 216 354 

297 635 418 
564 871 932 
831 924 567 

378 169 245 
645 782 193 
912 543 876 
===========
123 457 689 
456 398 721 
789 216 354 

297 635 418 
564 871 932 
831 924 576 

378 169 245 
645 782 193 
912 543 867 
===========
123 457 689 
456 398 721 
789 216 354 

297 635 418 
564 821 937 
831 974 265 

378 169 542 
645 782 193 
912 543 876 
===========
123 457 689 
456 398 721 
789 216 354 

297 635 418 
564 821 937 
831 974 562 

378 169 245 
645 782 193 
912 543 876 
===========
123 457 689 
456 398 721 
789 216 354 

297 635 418 
564 871 293 
831 942 576 

378 124 965 
645 789 132 
912 563 847 
===========
123 457 689 
456 398 721 
789 216 354 

297 635 418 
564 871 293 
831 924 576 

378 142 965 
645 789 132 
912 563 847 
===========
123 457 689 
456 398 721 
789 216 354 

297 635 418 
564 871 932 
831 924 576 

378 149 265 
645 782 193 
912 563 847 
===========
123 457 689 
456 398 721 
789 216 354 

297 635 418 
564 821 973 
831 974 265 

378 142 596 
645 789 132 
912 563 847 
===========
123 457 689 
456 398 721 
789 216 354 

297 641 538 
564 873 192 
831 925 467 

378 169 245 
645 782 913 
912 534 876 
===========
123 457 689 
456 398 721 
789 216 354 

297 641 538 
564 873 192 
831 925 476 

378 169 245 
645 782 913 
912 534 867 
===========
123 457 689 
456 398 721 
789 216 354 

297 641 538 
564 873 192 
831 925 467 

378 162 945 
645 789 213 
912 534 876 
===========
123 457 689 
456 398 721 
789 216 354 

297 641 538 
564 873 192 
831 925 476 

378 162 945 
645 789 213 
912 534 867 
===========
123 457 689 
456 398 721 
789 216 354 

297 641 538 
564 873 912 
831 925 467 

378 169 245 
645 782 193 
912 534 876 
===========
123 457 689 
456 398 721 
789 216 354 

297 641 538 
564 873 912 
831 925 476 

378 169 245 
645 782 193 
912 534 867 
===========
123 457 689 
456 398 721 
789 216 354 

297 641 538 
564 823 197 
831 975 462 

378 169 245 
645 782 913 
912 534 876 
===========
123 457 689 
456 398 721 
789 216 354 

297 641 538 
564 823 197 
831 975 462 

378 162 945 
645 789 213 
912 534 876 
===========
123 457 689 
456 398 721 
789 216 354 

297 641 538 
564 823 917 
831 975 462 

378 169 245 
645 782 193 
912 534 876 
===========
123 457 689 
456 398 721 
789 216 354 

297 641 538 
564 832 197 
831 975 246 

378 129 465 
645 783 912 
912 564 873 
===========
123 457 689 
456 398 721 
789 216 354 

297 641 538 
564 832 917 
831 975 246 

378 129 465 
645 783 192 
912 564 873 
===========
123 457 689 
456 398 721 
789 216 354 

297 643 518 
564 871 293 
831 925 467 

378 162 945 
645 789 132 
912 534 876 
===========
123 457 689 
456 398 721 
789 216 354 

297 643 518 
564 871 293 
831 925 476 

378 162 945 
645 789 132 
912 534 867 
===========
123 457 689 
456 398 721 
789 216 354 

297 643 518 
564 871 932 
831 925 467 

378 169 245 
645 782 193 
912 534 876 
===========
123 457 689 
456 398 721 
789 216 354 

297 643 518 
564 871 932 
831 925 476 

378 169 245 
645 782 193 
912 534 867 
===========
123 457 689 
456 398 721 
789 216 354 

297 643 518 
564 821 937 
831 975 462 

378 169 245 
645 782 193 
912 534 876 
===========
123 457 689 
456 398 721 
789 216 354 

297 643 518 
564 821 973 
831 975 246 

378 162 495 
645 789 132 
912 534 867 
===========
123 457 689 
456 398 721 
789 216 354 

297 645 138 
564 831 297 
831 972 465 

378 129 546 
645 783 912 
912 564 873 
===========
123 457 689 
456 398 721 
789 216 354 

297 645 138 
564 831 297 
831 972 546 

378 129 465 
645 783 912 
912 564 873 
===========
123 457 689 
456 398 721 
789 216 354 

297 645 138 
564 831 972 
831 972 465 

378 124 596 
645 789 213 
912 563 847 
===========
123 457 689 
456 398 721 
789 216 354 

297 645 138 
564 831 972 
831 972 546 

378 164 295 
645 729 813 
912 583 467 
===========
123 457 689 
456 398 721 
789 216 354 

297 645 813 
564 831 297 
831 972 546 

378 124 965 
645 789 132 
912 563 478 
===========
123 457 689 
456 398 721 
789 216 354 

297 645 813 
564 831 972 
831 972 546 

378 164 295 
645 729 138 
912 583 467 
===========
123 457 689 
456 398 721 
789 216 354 

297 834 165 
564 172 893 
831 965 247 

378 649 512 
645 721 938 
912 583 476 
===========
123 457 689 
456 398 721 
789 216 354 

297 834 165 
564 172 938 
831 965 247 

378 649 512 
645 721 893 
912 583 476 
===========
123 457 689 
456 398 721 
789 216 354 

297 834 165 
564 172 938 
831 965 247 

378 641 592 
645 729 813 
912 583 476 
===========
123 457 689 
456 398 721 
789 216 354 

297 834 516 
564 172 938 
831 965 472 

378 629 145 
645 781 293 
912 543 867 
===========
