123 457 689 
456 398 721 
789 612 345 

297 835 164 
564 921 873 
831 764 952 

378 249 516 
645 183 297 
912 576 438 
===========
123 457 689 
456 398 721 
789 612 345 

297 835 164 
564 921 837 
831 764 952 

378 249 516 
645 173 298 
912 586 473 
===========
123 457 689 
456 398 721 
789 612 345 

297 835 164 
564 921 873 
831 764 952 

378 249 516 
645 173 298 
912 586 437 
===========
123 457 689 
456 398 721 
789 612 345 

297 864 153 
564 931 872 
831 725 964 

378 249 516 
645 183 297 
912 576 438 
===========
123 457 689 
456 398 721 
789 612 345 

297 864 153 
564 931 278 
831 725 964 

378 249 516 
645 173 892 
912 586 437 
===========
123 457 689 
456 398 721 
789 612 345 

297 864 153 
564 931 872 
831 725 964 

378 249 516 
645 173 298 
912 586 437 
===========
123 457 689 
456 398 721 
789 612 345 

297 864 513 
564 931 872 
831 725 964 

378 249 156 
645 183 297 
912 576 438 
===========
123 457 689 
456 398 721 
789 612 345 

297 864 513 
564 931 278 
831 725 964 

378 249 156 
645 173 892 
912 586 437 
===========
123 457 689 
456 398 721 
789 612 345 

297 864 513 
564 931 872 
831 725 964 

378 249 156 
645 173 298 
912 586 437 
===========
123 457 689 
456 398 721 
789 612 345 

297 835 164 
564 721 893 
831 964 257 

378 249 516 
645 183 972 
912 576 438 
===========
123 457 689 
456 398 721 
789 612 345 

297 835 164 
564 721 938 
831 964 257 

378 249 516 
645 173 892 
912 586 473 
===========
123 457 689 
456 398 721 
789 612 345 

297 835 416 
564 721 938 
831 946 572 

378 269 154 
645 183 297 
912 574 863 
===========
123 457 689 
456 398 721 
789 612 345 

297 845 136 
564 731 298 
831 926 457 

378 269 514 
645 183 972 
912 574 863 
===========
123 457 689 
456 398 721 
789 612 345 

297 845 163 
564 731 298 
831 926 457 

378 269 514 
645 183 972 
912 574 836 
===========
123 457 689 
456 398 721 
789 612 345 

297 846 153 
564 731 298 
831 925 467 

378 269 514 
645 183 972 
912 574 836 
===========
123 457 689 
456 398 721 
789 612 345 

297 846 513 
564 731 298 
831 925 467 

378 269 154 
645 183 972 
912 574 836 
===========
123 457 689 
456 398 721 
789 612 345 

297 864 153 
564 731 298 
831 925 467 

378 249 516 
645 183 972 
912 576 834 
===========
123 457 689 
456 398 721 
789 612 345 

297 864 513 
564 731 298 
831 925 467 

378 249 156 
645 183 972 
912 576 834 
===========
123 457 689 
456 398 721 
789 612 345 

297 865 413 
564 731 298 
831 924 567 

378 249 156 
645 183 972 
912 576 834 
===========
123 457 689 
456 398 721 
789 612 345 

297 841 536 
564 739 218 
831 265 497 

378 926 154 
645 183 972 
912 574 863 
===========
123 457 689 
456 398 721 
789 612 345 

297 841 563 
564 739 218 
831 265 497 

378 926 154 
645 183 972 
912 574 836 
===========
123 457 689 
456 398 721 
789 612 345 

297 841 563 
564 739 218 
831 265 497 

378 924 156 
645 183 972 
912 576 834 
===========
123 457 689 
456 398 721 
789 612 345 

297 841 563 
564 739 812 
831 265 974 

378 924 156 
645 183 297 
912 576 438 
===========
123 457 689 
456 398 721 
789 612 345 

297 841 563 
564 739 218 
831 265 974 

378 924 156 
645 173 892 
912 586 437 
===========
123 457 689 
456 398 721 
789 612 345 

297 841 563 
564 739 812 
831 265 974 

378 924 156 
645 173 298 
912 586 437 
===========
123 457 689 
456 398 721 
789 612 345 

297 845 136 
564 731 298 
831 269 457 

378 926 514 
645 183 972 
912 574 863 
===========
123 457 689 
456 398 721 
789 612 345 

297 845 163 
564 731 298 
831 269 457 

378 926 514 
645 183 972 
912 574 836 
===========
123 457 689 
456 398 721 
789 612 345 

297 845 163 
564 731 298 
831 269 457 

378 924 516 
645 183 972 
912 576 834 
===========
123 457 689 
456 398 721 
789 612 345 

297 861 534 
564 739 218 
831 245 967 

378 924 156 
645 173 892 
912 586 473 
===========
123 457 689 
456 398 721 
789 612 345 

297 861 534 
564 739 812 
831 245 967 

378 924 156 
645 173 298 
912 586 473 
===========
123 457 689 
456 398 721 
789 612 345 

297 865 413 
564 731 298 
831 249 567 

378 926 154 
645 183 972 
912 574 836 
===========
123 457 689 
456 398 721 
789 612 345 

297 865 413 
564 731 298 
831 249 567 

378 924 156 
645 183 972 
912 576 834 
===========
123 457 689 
456 398 721 
789 612 345 

297 841 563 
564 239 817 
831 765 294 

378 924 156 
645 183 972 
912 576 438 
===========
123 457 689 
456 398 721 
789 612 345 

297 845 136 
564 231 978 
831 769 452 

378 926 514 
645 183 297 
912 574 863 
===========
123 457 689 
456 398 721 
789 612 345 

297 845 163 
564 231 897 
831 769 254 

378 924 516 
645 183 972 
912 576 438 
===========
123 457 689 
456 398 721 
789 612 345 

297 845 163 
564 231 978 
831 769 452 

378 926 514 
645 183 297 
912 574 836 
===========
123 457 689 
456 398 721 
789 612 345 

297 845 163 
564 231 978 
831 769 452 

378 924 516 
645 183 297 
912 576 834 
===========
123 457 689 
456 398 721 
789 612 345 

297 845 163 
564 231 978 
831 769 254 

378 924 516 
645 173 892 
912 586 437 
===========
123 457 689 
456 398 721 
789 612 345 

297 861 453 
564 239 178 
831 745 962 

378 926 514 
645 183 297 
912 574 836 
===========
123 457 689 
456 398 721 
789 612 345 

297 861 453 
564 239 178 
831 745 962 

378 924 516 
645 183 297 
912 576 834 
===========
123 457 689 
456 398 721 
789 612 345 

297 861 534 
564 239 817 
831 745 962 

378 924 156 
645 173 298 
912 586 473 
===========
123 457 689 
456 398 721 
789 612 345 

297 865 413 
564 231 978 
831 749 562 

378 926 154 
645 183 297 
912 574 836 
===========
123 457 689 
456 398 721 
789 612 345 

297 865 413 
564 231 978 
831 749 562 

378 924 156 
645 183 297 
912 576 834 
===========
123 457 689 
456 398 721 
789 612 345 

297 834 156 
564 921 873 
831 765 294 

378 149 562 
645 283 917 
912 576 438 
===========
123 457 689 
456 398 721 
789 612 345 

297 834 156 
564 921 837 
831 765 294 

378 149 562 
645 273 918 
912 586 473 
===========
123 457 689 
456 398 721 
789 612 345 

297 834 156 
564 921 873 
831 765 294 

378 149 562 
645 273 918 
912 586 437 
===========
123 457 689 
456 398 721 
789 612 345 

297 834 516 
564 921 837 
831 765 294 

378 146 952 
645 289 173 
912 573 468 
===========
123 457 689 
456 398 721 
789 612 345 

297 834 516 
564 921 873 
831 765 294 

378 146 952 
645 289 137 
912 573 468 
===========
123 457 689 
456 398 721 
789 612 345 

297 834 516 
564 921 873 
831 765 294 

378 146 952 
645 279 138 
912 583 467 
===========
123 457 689 
456 398 721 
789 612 345 

297 835 164 
564 921 873 
831 764 592 

378 149 256 
645 283 917 
912 576 438 
===========
123 457 689 
456 398 721 
789 612 345 

297 835 164 
564 921 837 
831 764 592 

378 149 256 
645 273 918 
912 586 473 
===========
123 457 689 
456 398 721 
789 612 345 

297 835 164 
564 921 873 
831 764 592 

378 149 256 
645 273 918 
912 586 437 
===========
123 457 689 
456 398 721 
789 612 345 

297 836 514 
564 921 837 
831 745 296 

378 164 952 
645 289 173 
912 573 468 
===========
123 457 689 
456 398 721 
789 612 345 

297 836 514 
564 921 873 
831 745 296 

378 164 952 
645 289 137 
912 573 468 
===========
123 457 689 
456 398 721 
789 612 345 

297 836 514 
564 921 873 
831 745 296 

378 164 952 
645 279 138 
912 583 467 
===========
123 457 689 
456 398 721 
789 612 345 

297 845 136 
564 931 278 
831 726 594 

378 169 452 
645 283 917 
912 574 863 
===========
123 457 689 
456 398 721 
789 612 345 

297 845 136 
564 931 278 
831 726 594 

378 164 952 
645 279 813 
912 583 467 
===========
123 457 689 
456 398 721 
789 612 345 

297 845 136 
564 931 278 
831 726 954 

378 164 592 
645 279 813 
912 583 467 
===========
123 457 689 
456 398 721 
789 612 345 

297 845 163 
564 931 278 
831 726 594 

378 169 452 
645 283 917 
912 574 836 
===========
123 457 689 
456 398 721 
789 612 345 

297 846 513 
564 931 278 
831 725 496 

378 164 952 
645 289 137 
912 573 864 
===========
123 457 689 
456 398 721 
789 612 345 

297 846 513 
564 931 278 
831 725 964 

378 169 452 
645 283 197 
912 574 836 
===========
123 457 689 
456 398 721 
789 612 345 

297 864 153 
564 931 278 
831 725 496 

378 149 562 
645 283 917 
912 576 834 
===========
123 457 689 
456 398 721 
789 612 345 

297 864 513 
564 931 278 
831 725 496 

378 146 952 
645 289 137 
912 573 864 
===========
123 457 689 
456 398 721 
789 612 345 

297 864 513 
564 931 872 
831 725 964 

378 149 256 
645 283 197 
912 576 438 
===========
123 457 689 
456 398 721 
789 612 345 

297 864 513 
564 931 872 
831 725 964 

378 149 256 
645 273 198 
912 586 437 
===========
123 457 689 
456 398 721 
789 612 345 

297 865 134 
564 931 278 
831 724 596 

378 146 952 
645 279 813 
912 583 467 
===========
123 457 689 
456 398 721 
789 612 345 

297 865 134 
564 931 278 
831 724 956 

378 146 592 
645 279 813 
912 583 467 
===========
123 457 689 
456 398 721 
789 612 345 

297 865 413 
564 931 278 
831 724 596 

378 146 952 
645 289 137 
912 573 864 
===========
123 457 689 
456 398 721 
789 612 345 

297 865 413 
564 931 278 
831 724 956 

378 146 592 
645 289 137 
912 573 864 
===========
123 457 689 
456 398 721 
789 612 345 

297 865 413 
564 931 278 
831 724 956 

378 149 562 
645 283 197 
912 576 834 
===========
123 457 689 
456 398 721 
789 612 345 

297 834 156 
564 721 893 
831 965 274 

378 149 562 
645 283 917 
912 576 438 
===========
123 457 689 
456 398 721 
789 612 345 

297 834 156 
564 721 893 
831 965 274 

378 149 562 
645 273 918 
912 586 437 
===========
123 457 689 
456 398 721 
789 612 345 

297 834 156 
564 721 938 
831 965 274 

378 146 592 
645 279 813 
912 583 467 
===========
123 457 689 
456 398 721 
789 612 345 

297 834 516 
564 721 893 
831 965 274 

378 146 952 
645 289 137 
912 573 468 
===========
123 457 689 
456 398 721 
789 612 345 

297 834 516 
564 721 893 
831 965 274 

378 146 952 
645 279 138 
912 583 467 
===========
123 457 689 
456 398 721 
789 612 345 

297 835 164 
564 721 893 
831 964 572 

378 149 256 
645 283 917 
912 576 438 
===========
123 457 689 
456 398 721 
789 612 345 

297 835 164 
564 721 893 
831 964 572 

378 149 256 
645 273 918 
912 586 437 
===========
123 457 689 
456 398 721 
789 612 345 

297 835 164 
564 721 938 
831 964 257 

378 146 592 
645 279 813 
912 583 476 
===========
123 457 689 
456 398 721 
789 612 345 

297 835 164 
564 721 938 
831 946 257 

378 164 592 
645 279 813 
912 583 476 
===========
123 457 689 
456 398 721 
789 612 345 

297 835 416 
564 721 938 
831 964 257 

378 146 592 
645 289 173 
912 573 864 
===========
123 457 689 
456 398 721 
789 612 345 

297 835 416 
564 721 938 
831 946 257 

378 164 592 
645 289 173 
912 573 864 
===========
123 457 689 
456 398 721 
789 612 345 

297 835 416 
564 721 938 
831 946 572 

378 169 254 
645 283 197 
912 574 863 
===========
123 457 689 
456 398 721 
789 612 345 

297 836 154 
564 721 938 
831 945 267 

378 164 592 
645 279 813 
912 583 476 
===========
123 457 689 
456 398 721 
789 612 345 

297 836 154 
564 721 938 
831 945 276 

378 164 592 
645 279 813 
912 583 467 
===========
123 457 689 
456 398 721 
789 612 345 

297 836 514 
564 721 893 
831 945 276 

378 164 952 
645 289 137 
912 573 468 
===========
123 457 689 
456 398 721 
789 612 345 

297 836 514 
564 721 938 
831 945 276 

378 169 452 
645 283 197 
912 574 863 
===========
123 457 689 
456 398 721 
789 612 345 

297 836 514 
564 721 893 
831 945 267 

378 164 952 
645 279 138 
912 583 476 
===========
123 457 689 
456 398 721 
789 612 345 

297 836 514 
564 721 893 
831 945 276 

378 164 952 
645 279 138 
912 583 467 
===========
123 457 689 
456 398 721 
789 612 345 

297 845 136 
564 731 298 
831 926 574 

378 169 452 
645 283 917 
912 574 863 
===========
123 457 689 
456 398 721 
789 612 345 

297 845 136 
564 731 298 
831 926 574 

378 164 952 
645 279 813 
912 583 467 
===========
123 457 689 
456 398 721 
789 612 345 

297 845 163 
564 731 298 
831 926 574 

378 169 452 
645 283 917 
912 574 836 
===========
123 457 689 
456 398 721 
789 612 345 

297 846 513 
564 731 298 
831 925 476 

378 164 952 
645 289 137 
912 573 864 
===========
123 457 689 
456 398 721 
789 612 345 

297 864 153 
564 731 298 
831 925 476 

378 149 562 
645 283 917 
912 576 834 
===========
123 457 689 
456 398 721 
789 612 345 

297 864 513 
564 731 298 
831 925 476 

378 146 952 
645 289 137 
912 573 864 
===========
123 457 689 
456 398 721 
789 612 345 

297 865 134 
564 731 298 
831 924 567 

378 146 952 
645 279 813 
912 583 476 
===========
123 457 689 
456 398 721 
789 612 345 

297 865 134 
564 731 298 
831 924 576 

378 146 952 
645 279 813 
912 583 467 
===========
123 457 689 
456 398 721 
789 612 345 

297 865 134 
564 731 892 
831 924 567 

378 149 256 
645 273 918 
912 586 473 
===========
123 457 689 
456 398 721 
789 612 345 

297 865 413 
564 731 298 
831 924 576 

378 146 952 
645 289 137 
912 573 864 
===========
123 457 689 
456 398 721 
789 612 345 

297 834 156 
564 129 837 
831 765 294 

378 946 512 
645 281 973 
912 573 468 
===========
123 457 689 
456 398 721 
789 612 345 

297 834 156 
564 129 873 
831 765 294 

378 946 512 
645 281 937 
912 573 468 
===========
123 457 689 
456 398 721 
789 612 345 

297 834 156 
564 129 873 
831 765 294 

378 941 562 
645 283 917 
912 576 438 
===========
123 457 689 
456 398 721 
789 612 345 

297 834 156 
564 129 837 
831 765 294 

378 941 562 
645 273 918 
912 586 473 
===========
123 457 689 
456 398 721 
789 612 345 

297 834 156 
564 129 873 
831 765 294 

378 946 512 
645 271 938 
912 583 467 
===========
123 457 689 
456 398 721 
789 612 345 

297 834 156 
564 129 873 
831 765 294 

378 941 562 
645 273 918 
912 586 437 
===========
123 457 689 
456 398 721 
789 612 345 

297 834 516 
564 129 837 
831 765 294 

378 946 152 
645 281 973 
912 573 468 
===========
123 457 689 
456 398 721 
789 612 345 

297 834 516 
564 129 873 
831 765 294 

378 946 152 
645 281 937 
912 573 468 
===========
123 457 689 
456 398 721 
789 612 345 

297 834 516 
564 129 873 
831 765 294 

378 946 152 
645 271 938 
912 583 467 
===========
123 457 689 
456 398 721 
789 612 345 

297 835 164 
564 129 873 
831 764 592 

378 941 256 
645 283 917 
912 576 438 
===========
123 457 689 
456 398 721 
789 612 345 

297 835 164 
564 129 837 
831 764 592 

378 941 256 
645 273 918 
912 586 473 
===========
123 457 689 
456 398 721 
789 612 345 

297 835 164 
564 129 873 
831 764 592 

378 941 256 
645 273 918 
912 586 437 
===========
123 457 689 
456 398 721 
789 612 345 

297 836 154 
564 129 837 
831 745 296 

378 964 512 
645 281 973 
912 573 468 
===========
123 457 689 
456 398 721 
789 612 345 

297 836 154 
564 129 873 
831 745 296 

378 964 512 
645 281 937 
912 573 468 
===========
123 457 689 
456 398 721 
789 612 345 

297 836 154 
564 129 873 
831 745 296 

378 964 512 
645 271 938 
912 583 467 
===========
123 457 689 
456 398 721 
789 612 345 

297 836 514 
564 129 837 
831 745 296 

378 964 152 
645 281 973 
912 573 468 
===========
123 457 689 
456 398 721 
789 612 345 

297 836 514 
564 129 873 
831 745 296 

378 964 152 
645 281 937 
912 573 468 
===========
123 457 689 
456 398 721 
789 612 345 

297 836 514 
564 129 873 
831 745 296 

378 964 152 
645 271 938 
912 583 467 
===========
123 457 689 
456 398 721 
789 612 345 

297 845 136 
564 139 278 
831 726 594 

378 961 452 
645 283 917 
912 574 863 
===========
123 457 689 
456 398 721 
789 612 345 

297 845 136 
564 139 278 
831 726 954 

378 964 512 
645 271 893 
912 583 467 
===========
123 457 689 
456 398 721 
789 612 345 

297 845 163 
564 139 278 
831 726 594 

378 961 452 
645 283 917 
912 574 836 
===========
123 457 689 
456 398 721 
789 612 345 

297 846 153 
564 139 278 
831 725 496 

378 964 512 
645 281 937 
912 573 864 
===========
123 457 689 
456 398 721 
789 612 345 

297 846 513 
564 139 278 
831 725 496 

378 964 152 
645 281 937 
912 573 864 
===========
123 457 689 
456 398 721 
789 612 345 

297 846 513 
564 139 278 
831 725 964 

378 961 452 
645 283 197 
912 574 836 
===========
123 457 689 
456 398 721 
789 612 345 

297 864 153 
564 139 278 
831 725 496 

378 946 512 
645 281 937 
912 573 864 
===========
123 457 689 
456 398 721 
789 612 345 

297 864 153 
564 139 278 
831 725 496 

378 941 562 
645 283 917 
912 576 834 
===========
123 457 689 
456 398 721 
789 612 345 

297 864 513 
564 139 278 
831 725 496 

378 946 152 
645 281 937 
912 573 864 
===========
123 457 689 
456 398 721 
789 612 345 

297 864 513 
564 139 872 
831 725 964 

378 941 256 
645 283 197 
912 576 438 
===========
123 457 689 
456 398 721 
789 612 345 

297 864 513 
564 139 872 
831 725 964 

378 941 256 
645 273 198 
912 586 437 
===========
123 457 689 
456 398 721 
789 612 345 

297 865 134 
564 139 278 
831 724 956 

378 946 512 
645 271 893 
912 583 467 
===========
123 457 689 
456 398 721 
789 612 345 

297 865 413 
564 139 278 
831 724 596 

378 946 152 
645 281 937 
912 573 864 
===========
123 457 689 
456 398 721 
789 612 345 

297 865 413 
564 139 278 
831 724 956 

378 941 562 
645 283 197 
912 576 834 
===========
123 457 689 
456 398 721 
789 612 345 

297 134 568 
564 829 173 
831 765 492 

378 941 256 
645 283 917 
912 576 834 
===========
123 457 689 
456 398 721 
789 612 345 

297 134 856 
564 829 137 
831 765 294 

378 946 512 
645 281 973 
912 573 468 
===========
123 457 689 
456 398 721 
789 612 345 

297 134 856 
564 829 173 
831 765 294 

378 946 512 
645 281 937 
912 573 468 
===========
123 457 689 
456 398 721 
789 612 345 

297 134 856 
564 829 173 
831 765 294 

378 941 562 
645 283 917 
912 576 438 
===========
123 457 689 
456 398 721 
789 612 345 

297 134 856 
564 829 137 
831 765 294 

378 941 562 
645 273 918 
912 586 473 
===========
123 457 689 
456 398 721 
789 612 345 

297 134 856 
564 829 173 
831 765 294 

378 946 512 
645 271 938 
912 583 467 
===========
123 457 689 
456 398 721 
789 612 345 

297 134 856 
564 829 173 
831 765 294 

378 941 562 
645 273 918 
912 586 437 
===========
123 457 689 
456 398 721 
789 612 345 

297 135 468 
564 829 173 
831 764 592 

378 941 256 
645 283 917 
912 576 834 
===========
123 457 689 
456 398 721 
789 612 345 

297 135 468 
564 829 173 
831 746 592 

378 961 254 
645 283 917 
912 574 836 
===========
123 457 689 
456 398 721 
789 612 345 

297 135 864 
564 829 173 
831 764 592 

378 941 256 
645 283 917 
912 576 438 
===========
123 457 689 
456 398 721 
789 612 345 

297 135 864 
564 829 137 
831 764 592 

378 941 256 
645 273 918 
912 586 473 
===========
123 457 689 
456 398 721 
789 612 345 

297 135 864 
564 829 173 
831 764 592 

378 941 256 
645 273 918 
912 586 437 
===========
123 457 689 
456 398 721 
789 612 345 

297 136 458 
564 829 137 
831 745 296 

378 964 512 
645 281 973 
912 573 864 
===========
123 457 689 
456 398 721 
789 612 345 

297 136 458 
564 829 173 
831 745 296 

378 964 512 
645 281 937 
912 573 864 
===========
123 457 689 
456 398 721 
789 612 345 

297 136 854 
564 829 137 
831 745 296 

378 964 512 
645 281 973 
912 573 468 
===========
123 457 689 
456 398 721 
789 612 345 

297 136 854 
564 829 173 
831 745 296 

378 964 512 
645 281 937 
912 573 468 
===========
123 457 689 
456 398 721 
789 612 345 

297 136 854 
564 829 173 
831 745 296 

378 964 512 
645 271 938 
912 583 467 
===========
123 457 689 
456 398 721 
789 612 345 

297 145 836 
564 839 217 
831 726 594 

378 964 152 
645 281 973 
912 573 468 
===========
123 457 689 
456 398 721 
789 612 345 

297 145 863 
564 839 217 
831 726 594 

378 964 152 
645 271 938 
912 583 476 
===========
123 457 689 
456 398 721 
789 612 345 

297 146 538 
564 839 172 
831 725 496 

378 961 254 
645 283 917 
912 574 863 
===========
123 457 689 
456 398 721 
789 612 345 

297 146 538 
564 839 217 
831 725 496 

378 964 152 
645 281 973 
912 573 864 
===========
123 457 689 
456 398 721 
789 612 345 

297 146 538 
564 839 217 
831 725 964 

378 964 152 
645 271 893 
912 583 476 
===========
123 457 689 
456 398 721 
789 612 345 

297 164 538 
564 839 217 
831 725 496 

378 946 152 
645 281 973 
912 573 864 
===========
123 457 689 
456 398 721 
789 612 345 

297 164 538 
564 839 217 
831 725 964 

378 946 152 
645 271 893 
912 583 476 
===========
123 457 689 
456 398 721 
789 612 345 

297 165 438 
564 839 217 
831 724 596 

378 946 152 
645 281 973 
912 573 864 
===========
123 457 689 
456 398 721 
789 612 345 

297 165 834 
564 839 217 
831 724 596 

378 946 152 
645 281 973 
912 573 468 
===========
123 457 689 
456 398 721 
789 612 345 

297 165 834 
564 839 217 
831 724 956 

378 941 562 
645 273 198 
912 586 473 
===========
123 457 689 
456 398 721 
789 612 345 

297 834 156 
564 971 238 
831 265 497 

378 129 564 
645 783 912 
912 546 873 
===========
123 457 689 
456 398 721 
789 612 345 

297 834 156 
564 971 238 
831 265 974 

378 146 592 
645 729 813 
912 583 467 
===========
123 457 689 
456 398 721 
789 612 345 

297 835 164 
564 971 238 
831 264 597 

378 129 456 
645 783 912 
912 546 873 
===========
123 457 689 
456 398 721 
789 612 345 

297 835 164 
564 971 238 
831 246 597 

378 129 456 
645 783 912 
912 564 873 
===========
123 457 689 
456 398 721 
789 612 345 

297 835 164 
564 971 832 
831 246 597 

378 124 956 
645 789 213 
912 563 478 
===========
123 457 689 
456 398 721 
789 612 345 

297 835 164 
564 971 832 
831 246 957 

378 124 596 
645 789 213 
912 563 478 
===========
123 457 689 
456 398 721 
789 612 345 

297 835 164 
564 971 238 
831 264 597 

378 146 952 
645 729 813 
912 583 476 
===========
123 457 689 
456 398 721 
789 612 345 

297 835 164 
564 971 238 
831 264 957 

378 146 592 
645 729 813 
912 583 476 
===========
123 457 689 
456 398 721 
789 612 345 

297 835 164 
564 971 832 
831 264 597 

378 149 256 
645 723 918 
912 586 473 
===========
123 457 689 
456 398 721 
789 612 345 

297 835 164 
564 971 238 
831 246 597 

378 164 952 
645 729 813 
912 583 476 
===========
123 457 689 
456 398 721 
789 612 345 

297 835 164 
564 971 238 
831 246 957 

378 164 592 
645 729 813 
912 583 476 
===========
123 457 689 
456 398 721 
789 612 345 

297 835 416 
564 971 238 
831 264 957 

378 129 564 
645 783 192 
912 546 873 
===========
123 457 689 
456 398 721 
789 612 345 

297 835 416 
564 971 238 
831 246 957 

378 129 564 
645 783 192 
912 564 873 
===========
123 457 689 
456 398 721 
789 612 345 

297 836 154 
564 971 832 
831 245 967 

378 124 596 
645 789 213 
912 563 478 
===========
123 457 689 
456 398 721 
789 612 345 

297 836 154 
564 971 238 
831 245 967 

378 164 592 
645 729 813 
912 583 476 
===========
123 457 689 
456 398 721 
789 612 345 

297 836 154 
564 971 238 
831 245 976 

378 164 592 
645 729 813 
912 583 467 
===========
123 457 689 
456 398 721 
789 612 345 

297 836 514 
564 971 238 
831 245 967 

378 129 456 
645 783 192 
912 564 873 
===========
123 457 689 
456 398 721 
789 612 345 

297 841 563 
564 973 218 
831 265 497 

378 126 954 
645 789 132 
912 534 876 
===========
123 457 689 
456 398 721 
789 612 345 

297 841 563 
564 973 218 
831 265 497 

378 124 956 
645 789 132 
912 536 874 
===========
123 457 689 
456 398 721 
789 612 345 

297 845 136 
564 931 278 
831 276 594 

378 164 952 
645 729 813 
912 583 467 
===========
123 457 689 
456 398 721 
789 612 345 

297 845 136 
564 931 278 
831 276 954 

378 164 592 
645 729 813 
912 583 467 
===========
123 457 689 
456 398 721 
789 612 345 

297 845 163 
564 931 278 
831 276 594 

378 129 456 
645 783 912 
912 564 837 
===========
123 457 689 
456 398 721 
789 612 345 

297 846 153 
564 931 278 
831 275 496 

378 129 564 
645 783 912 
912 564 837 
===========
123 457 689 
456 398 721 
789 612 345 

297 846 513 
564 931 278 
831 275 964 

378 129 456 
645 783 192 
912 564 837 
===========
123 457 689 
456 398 721 
789 612 345 

297 861 453 
564 973 218 
831 245 967 

378 126 594 
645 789 132 
912 534 876 
===========
123 457 689 
456 398 721 
789 612 345 

297 861 453 
564 973 218 
831 245 976 

378 126 594 
645 789 132 
912 534 867 
===========
123 457 689 
456 398 721 
789 612 345 

297 861 453 
564 973 218 
831 245 967 

378 124 596 
645 789 132 
912 536 874 
===========
123 457 689 
456 398 721 
789 612 345 

297 863 154 
564 971 832 
831 245 967 

378 124 596 
645 789 213 
912 536 478 
===========
123 457 689 
456 398 721 
789 612 345 

297 863 154 
564 971 238 
831 245 967 

378 124 596 
645 739 812 
912 586 473 
===========
123 457 689 
456 398 721 
789 612 345 

297 863 154 
564 971 832 
831 245 967 

378 124 596 
645 739 218 
912 586 473 
===========
123 457 689 
456 398 721 
789 612 345 

297 864 153 
564 931 278 
831 275 496 

378 129 564 
645 783 912 
912 546 837 
===========
123 457 689 
456 398 721 
789 612 345 

297 864 513 
564 931 278 
831 275 496 

378 126 954 
645 789 132 
912 543 867 
===========
123 457 689 
456 398 721 
789 612 345 

297 864 513 
564 931 278 
831 275 964 

378 129 456 
645 783 192 
912 546 837 
===========
123 457 689 
456 398 721 
789 612 345 

297 864 513 
564 931 872 
831 275 964 

378 149 256 
645 723 198 
912 586 437 
===========
123 457 689 
456 398 721 
789 612 345 

297 865 134 
564 931 278 
831 274 596 

378 146 952 
645 729 813 
912 583 467 
===========
123 457 689 
456 398 721 
789 612 345 

297 865 134 
564 931 278 
831 274 956 

378 146 592 
645 729 813 
912 583 467 
===========
123 457 689 
456 398 721 
789 612 345 

297 865 413 
564 931 278 
831 274 596 

378 126 954 
645 789 132 
912 543 867 
===========
123 457 689 
456 398 721 
789 612 345 

297 865 413 
564 931 278 
831 274 956 

378 126 594 
645 789 132 
912 543 867 
===========
123 457 689 
456 398 721 
789 612 345 

297 865 413 
564 931 278 
831 274 956 

378 129 564 
645 783 192 
912 546 837 
===========
123 457 689 
456 398 721 
789 612 345 

297 834 156 
564 271 938 
831 965 472 

378 126 594 
645 789 213 
912 543 867 
===========
123 457 689 
456 398 721 
789 612 345 

297 834 156 
564 271 893 
831 965 274 

378 149 562 
645 723 918 
912 586 437 
===========
123 457 689 
456 398 721 
789 612 345 

297 834 156 
564 271 938 
831 965 274 

378 146 592 
645 729 813 
912 583 467 
===========
123 457 689 
456 398 721 
789 612 345 

297 834 516 
564 271 893 
831 965 274 

378 146 952 
645 729 138 
912 583 467 
===========
123 457 689 
456 398 721 
789 612 345 

297 835 164 
564 271 893 
831 964 572 

378 149 256 
645 723 918 
912 586 437 
===========
