123 457 689 
456 891 723 
789 236 514 

297 613 458 
564 982 371 
831 745 296 

378 569 142 
645 128 937 
912 374 865 
===========
123 457 689 
456 891 723 
789 236 514 

297 613 458 
564 928 137 
831 745 296 

378 562 941 
645 189 372 
912 374 865 
===========
123 457 689 
456 891 723 
789 236 514 

297 613 458 
564 928 371 
831 745 296 

378 569 142 
645 182 937 
912 374 865 
===========
123 457 689 
456 891 723 
789 236 514 

297 613 845 
564 982 371 
831 745 962 

378 524 196 
645 179 238 
912 368 457 
===========
123 457 689 
456 891 723 
789 236 514 

297 613 845 
564 982 137 
831 745 962 

378 564 291 
645 129 378 
912 378 456 
===========
123 457 689 
456 891 723 
789 236 514 

297 614 835 
564 983 172 
831 725 946 

378 549 261 
645 172 398 
912 368 457 
===========
123 457 689 
456 891 723 
789 236 514 

297 614 835 
564 983 271 
831 725 946 

378 549 162 
645 172 398 
912 368 457 
===========
123 457 689 
456 891 723 
789 236 514 

297 615 348 
564 983 271 
831 742 965 

378 524 196 
645 179 832 
912 368 457 
===========
123 457 689 
456 891 723 
789 236 514 

297 615 348 
564 983 271 
831 724 965 

378 542 196 
645 179 832 
912 368 457 
===========
123 457 689 
456 891 723 
789 236 514 

297 615 348 
564 983 172 
831 742 956 

378 564 291 
645 129 837 
912 378 465 
===========
123 457 689 
456 891 723 
789 236 514 

297 615 348 
564 983 172 
831 742 965 

378 564 291 
645 129 837 
912 378 456 
===========
123 457 689 
456 891 723 
789 236 514 

297 615 348 
564 983 271 
831 742 956 

378 564 192 
645 129 837 
912 378 465 
===========
123 457 689 
456 891 723 
789 236 514 

297 615 348 
564 983 271 
831 742 965 

378 564 192 
645 129 837 
912 378 456 
===========
123 457 689 
456 891 723 
789 236 514 

297 615 438 
564 983 271 
831 742 965 

378 529 146 
645 178 392 
912 364 857 
===========
123 457 689 
456 891 723 
789 236 514 

297 615 438 
564 983 172 
831 742 956 

378 569 241 
645 128 397 
912 374 865 
===========
123 457 689 
456 891 723 
789 236 514 

297 615 438 
564 983 172 
831 742 965 

378 569 241 
645 128 397 
912 374 856 
===========
123 457 689 
456 891 723 
789 236 514 

297 615 438 
564 983 271 
831 742 956 

378 569 142 
645 128 397 
912 374 865 
===========
123 457 689 
456 891 723 
789 236 514 

297 615 438 
564 983 271 
831 742 965 

378 569 142 
645 128 397 
912 374 856 
===========
123 457 689 
456 891 723 
789 236 514 

297 618 345 
564 923 178 
831 745 962 

378 562 491 
645 189 237 
912 374 856 
===========
123 457 689 
456 891 723 
789 236 514 

297 618 435 
564 923 178 
831 745 962 

378 569 241 
645 182 397 
912 374 856 
===========
123 457 689 
456 891 723 
789 236 514 

297 643 158 
564 918 237 
831 725 496 

378 562 941 
645 189 372 
912 374 865 
===========
123 457 689 
456 891 723 
789 236 514 

297 643 158 
564 918 237 
831 725 946 

378 562 491 
645 189 372 
912 374 865 
===========
123 457 689 
456 891 723 
789 236 514 

297 643 158 
564 918 372 
831 725 496 

378 569 241 
645 182 937 
912 374 865 
===========
123 457 689 
456 891 723 
789 236 514 

297 643 158 
564 918 372 
831 725 496 

378 562 941 
645 189 237 
912 374 865 
===========
123 457 689 
456 891 723 
789 236 514 

297 643 158 
564 918 372 
831 725 946 

378 562 491 
645 189 237 
912 374 865 
===========
123 457 689 
456 891 723 
789 236 514 

297 648 351 
564 913 278 
831 725 496 

378 569 142 
645 182 937 
912 374 865 
===========
123 457 689 
456 891 723 
789 236 514 

297 683 145 
564 912 378 
831 745 296 

378 529 461 
645 178 932 
912 364 857 
===========
123 457 689 
456 891 723 
789 236 514 

297 683 145 
564 912 378 
831 745 296 

378 524 961 
645 179 832 
912 368 457 
===========
123 457 689 
456 891 723 
789 236 514 

297 683 145 
564 912 378 
831 745 962 

378 564 291 
645 129 837 
912 378 456 
===========
123 457 689 
456 891 723 
789 236 514 

297 683 145 
564 912 837 
831 745 962 

378 564 291 
645 129 378 
912 378 456 
===========
123 457 689 
456 891 723 
789 236 514 

297 683 451 
564 912 378 
831 745 296 

378 569 142 
645 128 937 
912 374 865 
===========
123 457 689 
456 891 723 
789 236 514 

297 684 135 
564 913 872 
831 725 946 

378 549 261 
645 172 398 
912 368 457 
===========
123 457 689 
456 891 723 
789 236 514 

297 685 341 
564 913 278 
831 742 965 

378 524 196 
645 179 832 
912 368 457 
===========
123 457 689 
456 891 723 
789 236 514 

297 685 341 
564 913 872 
831 742 965 

378 524 196 
645 179 238 
912 368 457 
===========
123 457 689 
456 891 723 
789 236 514 

297 685 341 
564 913 278 
831 724 965 

378 542 196 
645 179 832 
912 368 457 
===========
123 457 689 
456 891 723 
789 236 514 

297 685 341 
564 913 872 
831 724 965 

378 542 196 
645 179 238 
912 368 457 
===========
123 457 689 
456 891 723 
789 236 514 

297 685 341 
564 913 278 
831 742 956 

378 564 192 
645 129 837 
912 378 465 
===========
123 457 689 
456 891 723 
789 236 514 

297 685 341 
564 913 278 
831 742 965 

378 564 192 
645 129 837 
912 378 456 
===========
123 457 689 
456 891 723 
789 236 514 

297 685 431 
564 913 278 
831 742 965 

378 529 146 
645 178 392 
912 364 857 
===========
123 457 689 
456 891 723 
789 236 514 

297 685 431 
564 913 278 
831 742 956 

378 569 142 
645 128 397 
912 374 865 
===========
123 457 689 
456 891 723 
789 236 514 

297 685 431 
564 913 278 
831 742 965 

378 569 142 
645 128 397 
912 374 856 
===========
123 457 689 
456 891 723 
789 236 514 

297 613 458 
564 782 391 
831 945 267 

378 529 146 
645 178 932 
912 364 875 
===========
123 457 689 
456 891 723 
789 236 514 

297 613 458 
564 782 931 
831 945 267 

378 529 146 
645 178 392 
912 364 875 
===========
123 457 689 
456 891 723 
789 236 514 

297 613 458 
564 782 391 
831 945 276 

378 569 142 
645 128 937 
912 374 865 
===========
123 457 689 
456 891 723 
789 236 514 

297 613 458 
564 782 931 
831 945 276 

378 569 142 
645 128 397 
912 374 865 
===========
123 457 689 
456 891 723 
789 236 514 

297 613 458 
564 728 391 
831 945 276 

378 569 142 
645 182 937 
912 374 865 
===========
123 457 689 
456 891 723 
789 236 514 

297 613 458 
564 728 931 
831 945 276 

378 569 142 
645 182 397 
912 374 865 
===========
123 457 689 
456 891 723 
789 236 514 

297 613 845 
564 782 931 
831 945 267 

378 564 192 
645 129 378 
912 378 456 
===========
123 457 689 
456 891 723 
789 236 514 

297 618 435 
564 723 198 
831 945 267 

378 562 941 
645 189 372 
912 374 856 
===========
123 457 689 
456 891 723 
789 236 514 

297 643 158 
564 718 392 
831 925 476 

378 569 241 
645 182 937 
912 374 865 
===========
123 457 689 
456 891 723 
789 236 514 

297 643 158 
564 718 392 
831 925 476 

378 562 941 
645 189 237 
912 374 865 
===========
123 457 689 
456 891 723 
789 236 514 

297 643 158 
564 718 932 
831 925 476 

378 569 241 
645 182 397 
912 374 865 
===========
123 457 689 
456 891 723 
789 236 514 

297 648 135 
564 713 298 
831 925 467 

378 562 941 
645 189 372 
912 374 856 
===========
123 457 689 
456 891 723 
789 236 514 

297 648 351 
564 713 298 
831 925 476 

378 569 142 
645 182 937 
912 374 865 
===========
123 457 689 
456 891 723 
789 236 514 

297 683 145 
564 712 398 
831 945 276 

378 529 461 
645 178 932 
912 364 857 
===========
123 457 689 
456 891 723 
789 236 514 

297 683 145 
564 712 398 
831 945 276 

378 524 961 
645 179 832 
912 368 457 
===========
123 457 689 
456 891 723 
789 236 514 

297 683 145 
564 712 938 
831 945 276 

378 529 461 
645 178 392 
912 364 857 
===========
123 457 689 
456 891 723 
789 236 514 

297 683 451 
564 712 398 
831 945 267 

378 529 146 
645 178 932 
912 364 875 
===========
123 457 689 
456 891 723 
789 236 514 

297 683 451 
564 712 938 
831 945 267 

378 529 146 
645 178 392 
912 364 875 
===========
123 457 689 
456 891 723 
789 236 514 

297 683 451 
564 712 398 
831 945 276 

378 569 142 
645 128 937 
912 374 865 
===========
123 457 689 
456 891 723 
789 236 514 

297 683 451 
564 712 938 
831 945 276 

378 569 142 
645 128 397 
912 374 865 
===========
123 457 689 
456 891 723 
789 236 514 

297 513 468 
564 982 371 
831 764 295 

378 649 152 
645 128 937 
912 375 846 
===========
123 457 689 
456 891 723 
789 236 514 

297 513 468 
564 928 137 
831 764 295 

378 642 951 
645 189 372 
912 375 846 
===========
123 457 689 
456 891 723 
789 236 514 

297 513 468 
564 928 371 
831 764 295 

378 649 152 
645 182 937 
912 375 846 
===========
123 457 689 
456 891 723 
789 236 514 

297 513 468 
564 928 371 
831 764 952 

378 642 195 
645 189 237 
912 375 846 
===========
123 457 689 
456 891 723 
789 236 514 

297 513 846 
564 982 137 
831 764 952 

378 645 291 
645 129 378 
912 378 465 
===========
123 457 689 
456 891 723 
789 236 514 

297 513 846 
564 982 371 
831 764 295 

378 649 152 
645 128 937 
912 375 468 
===========
123 457 689 
456 891 723 
789 236 514 

297 513 846 
564 928 137 
831 764 295 

378 642 951 
645 189 372 
912 375 468 
===========
123 457 689 
456 891 723 
789 236 514 

297 513 846 
564 928 371 
831 764 295 

378 649 152 
645 182 937 
912 375 468 
===========
123 457 689 
456 891 723 
789 236 514 

297 513 846 
564 928 371 
831 764 952 

378 642 195 
645 189 237 
912 375 468 
===========
123 457 689 
456 891 723 
789 236 514 

297 513 846 
564 928 371 
831 764 295 

378 649 152 
645 172 938 
912 385 467 
===========
123 457 689 
456 891 723 
789 236 514 

297 513 846 
564 928 371 
831 764 952 

378 642 195 
645 179 238 
912 385 467 
===========
123 457 689 
456 891 723 
789 236 514 

297 514 368 
564 983 172 
831 762 495 

378 649 251 
645 128 937 
912 375 846 
===========
123 457 689 
456 891 723 
789 236 514 

297 514 368 
564 983 172 
831 762 945 

378 645 291 
645 129 837 
912 378 456 
===========
123 457 689 
456 891 723 
789 236 514 

297 514 368 
564 983 271 
831 762 495 

378 649 152 
645 128 937 
912 375 846 
===========
123 457 689 
456 891 723 
789 236 514 

297 514 368 
564 983 271 
831 762 945 

378 645 192 
645 129 837 
912 378 456 
===========
123 457 689 
456 891 723 
789 236 514 

297 514 836 
564 983 172 
831 762 945 

378 649 251 
645 128 397 
912 375 468 
===========
123 457 689 
456 891 723 
789 236 514 

297 514 836 
564 983 271 
831 762 945 

378 649 152 
645 128 397 
912 375 468 
===========
123 457 689 
456 891 723 
789 236 514 

297 518 346 
564 923 871 
831 764 295 

378 649 152 
645 182 937 
912 375 468 
===========
123 457 689 
456 891 723 
789 236 514 

297 518 346 
564 923 871 
831 764 952 

378 642 195 
645 189 237 
912 375 468 
===========
123 457 689 
456 891 723 
789 236 514 

297 518 346 
564 923 178 
831 764 295 

378 642 951 
645 179 832 
912 385 467 
===========
123 457 689 
456 891 723 
789 236 514 

297 518 346 
564 923 871 
831 764 295 

378 649 152 
645 172 938 
912 385 467 
===========
123 457 689 
456 891 723 
789 236 514 

297 518 346 
564 923 871 
831 764 952 

378 642 195 
645 179 238 
912 385 467 
===========
123 457 689 
456 891 723 
789 236 514 

297 543 168 
564 918 237 
831 762 495 

378 625 941 
645 189 372 
912 374 856 
===========
123 457 689 
456 891 723 
789 236 514 

297 543 168 
564 918 237 
831 762 945 

378 625 491 
645 189 372 
912 374 856 
===========
123 457 689 
456 891 723 
789 236 514 

297 543 168 
564 918 237 
831 762 495 

378 624 951 
645 189 372 
912 375 846 
===========
123 457 689 
456 891 723 
789 236 514 

297 543 168 
564 918 372 
831 762 495 

378 625 941 
645 189 237 
912 374 856 
===========
123 457 689 
456 891 723 
789 236 514 

297 543 168 
564 918 372 
831 762 945 

378 625 491 
645 189 237 
912 374 856 
===========
123 457 689 
456 891 723 
789 236 514 

297 543 168 
564 918 372 
831 762 495 

378 624 951 
645 189 237 
912 375 846 
===========
123 457 689 
456 891 723 
789 236 514 

297 563 148 
564 918 237 
831 742 956 

378 625 491 
645 189 372 
912 374 865 
===========
123 457 689 
456 891 723 
789 236 514 

297 563 148 
564 918 237 
831 742 965 

378 625 491 
645 189 372 
912 374 856 
===========
123 457 689 
456 891 723 
789 236 514 

297 563 148 
564 918 372 
831 742 956 

378 625 491 
645 189 237 
912 374 865 
===========
123 457 689 
456 891 723 
789 236 514 

297 563 148 
564 918 372 
831 742 965 

378 625 491 
645 189 237 
912 374 856 
===========
123 457 689 
456 891 723 
789 236 514 

297 563 841 
564 918 237 
831 742 956 

378 624 195 
645 189 372 
912 375 468 
===========
123 457 689 
456 891 723 
789 236 514 

297 563 841 
564 918 372 
831 742 956 

378 624 195 
645 189 237 
912 375 468 
===========
123 457 689 
456 891 723 
789 236 514 

297 563 841 
564 918 237 
831 724 956 

378 642 195 
645 189 372 
912 375 468 
===========
123 457 689 
456 891 723 
789 236 514 

297 563 841 
564 918 372 
831 724 956 

378 642 195 
645 189 237 
912 375 468 
===========
123 457 689 
456 891 723 
789 236 514 

297 563 841 
564 918 372 
831 742 956 

378 624 195 
645 179 238 
912 385 467 
===========
123 457 689 
456 891 723 
789 236 514 

297 563 841 
564 918 237 
831 724 965 

378 649 152 
645 172 398 
912 385 476 
===========
123 457 689 
456 891 723 
789 236 514 

297 563 841 
564 918 372 
831 724 956 

378 642 195 
645 179 238 
912 385 467 
===========
123 457 689 
456 891 723 
789 236 514 

297 568 341 
564 913 872 
831 742 956 

378 624 195 
645 189 237 
912 375 468 
===========
123 457 689 
456 891 723 
789 236 514 

297 568 341 
564 913 872 
831 724 956 

378 642 195 
645 189 237 
912 375 468 
===========
123 457 689 
456 891 723 
789 236 514 

297 568 341 
564 913 278 
831 742 956 

378 624 195 
645 179 832 
912 385 467 
===========
123 457 689 
456 891 723 
789 236 514 

297 568 341 
564 913 872 
831 742 956 

378 624 195 
645 179 238 
912 385 467 
===========
123 457 689 
456 891 723 
789 236 514 

297 568 341 
564 913 278 
831 724 956 

378 642 195 
645 179 832 
912 385 467 
===========
123 457 689 
456 891 723 
789 236 514 

297 568 341 
564 913 872 
831 724 956 

378 642 195 
645 179 238 
912 385 467 
===========
123 457 689 
456 891 723 
789 236 514 

297 568 431 
564 913 278 
831 724 965 

378 649 152 
645 182 397 
912 375 846 
===========
123 457 689 
456 891 723 
789 236 514 

297 583 146 
564 912 378 
831 764 295 

378 629 451 
645 178 932 
912 345 867 
===========
123 457 689 
456 891 723 
789 236 514 

297 583 146 
564 912 378 
831 764 952 

378 645 291 
645 129 837 
912 378 465 
===========
123 457 689 
456 891 723 
789 236 514 

297 583 146 
564 912 837 
831 764 952 

378 645 291 
645 129 378 
912 378 465 
===========
123 457 689 
456 891 723 
789 236 514 

297 583 461 
564 912 378 
831 764 295 

378 649 152 
645 128 937 
912 375 846 
===========
123 457 689 
456 891 723 
789 236 514 

297 584 136 
564 913 278 
831 762 945 

378 629 451 
645 178 392 
912 345 867 
===========
123 457 689 
456 891 723 
789 236 514 

297 584 136 
564 913 872 
831 762 945 

378 649 251 
645 128 397 
912 375 468 
===========
123 457 689 
456 891 723 
789 236 514 

297 584 361 
564 913 278 
831 762 495 

378 649 152 
645 128 937 
912 375 846 
===========
123 457 689 
456 891 723 
789 236 514 

297 584 361 
564 913 278 
831 762 945 

378 645 192 
645 129 837 
912 378 456 
===========
123 457 689 
456 891 723 
789 236 514 

297 513 468 
564 782 391 
831 964 257 

378 629 145 
645 178 932 
912 345 876 
===========
123 457 689 
456 891 723 
789 236 514 

297 513 468 
564 782 931 
831 964 257 

378 629 145 
645 178 392 
912 345 876 
===========
123 457 689 
456 891 723 
789 236 514 

297 513 468 
564 782 391 
831 964 275 

378 649 152 
645 128 937 
912 375 846 
===========
123 457 689 
456 891 723 
789 236 514 

297 513 468 
564 782 931 
831 964 275 

378 649 152 
645 128 397 
912 375 846 
===========
123 457 689 
456 891 723 
789 236 514 

297 513 468 
564 728 391 
831 964 275 

378 649 152 
645 182 937 
912 375 846 
===========
123 457 689 
456 891 723 
789 236 514 

297 513 468 
564 728 931 
831 964 275 

378 649 152 
645 182 397 
912 375 846 
===========
123 457 689 
456 891 723 
789 236 514 

297 513 468 
564 728 931 
831 964 257 

378 642 195 
645 189 372 
912 375 846 
===========
123 457 689 
456 891 723 
789 236 514 

297 513 846 
564 782 391 
831 964 275 

378 649 152 
645 128 937 
912 375 468 
===========
123 457 689 
456 891 723 
789 236 514 

297 513 846 
564 782 931 
831 964 275 

378 649 152 
645 128 397 
912 375 468 
===========
123 457 689 
456 891 723 
789 236 514 

297 513 846 
564 782 931 
831 964 257 

378 645 192 
645 129 378 
912 378 465 
===========
123 457 689 
456 891 723 
789 236 514 

297 513 846 
564 728 391 
831 964 275 

378 649 152 
645 182 937 
912 375 468 
===========
123 457 689 
456 891 723 
789 236 514 

297 513 846 
564 728 931 
831 964 275 

378 649 152 
645 182 397 
912 375 468 
===========
123 457 689 
456 891 723 
789 236 514 

297 513 846 
564 728 931 
831 964 257 

378 642 195 
645 189 372 
912 375 468 
===========
123 457 689 
456 891 723 
789 236 514 

297 513 846 
564 728 391 
831 964 275 

378 649 152 
645 172 938 
912 385 467 
===========
123 457 689 
456 891 723 
789 236 514 

297 513 846 
564 728 931 
831 964 275 

378 649 152 
645 172 398 
912 385 467 
===========
123 457 689 
456 891 723 
789 236 514 

297 514 368 
564 783 291 
831 962 457 

378 629 145 
645 178 932 
912 345 876 
===========
123 457 689 
456 891 723 
789 236 514 

297 514 368 
564 783 192 
831 962 475 

378 649 251 
645 128 937 
912 375 846 
===========
123 457 689 
456 891 723 
789 236 514 

297 514 368 
564 783 291 
831 962 475 

378 649 152 
645 128 937 
912 375 846 
===========
123 457 689 
456 891 723 
789 236 514 

297 518 346 
564 723 891 
831 964 275 

378 649 152 
645 182 937 
912 375 468 
===========
123 457 689 
456 891 723 
789 236 514 

297 518 346 
564 723 198 
831 964 275 

378 642 951 
645 179 832 
912 385 467 
===========
123 457 689 
456 891 723 
789 236 514 

297 518 346 
564 723 891 
831 964 275 

378 649 152 
645 172 938 
912 385 467 
===========
123 457 689 
456 891 723 
789 236 514 

297 543 168 
564 718 392 
831 962 475 

378 625 941 
645 189 237 
912 374 856 
===========
123 457 689 
456 891 723 
789 236 514 

297 543 168 
564 718 392 
831 962 475 

378 624 951 
645 189 237 
912 375 846 
===========
123 457 689 
456 891 723 
789 236 514 

297 548 136 
564 713 298 
831 962 457 

378 625 941 
645 189 372 
912 374 865 
===========
123 457 689 
456 891 723 
789 236 514 

297 583 146 
564 712 398 
831 964 275 

378 629 451 
645 178 932 
912 345 867 
===========
123 457 689 
456 891 723 
789 236 514 

297 583 146 
564 712 938 
831 964 275 

378 629 451 
645 178 392 
912 345 867 
===========
123 457 689 
456 891 723 
789 236 514 

297 583 461 
564 712 398 
831 964 257 

378 629 145 
645 178 932 
912 345 876 
===========
123 457 689 
456 891 723 
789 236 514 

297 583 461 
564 712 938 
831 964 257 

378 629 145 
645 178 392 
912 345 876 
===========
123 457 689 
456 891 723 
789 236 514 

297 583 461 
564 712 398 
831 964 275 

378 649 152 
645 128 937 
912 375 846 
===========
123 457 689 
456 891 723 
789 236 514 

297 583 461 
564 712 938 
831 964 275 

378 649 152 
645 128 397 
912 375 846 
===========
123 457 689 
456 891 723 
789 236 514 

297 584 361 
564 713 298 
831 962 457 

378 629 145 
645 178 932 
912 345 876 
===========
123 457 689 
456 891 723 
789 236 514 

297 584 361 
564 713 298 
831 962 475 

378 649 152 
645 128 937 
912 375 846 
===========
123 457 689 
456 891 723 
789 236 514 

297 613 458 
564 789 231 
831 524 967 

378 962 145 
645 178 392 
912 345 876 
===========
123 457 689 
456 891 723 
789 236 514 

297 613 458 
564 789 231 
831 524 976 

378 962 145 
645 178 392 
912 345 867 
===========
123 457 689 
456 891 723 
789 236 514 

297 613 458 
564 782 391 
831 549 267 

378 925 146 
645 178 932 
912 364 875 
===========
123 457 689 
456 891 723 
789 236 514 

297 613 458 
564 782 391 
831 549 276 

378 924 165 
645 178 932 
912 365 847 
===========
123 457 689 
456 891 723 
789 236 514 

297 613 458 
564 782 931 
831 549 267 

378 925 146 
645 178 392 
912 364 875 
===========
123 457 689 
456 891 723 
789 236 514 

297 613 458 
564 782 931 
831 549 276 

378 924 165 
645 178 392 
912 365 847 
===========
123 457 689 
456 891 723 
789 236 514 

297 613 458 
564 789 231 
831 542 967 

378 925 146 
645 178 392 
912 364 875 
===========
123 457 689 
456 891 723 
789 236 514 

297 613 458 
564 789 231 
831 542 976 

378 924 165 
645 178 392 
912 365 847 
===========
123 457 689 
456 891 723 
789 236 514 

297 613 458 
564 789 231 
831 524 976 

378 942 165 
645 178 392 
912 365 847 
===========
123 457 689 
456 891 723 
789 236 514 

297 613 458 
564 782 391 
831 549 276 

378 965 142 
645 128 937 
912 374 865 
===========
123 457 689 
456 891 723 
789 236 514 

297 613 458 
564 782 931 
831 549 276 

378 965 142 
645 128 397 
912 374 865 
===========
123 457 689 
456 891 723 
789 236 514 

297 613 458 
564 789 132 
831 542 976 

378 965 241 
645 128 397 
912 374 865 
===========
123 457 689 
456 891 723 
789 236 514 

297 613 458 
564 789 231 
831 542 976 

378 965 142 
645 128 397 
912 374 865 
===========
123 457 689 
456 891 723 
789 236 514 

297 613 458 
564 728 391 
831 549 276 

378 965 142 
645 182 937 
912 374 865 
===========
123 457 689 
456 891 723 
789 236 514 

297 613 458 
564 728 931 
831 549 276 

378 965 142 
645 182 397 
912 374 865 
===========
123 457 689 
456 891 723 
789 236 514 

297 613 845 
564 782 391 
831 549 267 

378 924 156 
645 178 932 
912 365 478 
===========
123 457 689 
456 891 723 
789 236 514 

297 613 845 
564 782 931 
831 549 267 

378 924 156 
645 178 392 
912 365 478 
===========
123 457 689 
456 891 723 
789 236 514 

297 613 845 
564 789 231 
831 542 967 

378 924 156 
645 178 392 
912 365 478 
===========
123 457 689 
456 891 723 
789 236 514 

297 613 845 
564 789 132 
831 524 976 

378 945 261 
645 172 398 
912 368 457 
===========
123 457 689 
456 891 723 
789 236 514 

297 613 845 
564 789 231 
831 524 967 

378 942 156 
645 178 392 
912 365 478 
===========
123 457 689 
456 891 723 
789 236 514 

297 613 845 
564 789 231 
831 524 976 

378 945 162 
645 172 398 
912 368 457 
===========
123 457 689 
456 891 723 
789 236 514 

297 613 845 
564 782 391 
831 549 276 

378 964 152 
645 128 937 
912 375 468 
===========
123 457 689 
456 891 723 
789 236 514 

297 613 845 
564 782 931 
831 549 276 

378 964 152 
645 128 397 
912 375 468 
===========
123 457 689 
456 891 723 
789 236 514 

297 613 845 
564 789 132 
831 542 976 

378 964 251 
645 128 397 
912 375 468 
===========
123 457 689 
456 891 723 
789 236 514 

297 613 845 
564 789 231 
831 542 976 

378 964 152 
645 128 397 
912 375 468 
===========
123 457 689 
456 891 723 
789 236 514 

297 613 845 
564 728 391 
831 549 276 

378 964 152 
645 182 937 
912 375 468 
===========
123 457 689 
456 891 723 
789 236 514 

297 613 845 
564 728 931 
831 549 276 

378 964 152 
645 182 397 
912 375 468 
===========
123 457 689 
456 891 723 
789 236 514 

297 613 845 
564 728 391 
831 549 267 

378 964 152 
645 172 938 
912 385 476 
===========
123 457 689 
456 891 723 
789 236 514 

297 613 845 
564 728 391 
831 549 276 

378 964 152 
645 172 938 
912 385 467 
===========
123 457 689 
456 891 723 
789 236 514 

297 613 845 
564 728 931 
831 549 267 

378 964 152 
645 172 398 
912 385 476 
===========
123 457 689 
456 891 723 
789 236 514 

297 613 845 
564 728 931 
831 549 276 

378 964 152 
645 172 398 
912 385 467 
===========
123 457 689 
456 891 723 
789 236 514 

297 614 358 
564 783 291 
831 529 467 

378 962 145 
645 178 932 
912 345 876 
===========
123 457 689 
456 891 723 
789 236 514 

297 614 358 
564 783 291 
831 529 476 

378 962 145 
645 178 932 
912 345 867 
===========
123 457 689 
456 891 723 
789 236 514 

297 614 358 
564 783 291 
831 529 476 

378 942 165 
645 178 932 
912 365 847 
===========
123 457 689 
456 891 723 
789 236 514 

297 618 345 
564 723 891 
831 549 276 

378 964 152 
645 182 937 
912 375 468 
===========
123 457 689 
456 891 723 
789 236 514 

297 618 345 
564 723 891 
831 549 267 

378 964 152 
645 172 938 
912 385 476 
===========
123 457 689 
456 891 723 
789 236 514 

297 618 345 
564 723 891 
831 549 276 

378 964 152 
645 172 938 
912 385 467 
===========
123 457 689 
456 891 723 
789 236 514 

297 643 158 
564 718 392 
831 529 476 

378 965 241 
645 182 937 
912 374 865 
===========
123 457 689 
456 891 723 
789 236 514 

297 643 158 
564 718 932 
831 529 476 

378 965 241 
645 182 397 
912 374 865 
===========
123 457 689 
456 891 723 
789 236 514 

297 648 351 
564 713 298 
831 529 476 

378 965 142 
645 182 937 
912 374 865 
===========
123 457 689 
456 891 723 
789 236 514 

297 683 145 
564 719 238 
831 524 967 

378 962 451 
645 178 392 
912 345 876 
===========
123 457 689 
456 891 723 
789 236 514 

297 683 145 
564 719 238 
831 524 976 

378 962 451 
645 178 392 
912 345 867 
===========
123 457 689 
456 891 723 
789 236 514 

297 683 145 
564 712 398 
831 549 276 

378 925 461 
645 178 932 
912 364 857 
===========
123 457 689 
456 891 723 
789 236 514 

297 683 145 
564 712 938 
831 549 276 

378 925 461 
645 178 392 
912 364 857 
===========
123 457 689 
456 891 723 
789 236 514 

297 683 145 
564 719 238 
831 542 976 

378 925 461 
645 178 392 
912 364 857 
===========
123 457 689 
456 891 723 
789 236 514 

297 683 145 
564 719 832 
831 524 976 

378 945 261 
645 172 398 
912 368 457 
===========
123 457 689 
456 891 723 
789 236 514 

297 683 145 
564 719 832 
831 542 976 

378 964 251 
645 128 397 
912 375 468 
===========
123 457 689 
456 891 723 
789 236 514 

297 683 451 
564 719 238 
831 524 967 

378 962 145 
645 178 392 
912 345 876 
===========
123 457 689 
456 891 723 
789 236 514 

297 683 451 
564 719 238 
831 524 976 

378 962 145 
645 178 392 
912 345 867 
===========
123 457 689 
456 891 723 
789 236 514 

297 683 451 
564 712 398 
831 549 267 

378 925 146 
645 178 932 
912 364 875 
===========
123 457 689 
456 891 723 
789 236 514 

297 683 451 
564 712 398 
831 549 276 

378 924 165 
645 178 932 
912 365 847 
===========
123 457 689 
456 891 723 
789 236 514 

297 683 451 
564 712 938 
831 549 267 

378 925 146 
645 178 392 
912 364 875 
===========
123 457 689 
456 891 723 
789 236 514 

297 683 451 
564 712 938 
831 549 276 

378 924 165 
645 178 392 
912 365 847 
===========
123 457 689 
456 891 723 
789 236 514 

297 683 451 
564 719 238 
831 542 967 

378 925 146 
645 178 392 
912 364 875 
===========
