123 456 789 
456 789 123 
789 231 645 

297 813 456 
564 972 318 
831 645 297 

378 524 961 
645 197 832 
912 368 574 
===========
123 456 789 
456 789 123 
789 231 645 

297 813 456 
564 927 318 
831 645 972 

378 564 291 
645 192 837 
912 378 564 
===========
123 456 789 
456 789 123 
789 231 645 

297 813 456 
564 927 831 
831 645 297 

378 562 914 
645 198 372 
912 374 568 
===========
123 456 789 
456 789 123 
789 231 645 

297 813 456 
564 927 831 
831 645 297 

378 564 912 
645 192 378 
912 378 564 
===========
123 456 789 
456 789 123 
789 231 645 

297 813 564 
564 972 831 
831 645 972 

378 594 216 
645 128 397 
912 367 458 
===========
123 456 789 
456 789 123 
789 231 645 

297 813 564 
564 972 831 
831 645 972 

378 594 216 
645 127 398 
912 368 457 
===========
123 456 789 
456 789 123 
789 231 645 

297 813 564 
564 927 831 
831 645 972 

378 594 216 
645 172 398 
912 368 457 
===========
123 456 789 
456 789 123 
789 231 645 

297 813 564 
564 972 831 
831 645 297 

378 524 916 
645 198 372 
912 367 458 
===========
123 456 789 
456 789 123 
789 231 645 

297 813 564 
564 927 318 
831 645 972 

378 562 491 
645 198 237 
912 374 856 
===========
123 456 789 
456 789 123 
789 231 645 

297 813 564 
564 927 318 
831 645 972 

378 564 291 
645 192 837 
912 378 456 
===========
123 456 789 
456 789 123 
789 231 645 

297 813 564 
564 927 831 
831 645 297 

378 564 912 
645 192 378 
912 378 456 
===========
123 456 789 
456 789 123 
789 231 645 

297 814 356 
564 973 218 
831 625 974 

378 562 491 
645 197 832 
912 348 567 
===========
123 456 789 
456 789 123 
789 231 645 

297 814 356 
564 973 812 
831 625 974 

378 562 491 
645 198 237 
912 347 568 
===========
123 456 789 
456 789 123 
789 231 645 

297 814 356 
564 973 812 
831 625 974 

378 562 491 
645 197 238 
912 348 567 
===========
123 456 789 
456 789 123 
789 231 645 

297 814 356 
564 923 871 
831 675 492 

378 562 914 
645 198 237 
912 347 568 
===========
123 456 789 
456 789 123 
789 231 645 

297 814 356 
564 923 871 
831 675 492 

378 562 914 
645 197 238 
912 348 567 
===========
123 456 789 
456 789 123 
789 231 645 

297 814 356 
564 973 218 
831 625 497 

378 542 961 
645 197 832 
912 368 574 
===========
123 456 789 
456 789 123 
789 231 645 

297 814 356 
564 973 812 
831 625 497 

378 542 961 
645 197 238 
912 368 574 
===========
123 456 789 
456 789 123 
789 231 645 

297 814 356 
564 923 817 
831 675 492 

378 542 961 
645 197 238 
912 368 574 
===========
123 456 789 
456 789 123 
789 231 645 

297 814 536 
564 973 218 
831 625 497 

378 542 961 
645 198 372 
912 367 854 
===========
123 456 789 
456 789 123 
789 231 645 

297 814 536 
564 923 817 
831 675 294 

378 542 961 
645 198 372 
912 367 458 
===========
123 456 789 
456 789 123 
789 231 645 

297 815 364 
564 973 218 
831 624 957 

378 562 491 
645 197 832 
912 348 576 
===========
123 456 789 
456 789 123 
789 231 645 

297 815 364 
564 973 812 
831 624 957 

378 562 491 
645 197 238 
912 348 576 
===========
123 456 789 
456 789 123 
789 231 645 

297 815 364 
564 923 817 
831 674 952 

378 562 491 
645 197 238 
912 348 576 
===========
123 456 789 
456 789 123 
789 231 645 

297 815 364 
564 923 871 
831 647 592 

378 594 216 
645 172 938 
912 368 457 
===========
123 456 789 
456 789 123 
789 231 645 

297 815 364 
564 923 871 
831 674 592 

378 542 916 
645 198 237 
912 367 458 
===========
123 456 789 
456 789 123 
789 231 645 

297 815 364 
564 923 871 
831 674 592 

378 542 916 
645 197 238 
912 368 457 
===========
123 456 789 
456 789 123 
789 231 645 

297 815 436 
564 973 812 
831 642 957 

378 594 261 
645 127 398 
912 368 574 
===========
123 456 789 
456 789 123 
789 231 645 

297 815 436 
564 923 817 
831 647 952 

378 594 261 
645 172 398 
912 368 574 
===========
123 456 789 
456 789 123 
789 231 645 

297 815 436 
564 973 218 
831 642 597 

378 524 961 
645 198 372 
912 367 854 
===========
123 456 789 
456 789 123 
789 231 645 

297 815 436 
564 973 218 
831 624 597 

378 542 961 
645 198 372 
912 367 854 
===========
123 456 789 
456 789 123 
789 231 645 

297 815 436 
564 923 817 
831 647 952 

378 564 291 
645 192 378 
912 378 564 
===========
123 456 789 
456 789 123 
789 231 645 

297 843 516 
564 912 378 
831 675 492 

378 594 261 
645 128 937 
912 367 854 
===========
123 456 789 
456 789 123 
789 231 645 

297 843 516 
564 917 238 
831 625 974 

378 592 461 
645 178 392 
912 364 857 
===========
123 456 789 
456 789 123 
789 231 645 

297 843 516 
564 917 832 
831 625 974 

378 594 261 
645 172 398 
912 368 457 
===========
123 456 789 
456 789 123 
789 231 645 

297 843 516 
564 912 378 
831 675 492 

378 524 961 
645 198 237 
912 367 854 
===========
123 456 789 
456 789 123 
789 231 645 

297 843 516 
564 912 378 
831 675 294 

378 524 961 
645 197 832 
912 368 457 
===========
123 456 789 
456 789 123 
789 231 645 

297 843 516 
564 912 837 
831 675 294 

378 524 961 
645 198 372 
912 367 458 
===========
123 456 789 
456 789 123 
789 231 645 

297 843 561 
564 912 378 
831 675 492 

378 594 216 
645 128 937 
912 367 854 
===========
123 456 789 
456 789 123 
789 231 645 

297 843 561 
564 917 238 
831 625 974 

378 592 416 
645 178 392 
912 364 857 
===========
123 456 789 
456 789 123 
789 231 645 

297 843 561 
564 917 832 
831 625 974 

378 594 216 
645 172 398 
912 368 457 
===========
123 456 789 
456 789 123 
789 231 645 

297 843 561 
564 912 378 
831 675 492 

378 524 916 
645 198 237 
912 367 854 
===========
123 456 789 
456 789 123 
789 231 645 

297 843 561 
564 912 378 
831 675 294 

378 524 916 
645 197 832 
912 368 457 
===========
123 456 789 
456 789 123 
789 231 645 

297 843 561 
564 912 837 
831 675 294 

378 524 916 
645 198 372 
912 367 458 
===========
123 456 789 
456 789 123 
789 231 645 

297 843 561 
564 917 238 
831 625 497 

378 562 914 
645 198 372 
912 374 856 
===========
123 456 789 
456 789 123 
789 231 645 

297 845 316 
564 913 872 
831 672 594 

378 594 261 
645 128 937 
912 367 458 
===========
123 456 789 
456 789 123 
789 231 645 

297 845 316 
564 913 872 
831 672 594 

378 594 261 
645 127 938 
912 368 457 
===========
123 456 789 
456 789 123 
789 231 645 

297 845 316 
564 913 278 
831 627 594 

378 592 461 
645 178 932 
912 364 857 
===========
123 456 789 
456 789 123 
789 231 645 

297 845 316 
564 913 872 
831 627 594 

378 594 261 
645 172 938 
912 368 457 
===========
123 456 789 
456 789 123 
789 231 645 

297 845 316 
564 913 278 
831 672 594 

378 524 961 
645 197 832 
912 368 457 
===========
123 456 789 
456 789 123 
789 231 645 

297 845 316 
564 913 872 
831 672 594 

378 524 961 
645 198 237 
912 367 458 
===========
123 456 789 
456 789 123 
789 231 645 

297 845 316 
564 913 872 
831 672 594 

378 524 961 
645 197 238 
912 368 457 
===========
123 456 789 
456 789 123 
789 231 645 

297 845 316 
564 913 872 
831 627 954 

378 562 491 
645 198 237 
912 374 568 
===========
123 456 789 
456 789 123 
789 231 645 

297 845 361 
564 913 872 
831 672 594 

378 594 216 
645 128 937 
912 367 458 
===========
123 456 789 
456 789 123 
789 231 645 

297 845 361 
564 913 872 
831 672 594 

378 594 216 
645 127 938 
912 368 457 
===========
123 456 789 
456 789 123 
789 231 645 

297 845 361 
564 913 278 
831 627 594 

378 592 416 
645 178 932 
912 364 857 
===========
123 456 789 
456 789 123 
789 231 645 

297 845 361 
564 913 872 
831 627 594 

378 594 216 
645 172 938 
912 368 457 
===========
123 456 789 
456 789 123 
789 231 645 

297 845 361 
564 913 278 
831 672 594 

378 524 916 
645 197 832 
912 368 457 
===========
123 456 789 
456 789 123 
789 231 645 

297 845 361 
564 913 872 
831 672 594 

378 524 916 
645 198 237 
912 367 458 
===========
123 456 789 
456 789 123 
789 231 645 

297 845 361 
564 913 872 
831 672 594 

378 524 916 
645 197 238 
912 368 457 
===========
123 456 789 
456 789 123 
789 231 645 

297 845 361 
564 913 278 
831 627 594 

378 564 912 
645 192 837 
912 378 456 
===========
123 456 789 
456 789 123 
789 231 645 

297 613 458 
564 872 391 
831 945 267 

378 524 916 
645 197 832 
912 368 574 
===========
123 456 789 
456 789 123 
789 231 645 

297 613 458 
564 827 391 
831 945 276 

378 564 912 
645 192 837 
912 378 564 
===========
123 456 789 
456 789 123 
789 231 645 

297 613 854 
564 827 391 
831 945 267 

378 592 416 
645 178 932 
912 364 578 
===========
123 456 789 
456 789 123 
789 231 645 

297 613 854 
564 827 931 
831 945 267 

378 592 416 
645 178 392 
912 364 578 
===========
123 456 789 
456 789 123 
789 231 645 

297 614 358 
564 873 291 
831 925 467 

378 562 914 
645 197 832 
912 348 576 
===========
123 456 789 
456 789 123 
789 231 645 

297 614 358 
564 873 291 
831 925 476 

378 562 914 
645 197 832 
912 348 567 
===========
123 456 789 
456 789 123 
789 231 645 

297 614 358 
564 823 917 
831 975 264 

378 562 491 
645 197 832 
912 348 576 
===========
123 456 789 
456 789 123 
789 231 645 

297 614 358 
564 873 291 
831 925 467 

378 542 916 
645 197 832 
912 368 574 
===========
123 456 789 
456 789 123 
789 231 645 

297 614 538 
564 873 291 
831 925 467 

378 562 914 
645 198 372 
912 347 856 
===========
123 456 789 
456 789 123 
789 231 645 

297 614 538 
564 823 917 
831 975 264 

378 562 491 
645 198 372 
912 347 856 
===========
123 456 789 
456 789 123 
789 231 645 

297 614 538 
564 873 291 
831 925 467 

378 542 916 
645 198 372 
912 367 854 
===========
123 456 789 
456 789 123 
789 231 645 

297 615 438 
564 873 291 
831 924 567 

378 562 914 
645 198 372 
912 347 856 
===========
123 456 789 
456 789 123 
789 231 645 

297 615 438 
564 873 912 
831 942 576 

378 594 261 
645 128 397 
912 367 854 
===========
123 456 789 
456 789 123 
789 231 645 

297 615 438 
564 873 291 
831 942 567 

378 524 916 
645 198 372 
912 367 854 
===========
123 456 789 
456 789 123 
789 231 645 

297 615 438 
564 873 291 
831 924 567 

378 542 916 
645 198 372 
912 367 854 
===========
123 456 789 
456 789 123 
789 231 645 

297 615 834 
564 823 917 
831 974 256 

378 562 491 
645 198 372 
912 347 568 
===========
123 456 789 
456 789 123 
789 231 645 

297 615 834 
564 873 912 
831 942 576 

378 594 261 
645 128 397 
912 367 458 
===========
123 456 789 
456 789 123 
789 231 645 

297 615 834 
564 873 912 
831 942 576 

378 594 261 
645 127 398 
912 368 457 
===========
123 456 789 
456 789 123 
789 231 645 

297 615 834 
564 823 917 
831 947 256 

378 592 461 
645 178 392 
912 364 578 
===========
123 456 789 
456 789 123 
789 231 645 

297 615 834 
564 823 971 
831 947 562 

378 594 216 
645 172 398 
912 368 457 
===========
123 456 789 
456 789 123 
789 231 645 

297 615 834 
564 873 291 
831 942 567 

378 524 916 
645 198 372 
912 367 458 
===========
123 456 789 
456 789 123 
789 231 645 

297 615 834 
564 873 291 
831 924 567 

378 542 916 
645 198 372 
912 367 458 
===========
123 456 789 
456 789 123 
789 231 645 

297 615 834 
564 823 917 
831 947 256 

378 562 491 
645 198 372 
912 374 568 
===========
123 456 789 
456 789 123 
789 231 645 

297 615 834 
564 823 917 
831 947 562 

378 564 291 
645 192 378 
912 378 456 
===========
123 456 789 
456 789 123 
789 231 645 

297 643 851 
564 812 397 
831 975 462 

378 594 216 
645 127 938 
912 368 574 
===========
123 456 789 
456 789 123 
789 231 645 

297 643 851 
564 812 937 
831 975 462 

378 594 216 
645 127 398 
912 368 574 
===========
123 456 789 
456 789 123 
789 231 645 

297 643 851 
564 817 392 
831 925 467 

378 594 216 
645 172 938 
912 368 574 
===========
123 456 789 
456 789 123 
789 231 645 

297 643 851 
564 817 932 
831 925 467 

378 594 216 
645 172 398 
912 368 574 
===========
123 456 789 
456 789 123 
789 231 645 

297 643 851 
564 812 397 
831 975 462 

378 524 916 
645 197 238 
912 368 574 
===========
123 456 789 
456 789 123 
789 231 645 

297 643 851 
564 817 392 
831 925 476 

378 562 914 
645 198 237 
912 374 568 
===========
123 456 789 
456 789 123 
789 231 645 

297 645 318 
564 813 297 
831 972 456 

378 524 961 
645 197 832 
912 368 574 
===========
123 456 789 
456 789 123 
789 231 645 

297 645 318 
564 813 972 
831 927 564 

378 562 491 
645 198 237 
912 374 856 
===========
123 456 789 
456 789 123 
789 231 645 

297 645 318 
564 813 972 
831 927 456 

378 564 291 
645 192 837 
912 378 564 
===========
123 456 789 
456 789 123 
789 231 645 

297 645 318 
564 813 972 
831 927 564 

378 564 291 
645 192 837 
912 378 456 
===========
123 456 789 
456 789 123 
789 231 645 

297 645 831 
564 813 972 
831 972 564 

378 594 216 
645 128 397 
912 367 458 
===========
123 456 789 
456 789 123 
789 231 645 

297 645 831 
564 813 972 
831 972 564 

378 594 216 
645 127 398 
912 368 457 
===========
123 456 789 
456 789 123 
789 231 645 

297 645 831 
564 813 972 
831 927 564 

378 594 216 
645 172 398 
912 368 457 
===========
123 456 789 
456 789 123 
789 231 645 

297 645 831 
564 813 297 
831 972 564 

378 524 916 
645 198 372 
912 367 458 
===========
123 456 789 
456 789 123 
789 231 645 

297 645 831 
564 813 297 
831 927 456 

378 562 914 
645 198 372 
912 374 568 
===========
123 456 789 
456 789 123 
789 231 645 

297 645 831 
564 813 297 
831 927 456 

378 564 912 
645 192 378 
912 378 564 
===========
123 456 789 
456 789 123 
789 231 645 

297 645 831 
564 813 297 
831 927 564 

378 564 912 
645 192 378 
912 378 456 
===========
123 456 789 
456 789 123 
789 231 645 

297 813 456 
564 972 831 
831 564 972 

378 695 214 
645 128 397 
912 347 568 
===========
123 456 789 
456 789 123 
789 231 645 

297 813 456 
564 972 831 
831 564 972 

378 695 214 
645 127 398 
912 348 567 
===========
123 456 789 
456 789 123 
789 231 645 

297 813 456 
564 927 831 
831 564 972 

378 695 214 
645 172 398 
912 348 567 
===========
123 456 789 
456 789 123 
789 231 645 

297 813 456 
564 972 831 
831 564 297 

378 625 914 
645 198 372 
912 347 568 
===========
123 456 789 
456 789 123 
789 231 645 

297 813 456 
564 927 318 
831 564 972 

378 642 591 
645 198 237 
912 375 864 
===========
123 456 789 
456 789 123 
789 231 645 

297 813 456 
564 927 318 
831 564 972 

378 645 291 
645 192 837 
912 378 564 
===========
123 456 789 
456 789 123 
789 231 645 

297 813 456 
564 927 831 
831 564 297 

378 645 912 
645 192 378 
912 378 564 
===========
123 456 789 
456 789 123 
789 231 645 

297 813 564 
564 927 318 
831 564 297 

378 692 451 
645 178 932 
912 345 876 
===========
123 456 789 
456 789 123 
789 231 645 

297 813 564 
564 972 318 
831 564 972 

378 625 491 
645 198 237 
912 347 856 
===========
123 456 789 
456 789 123 
789 231 645 

297 813 564 
564 927 318 
831 564 972 

378 645 291 
645 192 837 
912 378 456 
===========
123 456 789 
456 789 123 
789 231 645 

297 813 564 
564 927 831 
831 564 297 

378 645 912 
645 192 378 
912 378 456 
===========
123 456 789 
456 789 123 
789 231 645 

297 814 356 
564 923 871 
831 567 294 

378 695 412 
645 172 938 
912 348 567 
===========
123 456 789 
456 789 123 
789 231 645 

297 814 356 
564 923 871 
831 567 492 

378 695 214 
645 172 938 
912 348 567 
===========
123 456 789 
456 789 123 
789 231 645 

297 814 356 
564 973 218 
831 562 974 

378 625 491 
645 197 832 
912 348 567 
===========
123 456 789 
456 789 123 
789 231 645 

297 814 356 
564 973 812 
831 562 974 

378 625 491 
645 198 237 
912 347 568 
===========
123 456 789 
456 789 123 
789 231 645 

297 814 356 
564 973 812 
831 562 974 

378 625 491 
645 197 238 
912 348 567 
===========
123 456 789 
456 789 123 
789 231 645 

297 814 536 
564 923 817 
831 567 294 

378 642 951 
645 198 372 
912 375 468 
===========
123 456 789 
456 789 123 
789 231 645 

297 843 516 
564 912 378 
831 567 492 

378 694 251 
645 128 937 
912 375 864 
===========
123 456 789 
456 789 123 
789 231 645 

297 843 516 
564 917 832 
831 562 974 

378 694 251 
645 128 397 
912 375 468 
===========
123 456 789 
456 789 123 
789 231 645 

297 843 516 
564 912 378 
831 567 492 

378 624 951 
645 198 237 
912 375 864 
===========
123 456 789 
456 789 123 
789 231 645 

297 843 516 
564 912 837 
831 567 294 

378 624 951 
645 198 372 
912 375 468 
===========
123 456 789 
456 789 123 
789 231 645 

297 843 516 
564 917 238 
831 562 497 

378 624 951 
645 198 372 
912 375 864 
===========
123 456 789 
456 789 123 
789 231 645 

297 843 561 
564 912 378 
831 567 294 

378 695 412 
645 128 937 
912 374 856 
===========
123 456 789 
456 789 123 
789 231 645 

297 843 561 
564 912 378 
831 567 492 

378 695 214 
645 128 937 
912 374 856 
===========
123 456 789 
456 789 123 
789 231 645 

297 843 561 
564 917 238 
831 562 974 

378 695 412 
645 128 397 
912 374 856 
===========
123 456 789 
456 789 123 
789 231 645 

297 843 561 
564 912 378 
831 567 492 

378 625 914 
645 198 237 
912 374 856 
===========
123 456 789 
456 789 123 
789 231 645 

297 843 561 
564 917 238 
831 562 497 

378 625 914 
645 198 372 
912 374 856 
===========
123 456 789 
456 789 123 
789 231 645 

297 863 451 
564 912 837 
831 574 962 

378 695 214 
645 127 398 
912 348 576 
===========
123 456 789 
456 789 123 
789 231 645 

297 863 451 
564 917 238 
831 524 967 

378 692 514 
645 178 392 
912 345 876 
===========
123 456 789 
456 789 123 
789 231 645 

297 863 451 
564 917 238 
831 524 976 

378 692 514 
645 178 392 
912 345 867 
===========
123 456 789 
456 789 123 
789 231 645 

297 863 451 
564 917 832 
831 524 967 

378 695 214 
645 172 398 
912 348 576 
===========
123 456 789 
456 789 123 
789 231 645 

297 863 451 
564 917 832 
831 524 976 

378 695 214 
645 172 398 
912 348 567 
===========
123 456 789 
456 789 123 
789 231 645 

297 863 451 
564 912 378 
831 574 296 

378 625 914 
645 197 832 
912 348 567 
===========
123 456 789 
456 789 123 
789 231 645 

297 863 451 
564 912 837 
831 574 296 

378 625 914 
645 198 372 
912 347 568 
===========
123 456 789 
456 789 123 
789 231 645 

297 863 451 
564 912 378 
831 547 296 

378 694 512 
645 128 937 
912 375 864 
===========
123 456 789 
456 789 123 
789 231 645 

297 863 451 
564 917 238 
831 542 976 

378 694 512 
645 128 397 
912 375 864 
===========
123 456 789 
456 789 123 
789 231 645 

297 863 451 
564 917 832 
831 542 976 

378 695 214 
645 128 397 
912 374 568 
===========
123 456 789 
456 789 123 
789 231 645 

297 863 451 
564 912 837 
831 547 296 

378 625 914 
645 198 372 
912 374 568 
===========
123 456 789 
456 789 123 
789 231 645 

297 863 514 
564 917 238 
831 524 967 

378 692 451 
645 178 392 
912 345 876 
===========
123 456 789 
456 789 123 
789 231 645 

297 863 514 
564 917 238 
831 524 976 

378 692 451 
645 178 392 
912 345 867 
===========
123 456 789 
456 789 123 
789 231 645 

297 863 514 
564 912 378 
831 574 962 

378 625 491 
645 198 237 
912 347 856 
===========
123 456 789 
456 789 123 
789 231 645 

297 863 514 
564 917 832 
831 542 976 

378 694 251 
645 128 397 
912 375 468 
===========
123 456 789 
456 789 123 
789 231 645 

297 863 514 
564 912 378 
831 547 962 

378 625 491 
645 198 237 
912 374 856 
===========
123 456 789 
456 789 123 
789 231 645 

297 863 514 
564 912 837 
831 547 296 

378 624 951 
645 198 372 
912 375 468 
===========
123 456 789 
456 789 123 
789 231 645 

297 863 514 
564 917 238 
831 542 967 

378 625 491 
645 198 372 
912 374 856 
===========
123 456 789 
456 789 123 
789 231 645 

297 863 514 
564 917 832 
831 524 967 

378 645 291 
645 192 378 
912 378 456 
===========
123 456 789 
456 789 123 
789 231 645 

297 864 351 
564 913 872 
831 572 496 

378 695 214 
645 128 937 
912 347 568 
===========
123 456 789 
456 789 123 
789 231 645 

297 864 351 
564 913 872 
831 572 496 

378 695 214 
645 127 938 
912 348 567 
===========
123 456 789 
456 789 123 
789 231 645 

297 864 351 
564 913 278 
831 527 496 

378 692 514 
645 178 932 
912 345 867 
===========
123 456 789 
456 789 123 
789 231 645 

297 864 351 
564 913 872 
831 527 496 

378 695 214 
645 172 938 
912 348 567 
===========
123 456 789 
456 789 123 
789 231 645 

297 864 351 
564 913 278 
831 572 496 

378 625 914 
645 197 832 
912 348 567 
===========
123 456 789 
456 789 123 
789 231 645 

297 864 351 
564 913 872 
831 572 496 

378 625 914 
645 198 237 
912 347 568 
===========
123 456 789 
456 789 123 
789 231 645 

297 864 351 
564 913 872 
831 572 496 

378 625 914 
645 197 238 
912 348 567 
===========
123 456 789 
456 789 123 
789 231 645 

297 864 351 
564 913 278 
831 527 496 

378 645 912 
645 192 837 
912 378 564 
===========
123 456 789 
456 789 123 
789 231 645 

297 864 531 
564 913 278 
831 572 964 

378 695 412 
645 128 397 
912 347 856 
===========
123 456 789 
456 789 123 
789 231 645 

297 513 468 
564 872 391 
831 964 572 

378 695 214 
645 128 937 
912 347 856 
===========
123 456 789 
456 789 123 
789 231 645 

297 513 468 
564 872 931 
831 964 572 

378 695 214 
645 128 397 
912 347 856 
===========
123 456 789 
456 789 123 
789 231 645 

297 513 468 
564 827 391 
831 964 257 

378 692 514 
645 178 932 
912 345 876 
===========
123 456 789 
456 789 123 
789 231 645 

297 513 468 
564 827 931 
831 964 257 

378 692 514 
645 178 392 
912 345 876 
===========
123 456 789 
456 789 123 
789 231 645 

297 513 468 
564 872 391 
831 964 572 

378 625 914 
645 198 237 
912 347 856 
===========
123 456 789 
456 789 123 
789 231 645 

297 513 468 
564 872 391 
831 964 257 

378 625 914 
645 197 832 
912 348 576 
===========
123 456 789 
456 789 123 
789 231 645 

297 513 864 
564 872 391 
831 964 257 

378 695 412 
645 127 938 
912 348 576 
===========
123 456 789 
456 789 123 
789 231 645 

297 513 864 
564 872 931 
831 964 257 

378 695 412 
645 127 398 
912 348 576 
===========
123 456 789 
456 789 123 
789 231 645 

297 513 864 
564 827 391 
831 964 257 

378 695 412 
645 172 938 
912 348 576 
===========
123 456 789 
456 789 123 
789 231 645 

297 513 864 
564 827 931 
831 964 257 

378 695 412 
645 172 398 
912 348 576 
===========
123 456 789 
456 789 123 
789 231 645 

297 514 368 
564 873 291 
831 962 574 

378 695 412 
645 128 937 
912 347 856 
===========
123 456 789 
456 789 123 
789 231 645 

297 514 368 
564 873 291 
831 962 457 

378 625 914 
645 197 832 
912 348 576 
===========
123 456 789 
456 789 123 
789 231 645 

297 514 368 
564 873 912 
831 962 574 

378 625 491 
645 198 237 
912 347 856 
===========
123 456 789 
456 789 123 
789 231 645 

297 514 836 
564 823 971 
831 967 254 

378 695 412 
645 172 398 
912 348 567 
===========
123 456 789 
456 789 123 
789 231 645 

297 514 836 
564 823 971 
831 967 452 

378 695 214 
645 172 398 
912 348 567 
===========
123 456 789 
456 789 123 
789 231 645 

297 514 836 
564 873 291 
831 962 457 

378 625 914 
645 198 372 
912 347 568 
===========
123 456 789 
456 789 123 
789 231 645 

297 514 836 
564 823 917 
831 967 254 

378 642 591 
645 198 372 
912 375 468 
===========
123 456 789 
456 789 123 
789 231 645 

297 514 836 
564 823 917 
831 967 452 

378 645 291 
645 192 378 
912 378 564 
===========
123 456 789 
456 789 123 
789 231 645 

297 543 816 
564 817 392 
831 962 574 

378 694 251 
645 128 937 
912 375 468 
===========
123 456 789 
456 789 123 
789 231 645 

297 543 816 
564 817 932 
831 962 574 

378 694 251 
645 128 397 
912 375 468 
===========
123 456 789 
456 789 123 
789 231 645 

297 543 816 
564 812 937 
831 967 254 

378 625 491 
645 198 372 
912 374 568 
===========
123 456 789 
456 789 123 
789 231 645 

297 543 816 
564 812 937 
831 967 254 

378 624 591 
645 198 372 
912 375 468 
===========
123 456 789 
456 789 123 
789 231 645 

297 543 816 
564 817 392 
831 962 574 

378 624 951 
645 198 237 
912 375 468 
===========
123 456 789 
456 789 123 
789 231 645 

297 563 418 
564 817 392 
831 942 576 

378 694 251 
645 128 937 
912 375 864 
===========
123 456 789 
456 789 123 
789 231 645 

297 563 418 
564 817 932 
831 942 576 

378 694 251 
645 128 397 
912 375 864 
===========
123 456 789 
456 789 123 
789 231 645 

297 563 418 
564 812 937 
831 947 256 

378 624 591 
645 198 372 
912 375 864 
===========
123 456 789 
456 789 123 
789 231 645 

297 563 418 
564 817 392 
831 942 576 

378 624 951 
645 198 237 
912 375 864 
===========
123 456 789 
456 789 123 
789 231 645 

297 563 418 
564 817 392 
831 924 576 

378 642 951 
645 198 237 
912 375 864 
===========
123 456 789 
456 789 123 
789 231 645 

297 563 814 
564 812 937 
831 974 256 

378 625 491 
645 198 372 
912 347 568 
===========
123 456 789 
456 789 123 
789 231 645 

297 563 814 
564 817 392 
831 942 576 

378 694 251 
645 128 937 
912 375 468 
===========
123 456 789 
456 789 123 
789 231 645 

297 563 814 
564 817 932 
831 942 576 

378 694 251 
645 128 397 
912 375 468 
===========
123 456 789 
456 789 123 
789 231 645 

297 563 814 
564 812 937 
831 947 256 

378 625 491 
645 198 372 
912 374 568 
===========
123 456 789 
456 789 123 
789 231 645 

297 563 814 
564 812 937 
831 947 256 

378 624 591 
645 198 372 
912 375 468 
===========
123 456 789 
456 789 123 
789 231 645 

297 563 814 
564 817 392 
831 942 576 

378 624 951 
645 198 237 
912 375 468 
===========
123 456 789 
456 789 123 
789 231 645 

297 563 814 
564 817 392 
831 924 576 

378 642 951 
645 198 237 
912 375 468 
===========
123 456 789 
456 789 123 
789 231 645 

297 563 814 
564 817 932 
831 924 567 

378 645 291 
645 192 378 
912 378 456 
===========
123 456 789 
456 789 123 
789 231 645 

297 564 318 
564 813 297 
831 927 564 

378 692 451 
645 178 932 
912 345 876 
===========
123 456 789 
456 789 123 
789 231 645 

297 564 318 
564 813 972 
831 972 564 

378 625 491 
645 198 237 
912 347 856 
===========
123 456 789 
456 789 123 
789 231 645 

297 564 318 
564 813 972 
831 927 456 

378 642 591 
645 198 237 
912 375 864 
===========
123 456 789 
456 789 123 
789 231 645 

297 564 318 
564 813 972 
831 927 456 

378 645 291 
645 192 837 
912 378 564 
===========
123 456 789 
456 789 123 
789 231 645 

297 564 318 
564 813 972 
831 927 564 

378 645 291 
645 192 837 
912 378 456 
===========
123 456 789 
456 789 123 
789 231 645 

297 564 831 
564 813 972 
831 972 456 

378 695 214 
645 128 397 
912 347 568 
===========
123 456 789 
456 789 123 
789 231 645 

297 564 831 
564 813 972 
831 972 456 

378 695 214 
645 127 398 
912 348 567 
===========
123 456 789 
456 789 123 
789 231 645 

297 564 831 
564 813 972 
831 927 456 

378 695 214 
645 172 398 
912 348 567 
===========
