123 457 689 
456 893 271 
789 216 354 

297 631 548 
564 982 137 
831 745 926 

378 569 412 
645 128 793 
912 374 865 
===========
123 457 689 
456 893 271 
789 216 354 

297 631 548 
564 982 713 
831 745 926 

378 564 192 
645 129 837 
912 378 465 
===========
123 457 689 
456 893 271 
789 216 354 

297 631 548 
564 928 137 
831 745 926 

378 569 412 
645 182 793 
912 374 865 
===========
123 457 689 
456 893 271 
789 216 354 

297 631 548 
564 928 137 
831 745 926 

378 569 412 
645 172 893 
912 384 765 
===========
123 457 689 
456 893 271 
789 216 354 

297 631 845 
564 982 137 
831 745 926 

378 569 412 
645 128 793 
912 374 568 
===========
123 457 689 
456 893 271 
789 216 354 

297 631 845 
564 928 137 
831 745 926 

378 569 412 
645 182 793 
912 374 568 
===========
123 457 689 
456 893 271 
789 216 354 

297 634 815 
564 981 723 
831 725 496 

378 569 142 
645 172 938 
912 348 567 
===========
123 457 689 
456 893 271 
789 216 354 

297 634 815 
564 981 723 
831 725 496 

378 549 162 
645 172 938 
912 368 547 
===========
123 457 689 
456 893 271 
789 216 354 

297 635 148 
564 981 723 
831 742 596 

378 569 412 
645 128 937 
912 374 865 
===========
123 457 689 
456 893 271 
789 216 354 

297 635 148 
564 981 723 
831 742 596 

378 564 912 
645 129 837 
912 378 465 
===========
123 457 689 
456 893 271 
789 216 354 

297 635 418 
564 981 723 
831 742 965 

378 524 196 
645 179 832 
912 368 547 
===========
123 457 689 
456 893 271 
789 216 354 

297 635 418 
564 981 732 
831 742 965 

378 524 196 
645 179 823 
912 368 547 
===========
123 457 689 
456 893 271 
789 216 354 

297 635 418 
564 981 723 
831 724 965 

378 542 196 
645 179 832 
912 368 547 
===========
123 457 689 
456 893 271 
789 216 354 

297 635 418 
564 981 732 
831 724 965 

378 549 126 
645 172 893 
912 368 547 
===========
123 457 689 
456 893 271 
789 216 354 

297 635 418 
564 981 732 
831 724 965 

378 542 196 
645 179 823 
912 368 547 
===========
123 457 689 
456 893 271 
789 216 354 

297 635 418 
564 981 723 
831 742 596 

378 569 142 
645 128 937 
912 374 865 
===========
123 457 689 
456 893 271 
789 216 354 

297 635 418 
564 981 723 
831 742 965 

378 564 192 
645 129 837 
912 378 546 
===========
123 457 689 
456 893 271 
789 216 354 

297 638 145 
564 921 837 
831 745 926 

378 569 412 
645 182 793 
912 374 568 
===========
123 457 689 
456 893 271 
789 216 354 

297 638 145 
564 921 738 
831 745 926 

378 569 412 
645 172 893 
912 384 567 
===========
123 457 689 
456 893 271 
789 216 354 

297 638 415 
564 921 837 
831 745 926 

378 569 142 
645 182 793 
912 374 568 
===========
123 457 689 
456 893 271 
789 216 354 

297 638 415 
564 921 738 
831 745 926 

378 569 142 
645 172 893 
912 384 567 
===========
123 457 689 
456 893 271 
789 216 354 

297 641 538 
564 938 127 
831 725 946 

378 569 412 
645 182 793 
912 374 865 
===========
123 457 689 
456 893 271 
789 216 354 

297 641 538 
564 938 127 
831 725 946 

378 569 412 
645 172 893 
912 384 765 
===========
123 457 689 
456 893 271 
789 216 354 

297 641 835 
564 938 127 
831 725 946 

378 569 412 
645 182 793 
912 374 568 
===========
123 457 689 
456 893 271 
789 216 354 

297 648 135 
564 931 827 
831 725 946 

378 569 412 
645 182 793 
912 374 568 
===========
123 457 689 
456 893 271 
789 216 354 

297 648 135 
564 931 728 
831 725 946 

378 569 412 
645 172 893 
912 384 567 
===========
123 457 689 
456 893 271 
789 216 354 

297 648 513 
564 931 728 
831 725 496 

378 569 142 
645 182 937 
912 374 865 
===========
123 457 689 
456 893 271 
789 216 354 

297 648 513 
564 931 827 
831 725 496 

378 569 142 
645 172 938 
912 384 765 
===========
123 457 689 
456 893 271 
789 216 354 

297 681 435 
564 932 718 
831 745 962 

378 524 196 
645 179 823 
912 368 547 
===========
123 457 689 
456 893 271 
789 216 354 

297 681 435 
564 932 817 
831 745 926 

378 569 142 
645 128 793 
912 374 568 
===========
123 457 689 
456 893 271 
789 216 354 

297 681 543 
564 932 718 
831 745 926 

378 564 192 
645 129 837 
912 378 465 
===========
123 457 689 
456 893 271 
789 216 354 

297 681 543 
564 932 817 
831 745 926 

378 564 192 
645 129 738 
912 378 465 
===========
123 457 689 
456 893 271 
789 216 354 

297 684 135 
564 931 728 
831 725 946 

378 569 412 
645 172 893 
912 348 567 
===========
123 457 689 
456 893 271 
789 216 354 

297 684 513 
564 931 827 
831 725 496 

378 569 142 
645 172 938 
912 348 765 
===========
123 457 689 
456 893 271 
789 216 354 

297 684 513 
564 931 827 
831 725 496 

378 549 162 
645 172 938 
912 368 745 
===========
123 457 689 
456 893 271 
789 216 354 

297 685 143 
564 931 827 
831 724 596 

378 569 412 
645 172 938 
912 348 765 
===========
123 457 689 
456 893 271 
789 216 354 

297 685 143 
564 931 728 
831 742 596 

378 569 412 
645 128 937 
912 374 865 
===========
123 457 689 
456 893 271 
789 216 354 

297 685 143 
564 931 728 
831 742 596 

378 564 912 
645 129 837 
912 378 465 
===========
123 457 689 
456 893 271 
789 216 354 

297 685 143 
564 931 827 
831 742 596 

378 564 912 
645 129 738 
912 378 465 
===========
123 457 689 
456 893 271 
789 216 354 

297 685 413 
564 931 827 
831 724 596 

378 569 142 
645 172 938 
912 348 765 
===========
123 457 689 
456 893 271 
789 216 354 

297 685 413 
564 931 728 
831 742 965 

378 524 196 
645 179 832 
912 368 547 
===========
123 457 689 
456 893 271 
789 216 354 

297 685 413 
564 931 728 
831 724 965 

378 542 196 
645 179 832 
912 368 547 
===========
123 457 689 
456 893 271 
789 216 354 

297 685 413 
564 931 827 
831 724 596 

378 549 162 
645 172 938 
912 368 745 
===========
123 457 689 
456 893 271 
789 216 354 

297 685 413 
564 931 728 
831 742 596 

378 569 142 
645 128 937 
912 374 865 
===========
123 457 689 
456 893 271 
789 216 354 

297 685 413 
564 931 728 
831 742 965 

378 564 192 
645 129 837 
912 378 546 
===========
123 457 689 
456 893 271 
789 216 354 

297 685 413 
564 931 827 
831 742 965 

378 564 192 
645 129 738 
912 378 546 
===========
123 457 689 
456 893 271 
789 216 354 

297 631 548 
564 782 193 
831 945 726 

378 569 412 
645 128 937 
912 374 865 
===========
123 457 689 
456 893 271 
789 216 354 

297 631 548 
564 782 193 
831 945 726 

378 564 912 
645 129 837 
912 378 465 
===========
123 457 689 
456 893 271 
789 216 354 

297 631 548 
564 782 913 
831 945 726 

378 564 192 
645 129 837 
912 378 465 
===========
123 457 689 
456 893 271 
789 216 354 

297 631 548 
564 728 193 
831 945 726 

378 569 412 
645 182 937 
912 374 865 
===========
123 457 689 
456 893 271 
789 216 354 

297 631 845 
564 782 193 
831 945 726 

378 569 412 
645 128 937 
912 374 568 
===========
123 457 689 
456 893 271 
789 216 354 

297 631 845 
564 728 193 
831 945 726 

378 569 412 
645 182 937 
912 374 568 
===========
123 457 689 
456 893 271 
789 216 354 

297 631 845 
564 728 193 
831 945 726 

378 569 412 
645 172 938 
912 384 567 
===========
123 457 689 
456 893 271 
789 216 354 

297 634 518 
564 781 923 
831 925 467 

378 542 196 
645 179 832 
912 368 745 
===========
123 457 689 
456 893 271 
789 216 354 

297 634 518 
564 781 932 
831 925 467 

378 549 126 
645 172 893 
912 368 745 
===========
123 457 689 
456 893 271 
789 216 354 

297 634 518 
564 781 932 
831 925 467 

378 542 196 
645 179 823 
912 368 745 
===========
123 457 689 
456 893 271 
789 216 354 

297 635 418 
564 781 923 
831 942 567 

378 524 196 
645 179 832 
912 368 745 
===========
123 457 689 
456 893 271 
789 216 354 

297 635 418 
564 781 923 
831 942 765 

378 524 196 
645 179 832 
912 368 547 
===========
123 457 689 
456 893 271 
789 216 354 

297 635 418 
564 781 932 
831 942 567 

378 524 196 
645 179 823 
912 368 745 
===========
123 457 689 
456 893 271 
789 216 354 

297 635 418 
564 781 932 
831 942 765 

378 524 196 
645 179 823 
912 368 547 
===========
123 457 689 
456 893 271 
789 216 354 

297 635 418 
564 781 923 
831 924 567 

378 542 196 
645 179 832 
912 368 745 
===========
123 457 689 
456 893 271 
789 216 354 

297 635 418 
564 781 923 
831 924 765 

378 542 196 
645 179 832 
912 368 547 
===========
123 457 689 
456 893 271 
789 216 354 

297 635 418 
564 781 932 
831 924 567 

378 549 126 
645 172 893 
912 368 745 
===========
123 457 689 
456 893 271 
789 216 354 

297 635 418 
564 781 932 
831 924 765 

378 549 126 
645 172 893 
912 368 547 
===========
123 457 689 
456 893 271 
789 216 354 

297 635 418 
564 781 932 
831 924 567 

378 542 196 
645 179 823 
912 368 745 
===========
123 457 689 
456 893 271 
789 216 354 

297 635 418 
564 781 932 
831 924 765 

378 542 196 
645 179 823 
912 368 547 
===========
123 457 689 
456 893 271 
789 216 354 

297 635 418 
564 781 923 
831 942 765 

378 564 192 
645 129 837 
912 378 546 
===========
123 457 689 
456 893 271 
789 216 354 

297 638 145 
564 721 893 
831 945 726 

378 569 412 
645 182 937 
912 374 568 
===========
123 457 689 
456 893 271 
789 216 354 

297 638 145 
564 721 893 
831 945 726 

378 569 412 
645 172 938 
912 384 567 
===========
123 457 689 
456 893 271 
789 216 354 

297 638 145 
564 721 938 
831 945 726 

378 569 412 
645 172 893 
912 384 567 
===========
123 457 689 
456 893 271 
789 216 354 

297 638 415 
564 721 893 
831 945 726 

378 569 142 
645 182 937 
912 374 568 
===========
123 457 689 
456 893 271 
789 216 354 

297 638 415 
564 721 893 
831 945 726 

378 569 142 
645 172 938 
912 384 567 
===========
123 457 689 
456 893 271 
789 216 354 

297 638 415 
564 721 938 
831 945 726 

378 569 142 
645 172 893 
912 384 567 
===========
123 457 689 
456 893 271 
789 216 354 

297 648 135 
564 731 928 
831 925 746 

378 569 412 
645 172 893 
912 384 567 
===========
123 457 689 
456 893 271 
789 216 354 

297 681 435 
564 732 198 
831 945 762 

378 524 916 
645 179 823 
912 368 547 
===========
123 457 689 
456 893 271 
789 216 354 

297 681 435 
564 732 918 
831 945 762 

378 524 196 
645 179 823 
912 368 547 
===========
123 457 689 
456 893 271 
789 216 354 

297 681 543 
564 732 198 
831 945 726 

378 569 412 
645 128 937 
912 374 865 
===========
123 457 689 
456 893 271 
789 216 354 

297 681 543 
564 732 198 
831 945 726 

378 564 912 
645 129 837 
912 378 465 
===========
123 457 689 
456 893 271 
789 216 354 

297 681 543 
564 732 918 
831 945 726 

378 564 192 
645 129 837 
912 378 465 
===========
123 457 689 
456 893 271 
789 216 354 

297 684 135 
564 731 928 
831 925 746 

378 569 412 
645 172 893 
912 348 567 
===========
123 457 689 
456 893 271 
789 216 354 

297 684 513 
564 731 892 
831 925 467 

378 549 126 
645 172 938 
912 368 745 
===========
123 457 689 
456 893 271 
789 216 354 

297 684 513 
564 731 928 
831 925 467 

378 542 196 
645 179 832 
912 368 745 
===========
123 457 689 
456 893 271 
789 216 354 

297 685 413 
564 731 928 
831 942 567 

378 524 196 
645 179 832 
912 368 745 
===========
123 457 689 
456 893 271 
789 216 354 

297 685 413 
564 731 928 
831 942 765 

378 524 196 
645 179 832 
912 368 547 
===========
123 457 689 
456 893 271 
789 216 354 

297 685 413 
564 731 892 
831 924 567 

378 549 126 
645 172 938 
912 368 745 
===========
123 457 689 
456 893 271 
789 216 354 

297 685 413 
564 731 892 
831 924 765 

378 549 126 
645 172 938 
912 368 547 
===========
123 457 689 
456 893 271 
789 216 354 

297 685 413 
564 731 928 
831 924 567 

378 542 196 
645 179 832 
912 368 745 
===========
123 457 689 
456 893 271 
789 216 354 

297 685 413 
564 731 928 
831 924 765 

378 542 196 
645 179 832 
912 368 547 
===========
123 457 689 
456 893 271 
789 216 354 

297 685 413 
564 731 928 
831 942 765 

378 564 192 
645 129 837 
912 378 546 
===========
123 457 689 
456 893 271 
789 216 354 

297 531 468 
564 982 137 
831 764 925 

378 649 512 
645 128 793 
912 375 846 
===========
123 457 689 
456 893 271 
789 216 354 

297 531 468 
564 982 713 
831 764 592 

378 649 125 
645 128 937 
912 375 846 
===========
123 457 689 
456 893 271 
789 216 354 

297 531 468 
564 982 713 
831 764 925 

378 645 192 
645 129 837 
912 378 546 
===========
123 457 689 
456 893 271 
789 216 354 

297 531 468 
564 928 137 
831 764 925 

378 649 512 
645 182 793 
912 375 846 
===========
123 457 689 
456 893 271 
789 216 354 

297 531 468 
564 928 137 
831 764 592 

378 642 915 
645 189 723 
912 375 846 
===========
123 457 689 
456 893 271 
789 216 354 

297 531 468 
564 928 713 
831 764 592 

378 649 125 
645 182 937 
912 375 846 
===========
123 457 689 
456 893 271 
789 216 354 

297 531 468 
564 928 137 
831 764 925 

378 649 512 
645 172 893 
912 385 746 
===========
123 457 689 
456 893 271 
789 216 354 

297 531 468 
564 928 137 
831 764 592 

378 642 915 
645 179 823 
912 385 746 
===========
123 457 689 
456 893 271 
789 216 354 

297 531 846 
564 982 137 
831 764 592 

378 629 415 
645 178 923 
912 345 768 
===========
123 457 689 
456 893 271 
789 216 354 

297 531 846 
564 982 137 
831 764 925 

378 649 512 
645 128 793 
912 375 468 
===========
123 457 689 
456 893 271 
789 216 354 

297 531 846 
564 982 713 
831 764 592 

378 649 125 
645 128 937 
912 375 468 
===========
123 457 689 
456 893 271 
789 216 354 

297 531 846 
564 928 137 
831 764 925 

378 649 512 
645 182 793 
912 375 468 
===========
123 457 689 
456 893 271 
789 216 354 

297 531 846 
564 928 137 
831 764 592 

378 642 915 
645 189 723 
912 375 468 
===========
123 457 689 
456 893 271 
789 216 354 

297 531 846 
564 928 713 
831 764 592 

378 649 125 
645 182 937 
912 375 468 
===========
123 457 689 
456 893 271 
789 216 354 

297 531 846 
564 928 713 
831 764 592 

378 649 125 
645 172 938 
912 385 467 
===========
123 457 689 
456 893 271 
789 216 354 

297 534 168 
564 981 723 
831 762 495 

378 649 512 
645 128 937 
912 375 846 
===========
123 457 689 
456 893 271 
789 216 354 

297 534 168 
564 981 723 
831 762 495 

378 645 912 
645 129 837 
912 378 546 
===========
123 457 689 
456 893 271 
789 216 354 

297 538 146 
564 921 837 
831 764 925 

378 649 512 
645 182 793 
912 375 468 
===========
123 457 689 
456 893 271 
789 216 354 

297 538 146 
564 921 837 
831 764 592 

378 642 915 
645 189 723 
912 375 468 
===========
123 457 689 
456 893 271 
789 216 354 

297 538 146 
564 921 738 
831 764 925 

378 649 512 
645 172 893 
912 385 467 
===========
123 457 689 
456 893 271 
789 216 354 

297 538 146 
564 921 738 
831 764 592 

378 642 915 
645 179 823 
912 385 467 
===========
123 457 689 
456 893 271 
789 216 354 

297 561 438 
564 938 127 
831 724 965 

378 649 512 
645 182 793 
912 375 846 
===========
123 457 689 
456 893 271 
789 216 354 

297 561 438 
564 938 127 
831 724 965 

378 649 512 
645 172 893 
912 385 746 
===========
123 457 689 
456 893 271 
789 216 354 

297 561 843 
564 938 127 
831 742 596 

378 624 915 
645 189 732 
912 375 468 
===========
123 457 689 
456 893 271 
789 216 354 

297 561 843 
564 938 127 
831 724 596 

378 642 915 
645 189 732 
912 375 468 
===========
123 457 689 
456 893 271 
789 216 354 

297 561 843 
564 938 712 
831 724 596 

378 649 125 
645 182 937 
912 375 468 
===========
123 457 689 
456 893 271 
789 216 354 

297 561 843 
564 938 712 
831 724 596 

378 649 125 
645 172 938 
912 385 467 
===========
123 457 689 
456 893 271 
789 216 354 

297 568 143 
564 931 827 
831 742 596 

378 624 915 
645 189 732 
912 375 468 
===========
123 457 689 
456 893 271 
789 216 354 

297 568 143 
564 931 827 
831 724 596 

378 642 915 
645 189 732 
912 375 468 
===========
123 457 689 
456 893 271 
789 216 354 

297 568 143 
564 931 728 
831 742 596 

378 624 915 
645 179 832 
912 385 467 
===========
123 457 689 
456 893 271 
789 216 354 

297 568 143 
564 931 728 
831 724 596 

378 642 915 
645 179 832 
912 385 467 
===========
123 457 689 
456 893 271 
789 216 354 

297 581 436 
564 932 718 
831 764 592 

378 629 145 
645 178 923 
912 345 867 
===========
123 457 689 
456 893 271 
789 216 354 

297 581 436 
564 932 817 
831 764 592 

378 629 145 
645 178 923 
912 345 768 
===========
123 457 689 
456 893 271 
789 216 354 

297 581 463 
564 932 718 
831 764 592 

378 649 125 
645 128 937 
912 375 846 
===========
123 457 689 
456 893 271 
789 216 354 

297 581 463 
564 932 718 
831 764 925 

378 645 192 
645 129 837 
912 378 546 
===========
123 457 689 
456 893 271 
789 216 354 

297 581 463 
564 932 817 
831 764 925 

378 645 192 
645 129 738 
912 378 546 
===========
123 457 689 
456 893 271 
789 216 354 

297 584 136 
564 931 827 
831 762 945 

378 649 512 
645 128 793 
912 375 468 
===========
123 457 689 
456 893 271 
789 216 354 

297 584 163 
564 931 728 
831 762 495 

378 649 512 
645 128 937 
912 375 846 
===========
123 457 689 
456 893 271 
789 216 354 

297 584 163 
564 931 728 
831 762 495 

378 645 912 
645 129 837 
912 378 546 
===========
123 457 689 
456 893 271 
789 216 354 

297 584 163 
564 931 827 
831 762 495 

378 645 912 
645 129 738 
912 378 546 
===========
123 457 689 
456 893 271 
789 216 354 

297 531 468 
564 782 193 
831 964 725 

378 649 512 
645 128 937 
912 375 846 
===========
123 457 689 
456 893 271 
789 216 354 

297 531 468 
564 782 193 
831 964 725 

378 645 912 
645 129 837 
912 378 546 
===========
123 457 689 
456 893 271 
789 216 354 

297 531 468 
564 782 913 
831 964 725 

378 645 192 
645 129 837 
912 378 546 
===========
123 457 689 
456 893 271 
789 216 354 

297 531 468 
564 728 193 
831 964 725 

378 649 512 
645 182 937 
912 375 846 
===========
123 457 689 
456 893 271 
789 216 354 

297 531 468 
564 728 193 
831 964 527 

378 642 915 
645 189 732 
912 375 846 
===========
123 457 689 
456 893 271 
789 216 354 

297 531 468 
564 728 913 
831 964 527 

378 642 195 
645 189 732 
912 375 846 
===========
123 457 689 
456 893 271 
789 216 354 

297 531 468 
564 728 193 
831 964 527 

378 642 915 
645 179 832 
912 385 746 
===========
123 457 689 
456 893 271 
789 216 354 

297 531 468 
564 728 913 
831 964 527 

378 642 195 
645 179 832 
912 385 746 
===========
123 457 689 
456 893 271 
789 216 354 

297 531 846 
564 782 193 
831 964 527 

378 629 415 
645 178 932 
912 345 768 
===========
123 457 689 
456 893 271 
789 216 354 

297 531 846 
564 782 193 
831 964 725 

378 649 512 
645 128 937 
912 375 468 
===========
123 457 689 
456 893 271 
789 216 354 

297 531 846 
564 782 193 
831 964 527 

378 645 912 
645 129 738 
912 378 465 
===========
123 457 689 
456 893 271 
789 216 354 

297 531 846 
564 782 913 
831 964 527 

378 645 192 
645 129 738 
912 378 465 
===========
123 457 689 
456 893 271 
789 216 354 

297 531 846 
564 728 193 
831 964 725 

378 649 512 
645 182 937 
912 375 468 
===========
123 457 689 
456 893 271 
789 216 354 

297 531 846 
564 728 193 
831 964 527 

378 642 915 
645 189 732 
912 375 468 
===========
123 457 689 
456 893 271 
789 216 354 

297 531 846 
564 728 913 
831 964 527 

378 642 195 
645 189 732 
912 375 468 
===========
123 457 689 
456 893 271 
789 216 354 

297 531 846 
564 728 193 
831 964 725 

378 649 512 
645 172 938 
912 385 467 
===========
123 457 689 
456 893 271 
789 216 354 

297 534 816 
564 781 923 
831 962 547 

378 645 192 
645 129 738 
912 378 465 
===========
123 457 689 
456 893 271 
789 216 354 

297 534 816 
564 781 932 
831 962 547 

378 649 125 
645 128 793 
912 375 468 
===========
123 457 689 
456 893 271 
789 216 354 

297 538 146 
564 721 893 
831 964 725 

378 649 512 
645 182 937 
912 375 468 
===========
123 457 689 
456 893 271 
789 216 354 

297 538 146 
564 721 893 
831 964 527 

378 642 915 
645 189 732 
912 375 468 
===========
123 457 689 
456 893 271 
789 216 354 

297 538 146 
564 721 893 
831 964 725 

378 649 512 
645 172 938 
912 385 467 
===========
123 457 689 
456 893 271 
789 216 354 

297 538 146 
564 721 938 
831 964 725 

378 649 512 
645 172 893 
912 385 467 
===========
123 457 689 
456 893 271 
789 216 354 

297 541 836 
564 738 192 
831 962 547 

378 624 915 
645 189 723 
912 375 468 
===========
123 457 689 
456 893 271 
789 216 354 

297 541 836 
564 738 912 
831 962 547 

378 624 195 
645 189 723 
912 375 468 
===========
123 457 689 
456 893 271 
789 216 354 

297 548 136 
564 731 892 
831 962 547 

378 624 915 
645 189 723 
912 375 468 
===========
123 457 689 
456 893 271 
789 216 354 

297 561 438 
564 738 192 
831 942 567 

378 624 915 
645 189 723 
912 375 846 
===========
123 457 689 
456 893 271 
789 216 354 

297 561 438 
564 738 912 
831 942 567 

378 624 195 
645 189 723 
912 375 846 
===========
123 457 689 
456 893 271 
789 216 354 

297 561 438 
564 738 192 
831 924 567 

378 642 915 
645 189 723 
912 375 846 
===========
123 457 689 
456 893 271 
789 216 354 

297 561 438 
564 738 912 
831 924 567 

378 649 125 
645 182 793 
912 375 846 
===========
123 457 689 
456 893 271 
789 216 354 

297 561 438 
564 738 912 
831 924 567 

378 642 195 
645 189 723 
912 375 846 
===========
123 457 689 
456 893 271 
789 216 354 

297 561 438 
564 738 192 
831 942 567 

378 624 915 
645 179 823 
912 385 746 
===========
123 457 689 
456 893 271 
789 216 354 

297 561 438 
564 738 912 
831 942 567 

378 624 195 
645 179 823 
912 385 746 
===========
123 457 689 
456 893 271 
789 216 354 

297 561 438 
564 738 192 
831 924 567 

378 642 915 
645 179 823 
912 385 746 
===========
123 457 689 
456 893 271 
789 216 354 

297 561 438 
564 738 912 
831 924 567 

378 649 125 
645 172 893 
912 385 746 
===========
123 457 689 
456 893 271 
789 216 354 

297 561 438 
564 738 912 
831 924 567 

378 642 195 
645 179 823 
912 385 746 
===========
123 457 689 
456 893 271 
789 216 354 

297 568 413 
564 731 928 
831 942 567 

378 624 195 
645 189 732 
912 375 846 
===========
123 457 689 
456 893 271 
789 216 354 

297 568 413 
564 731 928 
831 924 567 

378 642 195 
645 189 732 
912 375 846 
===========
123 457 689 
456 893 271 
789 216 354 

297 568 413 
564 731 928 
831 942 567 

378 624 195 
645 179 832 
912 385 746 
===========
123 457 689 
456 893 271 
789 216 354 

297 568 413 
564 731 892 
831 924 567 

378 649 125 
645 172 938 
912 385 746 
===========
123 457 689 
456 893 271 
789 216 354 

297 568 413 
564 731 928 
831 924 567 

378 642 195 
645 179 832 
912 385 746 
===========
123 457 689 
456 893 271 
789 216 354 

297 581 463 
564 732 198 
831 964 725 

378 649 512 
645 128 937 
912 375 846 
===========
123 457 689 
456 893 271 
789 216 354 

297 581 463 
564 732 198 
831 964 725 

378 645 912 
645 129 837 
912 378 546 
===========
123 457 689 
456 893 271 
789 216 354 

297 581 463 
564 732 918 
831 964 725 

378 645 192 
645 129 837 
912 378 546 
===========
123 457 689 
456 893 271 
789 216 354 

297 584 136 
564 731 892 
831 962 547 

378 629 415 
645 178 923 
912 345 768 
===========
123 457 689 
456 893 271 
789 216 354 

297 631 548 
564 789 123 
831 524 796 

378 962 415 
645 178 932 
912 345 867 
===========
123 457 689 
456 893 271 
789 216 354 

297 631 548 
564 789 132 
831 524 796 

378 962 415 
645 178 923 
912 345 867 
===========
123 457 689 
456 893 271 
789 216 354 

297 631 548 
564 782 193 
831 549 726 

378 965 412 
645 128 937 
912 374 865 
===========
123 457 689 
456 893 271 
789 216 354 

297 631 548 
564 789 123 
831 542 796 

378 965 412 
645 128 937 
912 374 865 
===========
123 457 689 
456 893 271 
789 216 354 

297 631 548 
564 728 193 
831 549 726 

378 965 412 
645 182 937 
912 374 865 
===========
123 457 689 
456 893 271 
789 216 354 

297 631 845 
564 789 123 
831 524 796 

378 965 412 
645 172 938 
912 348 567 
===========
123 457 689 
456 893 271 
789 216 354 

297 631 845 
564 782 193 
831 549 726 

378 965 412 
645 128 937 
912 374 568 
===========
123 457 689 
456 893 271 
789 216 354 

297 631 845 
564 782 193 
831 549 726 

378 964 512 
645 128 937 
912 375 468 
===========
123 457 689 
456 893 271 
789 216 354 

297 631 845 
564 789 123 
831 542 796 

378 965 412 
645 128 937 
912 374 568 
===========
123 457 689 
456 893 271 
789 216 354 

297 631 845 
564 789 123 
831 542 796 

378 964 512 
645 128 937 
912 375 468 
===========
123 457 689 
456 893 271 
789 216 354 

297 631 845 
564 728 193 
831 549 726 

378 965 412 
645 182 937 
912 374 568 
===========
123 457 689 
456 893 271 
789 216 354 

297 631 845 
564 728 193 
831 549 726 

378 964 512 
645 182 937 
912 375 468 
===========
123 457 689 
456 893 271 
789 216 354 

297 631 845 
564 728 193 
831 549 726 

378 965 412 
645 172 938 
912 384 567 
===========
123 457 689 
456 893 271 
789 216 354 

297 631 845 
564 728 193 
831 549 726 

378 964 512 
645 172 938 
912 385 467 
===========
123 457 689 
456 893 271 
789 216 354 

297 634 518 
564 781 932 
831 529 467 

378 945 126 
645 172 893 
912 368 745 
===========
123 457 689 
456 893 271 
789 216 354 

297 638 145 
564 721 893 
831 549 726 

378 965 412 
645 182 937 
912 374 568 
===========
123 457 689 
456 893 271 
789 216 354 

297 638 145 
564 721 893 
831 549 726 

378 964 512 
645 182 937 
912 375 468 
===========
123 457 689 
456 893 271 
789 216 354 

297 638 145 
564 721 893 
831 549 726 

378 965 412 
645 172 938 
912 384 567 
===========
123 457 689 
456 893 271 
789 216 354 

297 638 145 
564 721 893 
831 549 726 

378 964 512 
645 172 938 
912 385 467 
===========
123 457 689 
456 893 271 
789 216 354 

297 638 145 
564 721 938 
831 549 726 

378 965 412 
645 172 893 
912 384 567 
===========
123 457 689 
456 893 271 
789 216 354 

297 638 145 
564 721 938 
831 549 726 

378 964 512 
645 172 893 
912 385 467 
===========
123 457 689 
456 893 271 
789 216 354 

297 638 415 
564 721 893 
831 549 726 

378 965 142 
645 182 937 
912 374 568 
===========
123 457 689 
456 893 271 
789 216 354 

297 638 415 
564 721 893 
831 549 726 

378 965 142 
645 172 938 
912 384 567 
===========
123 457 689 
456 893 271 
789 216 354 

297 638 415 
564 721 938 
831 549 726 

378 965 142 
645 172 893 
912 384 567 
===========
123 457 689 
456 893 271 
789 216 354 

297 641 538 
564 738 912 
831 529 467 

378 964 125 
645 182 793 
912 375 846 
===========
123 457 689 
456 893 271 
789 216 354 

297 641 538 
564 738 912 
831 529 467 

378 964 125 
645 172 893 
912 385 746 
===========
123 457 689 
456 893 271 
789 216 354 

297 641 538 
564 738 912 
831 529 746 

378 964 125 
645 172 893 
912 385 467 
===========
123 457 689 
456 893 271 
789 216 354 

297 648 135 
564 731 928 
831 529 467 

378 964 512 
645 182 793 
912 375 846 
===========
