123 456 789 
456 789 132 
789 123 546 

297 815 364 
564 937 218 
831 642 957 

378 594 621 
645 271 893 
912 368 475 
===========
123 456 789 
456 789 132 
789 123 546 

297 815 364 
564 937 218 
831 642 975 

378 594 621 
645 271 893 
912 368 457 
===========
123 456 789 
456 789 132 
789 123 546 

297 815 463 
564 932 817 
831 674 295 

378 561 924 
645 298 371 
912 347 658 
===========
123 456 789 
456 789 132 
789 123 546 

297 815 463 
564 932 817 
831 674 925 

378 561 294 
645 298 371 
912 347 658 
===========
123 456 789 
456 789 132 
789 123 546 

297 815 463 
564 932 871 
831 674 295 

378 561 924 
645 298 317 
912 347 658 
===========
123 456 789 
456 789 132 
789 123 546 

297 815 463 
564 932 871 
831 674 925 

378 561 294 
645 298 317 
912 347 658 
===========
123 456 789 
456 789 132 
789 123 546 

297 815 463 
564 932 871 
831 674 295 

378 561 924 
645 297 318 
912 348 657 
===========
123 456 789 
456 789 132 
789 123 546 

297 815 463 
564 932 871 
831 674 925 

378 561 294 
645 297 318 
912 348 657 
===========
123 456 789 
456 789 132 
789 123 546 

297 815 463 
564 937 218 
831 642 957 

378 591 624 
645 278 391 
912 364 875 
===========
123 456 789 
456 789 132 
789 123 546 

297 815 463 
564 937 218 
831 642 975 

378 591 624 
645 278 391 
912 364 857 
===========
123 456 789 
456 789 132 
789 123 546 

297 815 463 
564 932 817 
831 647 295 

378 561 924 
645 298 371 
912 374 658 
===========
123 456 789 
456 789 132 
789 123 546 

297 815 463 
564 932 817 
831 647 925 

378 561 294 
645 298 371 
912 374 658 
===========
123 456 789 
456 789 132 
789 123 546 

297 815 463 
564 932 817 
831 647 295 

378 564 921 
645 291 378 
912 378 654 
===========
123 456 789 
456 789 132 
789 123 546 

297 815 463 
564 932 817 
831 647 925 

378 564 291 
645 291 378 
912 378 654 
===========
123 456 789 
456 789 132 
789 123 546 

297 815 463 
564 932 871 
831 647 295 

378 561 924 
645 298 317 
912 374 658 
===========
123 456 789 
456 789 132 
789 123 546 

297 815 463 
564 932 871 
831 647 925 

378 561 294 
645 298 317 
912 374 658 
===========
123 456 789 
456 789 132 
789 123 546 

297 815 463 
564 937 821 
831 642 975 

378 561 294 
645 298 317 
912 374 658 
===========
123 456 789 
456 789 132 
789 123 546 

297 831 465 
564 972 318 
831 645 297 

378 594 621 
645 218 973 
912 367 854 
===========
123 456 789 
456 789 132 
789 123 546 

297 831 654 
564 972 318 
831 645 927 

378 594 261 
645 217 893 
912 368 475 
===========
123 456 789 
456 789 132 
789 123 546 

297 831 654 
564 972 813 
831 645 927 

378 594 261 
645 217 398 
912 368 475 
===========
123 456 789 
456 789 132 
789 123 546 

297 835 461 
564 912 378 
831 674 295 

378 561 924 
645 297 813 
912 348 657 
===========
123 456 789 
456 789 132 
789 123 546 

297 835 461 
564 912 378 
831 674 925 

378 561 294 
645 297 813 
912 348 657 
===========
123 456 789 
456 789 132 
789 123 546 

297 835 461 
564 912 873 
831 674 295 

378 561 924 
645 298 317 
912 347 658 
===========
123 456 789 
456 789 132 
789 123 546 

297 835 461 
564 912 873 
831 674 925 

378 561 294 
645 298 317 
912 347 658 
===========
123 456 789 
456 789 132 
789 123 546 

297 835 461 
564 912 873 
831 674 295 

378 561 924 
645 297 318 
912 348 657 
===========
123 456 789 
456 789 132 
789 123 546 

297 835 461 
564 912 873 
831 674 925 

378 561 294 
645 297 318 
912 348 657 
===========
123 456 789 
456 789 132 
789 123 546 

297 835 461 
564 912 378 
831 647 295 

378 591 624 
645 278 913 
912 364 857 
===========
123 456 789 
456 789 132 
789 123 546 

297 835 461 
564 912 873 
831 647 295 

378 561 924 
645 298 317 
912 374 658 
===========
123 456 789 
456 789 132 
789 123 546 

297 835 461 
564 912 873 
831 647 925 

378 561 294 
645 298 317 
912 374 658 
===========
123 456 789 
456 789 132 
789 123 546 

297 835 461 
564 917 823 
831 642 975 

378 561 294 
645 298 317 
912 374 658 
===========
123 456 789 
456 789 132 
789 123 546 

297 835 614 
564 971 328 
831 642 957 

378 594 261 
645 217 893 
912 368 475 
===========
123 456 789 
456 789 132 
789 123 546 

297 835 614 
564 971 328 
831 642 975 

378 594 261 
645 217 893 
912 368 457 
===========
123 456 789 
456 789 132 
789 123 546 

297 835 614 
564 971 823 
831 642 975 

378 594 261 
645 218 397 
912 367 458 
===========
123 456 789 
456 789 132 
789 123 546 

297 835 614 
564 971 823 
831 642 957 

378 594 261 
645 217 398 
912 368 475 
===========
123 456 789 
456 789 132 
789 123 546 

297 835 614 
564 971 823 
831 642 975 

378 594 261 
645 217 398 
912 368 457 
===========
123 456 789 
456 789 132 
789 123 546 

297 835 614 
564 912 378 
831 647 925 

378 594 261 
645 271 893 
912 368 457 
===========
123 456 789 
456 789 132 
789 123 546 

297 835 614 
564 912 873 
831 647 925 

378 594 261 
645 271 398 
912 368 457 
===========
123 456 789 
456 789 132 
789 123 546 

297 835 614 
564 917 328 
831 642 957 

378 594 261 
645 271 893 
912 368 475 
===========
123 456 789 
456 789 132 
789 123 546 

297 835 614 
564 917 328 
831 642 975 

378 594 261 
645 271 893 
912 368 457 
===========
123 456 789 
456 789 132 
789 123 546 

297 835 614 
564 917 823 
831 642 957 

378 594 261 
645 271 398 
912 368 475 
===========
123 456 789 
456 789 132 
789 123 546 

297 835 614 
564 917 823 
831 642 975 

378 594 261 
645 271 398 
912 368 457 
===========
123 456 789 
456 789 132 
789 123 546 

297 835 614 
564 917 328 
831 642 957 

378 564 291 
645 291 873 
912 378 465 
===========
123 456 789 
456 789 132 
789 123 546 

297 835 614 
564 917 823 
831 642 957 

378 564 291 
645 291 378 
912 378 465 
===========
123 456 789 
456 789 132 
789 123 546 

297 841 365 
564 932 817 
831 675 294 

378 594 621 
645 218 973 
912 367 458 
===========
123 456 789 
456 789 132 
789 123 546 

297 841 653 
564 932 817 
831 675 924 

378 594 261 
645 217 398 
912 368 475 
===========
123 456 789 
456 789 132 
789 123 546 

297 845 613 
564 931 827 
831 672 954 

378 594 261 
645 217 398 
912 368 475 
===========
123 456 789 
456 789 132 
789 123 546 

297 631 854 
564 872 913 
831 945 267 

378 594 621 
645 217 398 
912 368 475 
===========
123 456 789 
456 789 132 
789 123 546 

297 631 854 
564 872 913 
831 945 627 

378 594 261 
645 217 398 
912 368 475 
===========
123 456 789 
456 789 132 
789 123 546 

297 635 418 
564 871 923 
831 942 675 

378 594 261 
645 218 397 
912 367 854 
===========
123 456 789 
456 789 132 
789 123 546 

297 635 418 
564 812 973 
831 947 265 

378 591 624 
645 278 391 
912 364 857 
===========
123 456 789 
456 789 132 
789 123 546 

297 635 418 
564 812 973 
831 947 625 

378 591 264 
645 278 391 
912 364 857 
===========
123 456 789 
456 789 132 
789 123 546 

297 635 418 
564 817 923 
831 942 657 

378 591 264 
645 278 391 
912 364 875 
===========
123 456 789 
456 789 132 
789 123 546 

297 635 418 
564 817 923 
831 942 675 

378 591 264 
645 278 391 
912 364 857 
===========
123 456 789 
456 789 132 
789 123 546 

297 635 418 
564 812 397 
831 947 265 

378 564 921 
645 291 873 
912 378 654 
===========
123 456 789 
456 789 132 
789 123 546 

297 635 418 
564 817 293 
831 942 657 

378 561 924 
645 298 371 
912 374 865 
===========
123 456 789 
456 789 132 
789 123 546 

297 635 418 
564 817 923 
831 942 657 

378 561 294 
645 298 371 
912 374 865 
===========
123 456 789 
456 789 132 
789 123 546 

297 635 814 
564 871 923 
831 942 675 

378 594 261 
645 218 397 
912 367 458 
===========
123 456 789 
456 789 132 
789 123 546 

297 635 814 
564 871 923 
831 942 657 

378 594 261 
645 217 398 
912 368 475 
===========
123 456 789 
456 789 132 
789 123 546 

297 635 814 
564 871 923 
831 942 675 

378 594 261 
645 217 398 
912 368 457 
===========
123 456 789 
456 789 132 
789 123 546 

297 635 814 
564 812 973 
831 947 265 

378 594 621 
645 271 398 
912 368 457 
===========
123 456 789 
456 789 132 
789 123 546 

297 635 814 
564 812 973 
831 947 625 

378 594 261 
645 271 398 
912 368 457 
===========
123 456 789 
456 789 132 
789 123 546 

297 635 814 
564 817 923 
831 942 657 

378 594 261 
645 271 398 
912 368 475 
===========
123 456 789 
456 789 132 
789 123 546 

297 635 814 
564 817 923 
831 942 675 

378 594 261 
645 271 398 
912 368 457 
===========
123 456 789 
456 789 132 
789 123 546 

297 635 814 
564 817 293 
831 942 657 

378 564 921 
645 291 378 
912 378 465 
===========
123 456 789 
456 789 132 
789 123 546 

297 635 814 
564 817 923 
831 942 657 

378 564 291 
645 291 378 
912 378 465 
===========
123 456 789 
456 789 132 
789 123 546 

297 641 358 
564 832 917 
831 975 264 

378 594 621 
645 217 893 
912 368 475 
===========
123 456 789 
456 789 132 
789 123 546 

297 641 358 
564 832 917 
831 975 624 

378 594 261 
645 217 893 
912 368 475 
===========
123 456 789 
456 789 132 
789 123 546 

297 641 853 
564 832 917 
831 975 264 

378 594 621 
645 217 398 
912 368 475 
===========
123 456 789 
456 789 132 
789 123 546 

297 641 853 
564 832 917 
831 975 624 

378 594 261 
645 217 398 
912 368 475 
===========
123 456 789 
456 789 132 
789 123 546 

297 645 318 
564 831 297 
831 972 465 

378 594 621 
645 218 973 
912 367 854 
===========
123 456 789 
456 789 132 
789 123 546 

297 645 318 
564 831 927 
831 972 654 

378 594 261 
645 217 893 
912 368 475 
===========
123 456 789 
456 789 132 
789 123 546 

297 645 813 
564 831 927 
831 972 654 

378 594 261 
645 217 398 
912 368 475 
===========
123 456 789 
456 789 132 
789 123 546 

297 814 365 
564 937 218 
831 562 974 

378 695 421 
645 271 893 
912 348 657 
===========
123 456 789 
456 789 132 
789 123 546 

297 814 365 
564 937 821 
831 562 497 

378 691 254 
645 278 913 
912 345 678 
===========
123 456 789 
456 789 132 
789 123 546 

297 814 365 
564 937 218 
831 562 497 

378 645 921 
645 291 873 
912 378 654 
===========
123 456 789 
456 789 132 
789 123 546 

297 814 653 
564 937 218 
831 562 974 

378 691 425 
645 278 391 
912 345 867 
===========
123 456 789 
456 789 132 
789 123 546 

297 814 653 
564 932 817 
831 567 294 

378 641 925 
645 298 371 
912 375 468 
===========
123 456 789 
456 789 132 
789 123 546 

297 814 653 
564 932 817 
831 567 924 

378 641 295 
645 298 371 
912 375 468 
===========
123 456 789 
456 789 132 
789 123 546 

297 814 653 
564 932 817 
831 567 294 

378 645 921 
645 291 378 
912 378 465 
===========
123 456 789 
456 789 132 
789 123 546 

297 814 653 
564 932 817 
831 567 924 

378 645 291 
645 291 378 
912 378 465 
===========
123 456 789 
456 789 132 
789 123 546 

297 814 653 
564 932 871 
831 567 294 

378 641 925 
645 298 317 
912 375 468 
===========
123 456 789 
456 789 132 
789 123 546 

297 814 653 
564 932 871 
831 567 924 

378 641 295 
645 298 317 
912 375 468 
===========
123 456 789 
456 789 132 
789 123 546 

297 814 653 
564 937 218 
831 562 497 

378 641 925 
645 298 371 
912 375 864 
===========
123 456 789 
456 789 132 
789 123 546 

297 814 653 
564 937 821 
831 562 974 

378 641 295 
645 298 317 
912 375 468 
===========
123 456 789 
456 789 132 
789 123 546 

297 831 465 
564 972 813 
831 564 297 

378 615 924 
645 298 371 
912 347 658 
===========
123 456 789 
456 789 132 
789 123 546 

297 831 465 
564 972 813 
831 564 927 

378 615 294 
645 298 371 
912 347 658 
===========
123 456 789 
456 789 132 
789 123 546 

297 831 654 
564 972 318 
831 564 297 

378 695 421 
645 218 973 
912 347 865 
===========
123 456 789 
456 789 132 
789 123 546 

297 834 651 
564 971 328 
831 562 497 

378 695 214 
645 218 973 
912 347 865 
===========
123 456 789 
456 789 132 
789 123 546 

297 834 651 
564 912 378 
831 567 294 

378 691 425 
645 278 913 
912 345 867 
===========
123 456 789 
456 789 132 
789 123 546 

297 834 651 
564 912 873 
831 567 294 

378 641 925 
645 298 317 
912 375 468 
===========
123 456 789 
456 789 132 
789 123 546 

297 834 651 
564 912 873 
831 567 924 

378 641 295 
645 298 317 
912 375 468 
===========
123 456 789 
456 789 132 
789 123 546 

297 834 651 
564 917 823 
831 562 974 

378 641 295 
645 298 317 
912 375 468 
===========
123 456 789 
456 789 132 
789 123 546 

297 841 365 
564 932 817 
831 567 294 

378 695 421 
645 218 973 
912 374 658 
===========
123 456 789 
456 789 132 
789 123 546 

297 841 365 
564 937 821 
831 562 497 

378 695 214 
645 218 973 
912 374 658 
===========
123 456 789 
456 789 132 
789 123 546 

297 841 653 
564 932 871 
831 567 924 

378 694 215 
645 218 397 
912 375 468 
===========
123 456 789 
456 789 132 
789 123 546 

297 841 653 
564 937 218 
831 562 974 

378 695 421 
645 218 397 
912 374 865 
===========
123 456 789 
456 789 132 
789 123 546 

297 841 653 
564 937 821 
831 562 974 

378 694 215 
645 218 397 
912 375 468 
===========
123 456 789 
456 789 132 
789 123 546 

297 841 653 
564 932 817 
831 567 294 

378 614 925 
645 298 371 
912 375 468 
===========
123 456 789 
456 789 132 
789 123 546 

297 841 653 
564 932 817 
831 567 924 

378 614 295 
645 298 371 
912 375 468 
===========
123 456 789 
456 789 132 
789 123 546 

297 841 653 
564 932 871 
831 567 294 

378 614 925 
645 298 317 
912 375 468 
===========
123 456 789 
456 789 132 
789 123 546 

297 841 653 
564 932 871 
831 567 924 

378 614 295 
645 298 317 
912 375 468 
===========
123 456 789 
456 789 132 
789 123 546 

297 841 653 
564 937 218 
831 562 497 

378 615 924 
645 298 371 
912 374 865 
===========
123 456 789 
456 789 132 
789 123 546 

297 841 653 
564 937 218 
831 562 497 

378 614 925 
645 298 371 
912 375 864 
===========
123 456 789 
456 789 132 
789 123 546 

297 841 653 
564 937 821 
831 562 974 

378 614 295 
645 298 317 
912 375 468 
===========
123 456 789 
456 789 132 
789 123 546 

297 861 354 
564 937 218 
831 542 697 

378 695 421 
645 218 973 
912 374 865 
===========
123 456 789 
456 789 132 
789 123 546 

297 861 354 
564 937 821 
831 542 697 

378 694 215 
645 218 973 
912 375 468 
===========
123 456 789 
456 789 132 
789 123 546 

297 861 453 
564 937 218 
831 542 697 

378 615 924 
645 298 371 
912 374 865 
===========
123 456 789 
456 789 132 
789 123 546 

297 861 453 
564 937 218 
831 542 697 

378 614 925 
645 298 371 
912 375 864 
===========
123 456 789 
456 789 132 
789 123 546 

297 864 315 
564 931 278 
831 572 964 

378 695 421 
645 217 893 
912 348 657 
===========
123 456 789 
456 789 132 
789 123 546 

297 514 368 
564 832 917 
831 967 254 

378 695 421 
645 271 893 
912 348 675 
===========
123 456 789 
456 789 132 
789 123 546 

297 514 368 
564 832 971 
831 967 425 

378 695 214 
645 271 893 
912 348 657 
===========
123 456 789 
456 789 132 
789 123 546 

297 514 368 
564 837 921 
831 962 457 

378 695 214 
645 271 893 
912 348 675 
===========
123 456 789 
456 789 132 
789 123 546 

297 514 368 
564 837 921 
831 962 475 

378 695 214 
645 271 893 
912 348 657 
===========
123 456 789 
456 789 132 
789 123 546 

297 514 368 
564 832 917 
831 967 425 

378 645 291 
645 291 873 
912 378 654 
===========
123 456 789 
456 789 132 
789 123 546 

297 514 863 
564 832 917 
831 967 254 

378 691 425 
645 278 391 
912 345 678 
===========
123 456 789 
456 789 132 
789 123 546 

297 514 863 
564 832 917 
831 967 425 

378 691 254 
645 278 391 
912 345 678 
===========
123 456 789 
456 789 132 
789 123 546 

297 514 863 
564 832 917 
831 967 254 

378 695 421 
645 271 398 
912 348 675 
===========
123 456 789 
456 789 132 
789 123 546 

297 514 863 
564 832 971 
831 967 425 

378 695 214 
645 271 398 
912 348 657 
===========
123 456 789 
456 789 132 
789 123 546 

297 514 863 
564 837 921 
831 962 457 

378 695 214 
645 271 398 
912 348 675 
===========
123 456 789 
456 789 132 
789 123 546 

297 514 863 
564 837 921 
831 962 475 

378 695 214 
645 271 398 
912 348 657 
===========
123 456 789 
456 789 132 
789 123 546 

297 514 863 
564 832 917 
831 967 425 

378 645 291 
645 291 378 
912 378 654 
===========
123 456 789 
456 789 132 
789 123 546 

297 531 468 
564 872 391 
831 964 257 

378 615 924 
645 297 813 
912 348 675 
===========
123 456 789 
456 789 132 
789 123 546 

297 531 468 
564 872 391 
831 964 275 

378 615 924 
645 297 813 
912 348 657 
===========
123 456 789 
456 789 132 
789 123 546 

297 531 864 
564 872 913 
831 964 275 

378 695 421 
645 218 397 
912 347 658 
===========
123 456 789 
456 789 132 
789 123 546 

297 531 864 
564 872 913 
831 964 257 

378 695 421 
645 217 398 
912 348 675 
===========
123 456 789 
456 789 132 
789 123 546 

297 531 864 
564 872 913 
831 964 275 

378 695 421 
645 217 398 
912 348 657 
===========
123 456 789 
456 789 132 
789 123 546 

297 534 618 
564 812 973 
831 967 254 

378 691 425 
645 278 391 
912 345 867 
===========
123 456 789 
456 789 132 
789 123 546 

297 534 618 
564 812 973 
831 967 425 

378 691 254 
645 278 391 
912 345 867 
===========
123 456 789 
456 789 132 
789 123 546 

297 534 618 
564 817 923 
831 962 475 

378 691 254 
645 278 391 
912 345 867 
===========
123 456 789 
456 789 132 
789 123 546 

297 534 618 
564 871 293 
831 962 457 

378 615 924 
645 298 371 
912 347 865 
===========
123 456 789 
456 789 132 
789 123 546 

297 534 618 
564 871 923 
831 962 457 

378 615 294 
645 298 371 
912 347 865 
===========
123 456 789 
456 789 132 
789 123 546 

297 534 618 
564 812 397 
831 967 254 

378 645 921 
645 291 873 
912 378 465 
===========
123 456 789 
456 789 132 
789 123 546 

297 534 618 
564 817 293 
831 962 457 

378 641 925 
645 298 371 
912 375 864 
===========
123 456 789 
456 789 132 
789 123 546 

297 534 618 
564 817 923 
831 962 457 

378 641 295 
645 298 371 
912 375 864 
===========
123 456 789 
456 789 132 
789 123 546 

297 534 861 
564 871 923 
831 962 475 

378 695 214 
645 218 397 
912 347 658 
===========
123 456 789 
456 789 132 
789 123 546 

297 534 861 
564 871 923 
831 962 457 

378 695 214 
645 217 398 
912 348 675 
===========
123 456 789 
456 789 132 
789 123 546 

297 534 861 
564 871 923 
831 962 475 

378 695 214 
645 217 398 
912 348 657 
===========
123 456 789 
456 789 132 
789 123 546 

297 534 861 
564 812 397 
831 967 254 

378 691 425 
645 278 913 
912 345 678 
===========
123 456 789 
456 789 132 
789 123 546 

297 534 861 
564 812 397 
831 967 425 

378 691 254 
645 278 913 
912 345 678 
===========
123 456 789 
456 789 132 
789 123 546 

297 534 861 
564 812 973 
831 967 425 

378 695 214 
645 271 398 
912 348 657 
===========
123 456 789 
456 789 132 
789 123 546 

297 534 861 
564 817 923 
831 962 457 

378 695 214 
645 271 398 
912 348 675 
===========
123 456 789 
456 789 132 
789 123 546 

297 534 861 
564 817 923 
831 962 475 

378 695 214 
645 271 398 
912 348 657 
===========
123 456 789 
456 789 132 
789 123 546 

297 534 861 
564 871 293 
831 962 475 

378 615 924 
645 298 317 
912 347 658 
===========
123 456 789 
456 789 132 
789 123 546 

297 534 861 
564 871 293 
831 962 457 

378 615 924 
645 297 318 
912 348 675 
===========
123 456 789 
456 789 132 
789 123 546 

297 534 861 
564 871 293 
831 962 475 

378 615 924 
645 297 318 
912 348 657 
===========
123 456 789 
456 789 132 
789 123 546 

297 534 861 
564 871 923 
831 962 475 

378 615 294 
645 298 317 
912 347 658 
===========
123 456 789 
456 789 132 
789 123 546 

297 534 861 
564 871 923 
831 962 457 

378 615 294 
645 297 318 
912 348 675 
===========
123 456 789 
456 789 132 
789 123 546 

297 534 861 
564 871 923 
831 962 475 

378 615 294 
645 297 318 
912 348 657 
===========
123 456 789 
456 789 132 
789 123 546 

297 541 863 
564 832 971 
831 967 425 

378 695 214 
645 218 397 
912 374 658 
===========
123 456 789 
456 789 132 
789 123 546 

297 541 863 
564 837 921 
831 962 475 

378 695 214 
645 218 397 
912 374 658 
===========
123 456 789 
456 789 132 
789 123 546 

297 541 863 
564 832 917 
831 967 425 

378 615 294 
645 298 371 
912 374 658 
===========
123 456 789 
456 789 132 
789 123 546 

297 541 863 
564 832 971 
831 967 425 

378 615 294 
645 298 317 
912 374 658 
===========
123 456 789 
456 789 132 
789 123 546 

297 541 863 
564 837 291 
831 962 475 

378 615 924 
645 298 317 
912 374 658 
===========
123 456 789 
456 789 132 
789 123 546 

297 541 863 
564 837 921 
831 962 475 

378 615 294 
645 298 317 
912 374 658 
===========
123 456 789 
456 789 132 
789 123 546 

297 564 318 
564 831 297 
831 972 654 

378 695 421 
645 218 973 
912 347 865 
===========
123 456 789 
456 789 132 
789 123 546 

297 564 813 
564 831 297 
831 972 465 

378 615 924 
645 298 371 
912 347 658 
===========
123 456 789 
456 789 132 
789 123 546 

297 564 813 
564 831 927 
831 972 465 

378 615 294 
645 298 371 
912 347 658 
===========
123 456 789 
456 789 132 
789 123 546 

297 614 358 
564 832 917 
831 597 264 

378 965 421 
645 271 893 
912 348 675 
===========
123 456 789 
456 789 132 
789 123 546 

297 614 358 
564 837 291 
831 592 674 

378 961 425 
645 278 913 
912 345 867 
===========
123 456 789 
456 789 132 
789 123 546 

297 614 358 
564 837 921 
831 592 467 

378 965 214 
645 271 893 
912 348 675 
===========
123 456 789 
456 789 132 
789 123 546 

297 614 358 
564 832 917 
831 597 264 

378 945 621 
645 271 893 
912 368 475 
===========
123 456 789 
456 789 132 
789 123 546 

297 614 358 
564 832 917 
831 597 624 

378 945 261 
645 271 893 
912 368 475 
===========
123 456 789 
456 789 132 
789 123 546 

297 614 358 
564 837 291 
831 592 467 

378 941 625 
645 278 913 
912 365 874 
===========
123 456 789 
456 789 132 
789 123 546 

297 614 853 
564 832 917 
831 597 264 

378 961 425 
645 278 391 
912 345 678 
===========
123 456 789 
456 789 132 
789 123 546 

297 614 853 
564 832 917 
831 597 264 

378 965 421 
645 271 398 
912 348 675 
===========
123 456 789 
456 789 132 
789 123 546 

297 614 853 
564 837 921 
831 592 467 

378 965 214 
645 271 398 
912 348 675 
===========
123 456 789 
456 789 132 
789 123 546 

297 614 853 
564 832 917 
831 597 264 

378 941 625 
645 278 391 
912 365 478 
===========
123 456 789 
456 789 132 
789 123 546 

297 614 853 
564 832 917 
831 597 624 

378 941 265 
645 278 391 
912 365 478 
===========
123 456 789 
456 789 132 
789 123 546 

297 614 853 
564 832 917 
831 597 264 

378 945 621 
645 271 398 
912 368 475 
===========
123 456 789 
456 789 132 
789 123 546 

297 614 853 
564 832 917 
831 597 624 

378 945 261 
645 271 398 
912 368 475 
===========
123 456 789 
456 789 132 
789 123 546 

297 631 458 
564 872 391 
831 594 627 

378 965 214 
645 218 973 
912 347 865 
===========
123 456 789 
456 789 132 
789 123 546 

297 631 458 
564 897 213 
831 542 967 

378 915 624 
645 278 391 
912 364 875 
===========
123 456 789 
456 789 132 
789 123 546 

297 631 458 
564 897 213 
831 542 967 

378 914 625 
645 278 391 
912 365 874 
===========
123 456 789 
456 789 132 
789 123 546 

297 631 458 
564 897 321 
831 542 697 

378 915 264 
645 278 913 
912 364 875 
===========
123 456 789 
456 789 132 
789 123 546 

297 631 458 
564 897 321 
831 542 697 

378 914 265 
645 278 913 
912 365 874 
===========
123 456 789 
456 789 132 
789 123 546 

297 631 458 
564 897 321 
831 542 697 

378 965 214 
645 218 973 
912 374 865 
===========
123 456 789 
456 789 132 
789 123 546 

297 631 458 
564 897 321 
831 542 697 

378 964 215 
645 218 973 
912 375 864 
===========
123 456 789 
456 789 132 
789 123 546 

297 631 854 
564 872 913 
831 594 267 

378 965 421 
645 217 398 
912 348 675 
===========
123 456 789 
456 789 132 
789 123 546 

297 631 854 
564 872 913 
831 594 267 

378 945 621 
645 217 398 
912 368 475 
===========
123 456 789 
456 789 132 
789 123 546 

297 631 854 
564 872 913 
831 594 627 

378 945 261 
645 217 398 
912 368 475 
===========
123 456 789 
456 789 132 
789 123 546 

297 631 854 
564 897 213 
831 542 967 

378 914 625 
645 278 391 
912 365 478 
===========
123 456 789 
456 789 132 
789 123 546 

297 631 854 
564 897 321 
831 542 697 

378 914 265 
645 278 913 
912 365 478 
===========
123 456 789 
456 789 132 
789 123 546 

297 631 854 
564 897 321 
831 542 697 

378 964 215 
645 218 973 
912 375 468 
===========
123 456 789 
456 789 132 
789 123 546 

297 634 815 
564 891 273 
831 572 964 

378 965 421 
645 218 397 
912 347 658 
===========
123 456 789 
456 789 132 
789 123 546 

297 634 815 
564 891 273 
831 572 964 

378 965 421 
645 217 398 
912 348 657 
===========
123 456 789 
456 789 132 
789 123 546 

297 634 815 
564 812 973 
831 597 264 

378 965 421 
645 271 398 
912 348 657 
===========
123 456 789 
456 789 132 
789 123 546 

297 634 815 
564 817 923 
831 592 467 

378 961 254 
645 278 391 
912 345 678 
===========
123 456 789 
456 789 132 
789 123 546 

297 634 815 
564 891 273 
831 572 964 

378 945 621 
645 218 397 
912 367 458 
===========
123 456 789 
456 789 132 
789 123 546 

297 634 815 
564 891 273 
831 572 964 

378 945 621 
645 217 398 
912 368 457 
===========
123 456 789 
456 789 132 
789 123 546 

297 634 815 
564 891 327 
831 572 694 

378 945 261 
645 218 973 
912 367 458 
===========
123 456 789 
456 789 132 
789 123 546 

297 634 815 
564 871 923 
831 592 674 

378 945 261 
645 218 397 
912 367 458 
===========
123 456 789 
456 789 132 
789 123 546 

297 634 815 
564 871 923 
831 592 674 

378 945 261 
645 217 398 
912 368 457 
===========
123 456 789 
456 789 132 
789 123 546 

297 634 815 
564 812 973 
831 597 264 

378 945 621 
645 271 398 
912 368 457 
===========
123 456 789 
456 789 132 
789 123 546 

297 634 815 
564 812 973 
831 597 624 

378 945 261 
645 271 398 
912 368 457 
===========
123 456 789 
456 789 132 
789 123 546 

297 634 815 
564 817 923 
831 592 674 

378 945 261 
645 271 398 
912 368 457 
===========
123 456 789 
456 789 132 
789 123 546 

297 634 851 
564 871 923 
831 592 467 

378 965 214 
645 217 398 
912 348 675 
===========
123 456 789 
456 789 132 
789 123 546 

297 634 851 
564 812 397 
831 597 264 

378 961 425 
645 278 913 
912 345 678 
===========
123 456 789 
456 789 132 
789 123 546 

297 634 851 
564 817 923 
831 592 467 

378 965 214 
645 271 398 
912 348 675 
===========
123 456 789 
456 789 132 
789 123 546 

297 634 851 
564 812 397 
831 597 264 

378 941 625 
645 278 913 
912 365 478 
===========
123 456 789 
456 789 132 
789 123 546 

297 634 851 
564 812 397 
831 597 624 

378 941 265 
645 278 913 
912 365 478 
===========
123 456 789 
456 789 132 
789 123 546 

297 641 358 
564 837 291 
831 592 467 

378 915 624 
645 278 913 
912 364 875 
===========
