123 456 789 
456 789 132 
789 132 546 

297 813 465 
564 927 318 
831 645 297 

378 564 921 
645 291 873 
912 378 654 
===========
123 456 789 
456 789 132 
789 132 546 

297 813 465 
564 927 318 
831 645 927 

378 564 291 
645 291 873 
912 378 654 
===========
123 456 789 
456 789 132 
789 132 546 

297 813 465 
564 927 813 
831 645 297 

378 561 924 
645 298 371 
912 374 658 
===========
123 456 789 
456 789 132 
789 132 546 

297 813 465 
564 927 813 
831 645 927 

378 561 294 
645 298 371 
912 374 658 
===========
123 456 789 
456 789 132 
789 132 546 

297 813 465 
564 927 813 
831 645 297 

378 564 921 
645 291 378 
912 378 654 
===========
123 456 789 
456 789 132 
789 132 546 

297 813 465 
564 927 813 
831 645 927 

378 564 291 
645 291 378 
912 378 654 
===========
123 456 789 
456 789 132 
789 132 546 

297 813 654 
564 927 318 
831 645 927 

378 594 261 
645 271 893 
912 368 475 
===========
123 456 789 
456 789 132 
789 132 546 

297 813 654 
564 927 813 
831 645 927 

378 594 261 
645 271 398 
912 368 475 
===========
123 456 789 
456 789 132 
789 132 546 

297 813 654 
564 927 318 
831 645 297 

378 564 921 
645 291 873 
912 378 465 
===========
123 456 789 
456 789 132 
789 132 546 

297 813 654 
564 927 318 
831 645 927 

378 564 291 
645 291 873 
912 378 465 
===========
123 456 789 
456 789 132 
789 132 546 

297 813 654 
564 927 813 
831 645 297 

378 564 921 
645 291 378 
912 378 465 
===========
123 456 789 
456 789 132 
789 132 546 

297 813 654 
564 927 813 
831 645 927 

378 564 291 
645 291 378 
912 378 465 
===========
123 456 789 
456 789 132 
789 132 546 

297 814 653 
564 973 218 
831 625 497 

378 561 924 
645 298 371 
912 347 865 
===========
123 456 789 
456 789 132 
789 132 546 

297 815 463 
564 973 821 
831 624 975 

378 561 294 
645 298 317 
912 347 658 
===========
123 456 789 
456 789 132 
789 132 546 

297 815 463 
564 973 821 
831 624 957 

378 561 294 
645 297 318 
912 348 675 
===========
123 456 789 
456 789 132 
789 132 546 

297 815 463 
564 973 821 
831 624 975 

378 561 294 
645 297 318 
912 348 657 
===========
123 456 789 
456 789 132 
789 132 546 

297 815 463 
564 923 817 
831 674 295 

378 561 924 
645 298 371 
912 347 658 
===========
123 456 789 
456 789 132 
789 132 546 

297 815 463 
564 923 817 
831 674 925 

378 561 294 
645 298 371 
912 347 658 
===========
123 456 789 
456 789 132 
789 132 546 

297 815 463 
564 923 871 
831 674 295 

378 561 924 
645 298 317 
912 347 658 
===========
123 456 789 
456 789 132 
789 132 546 

297 815 463 
564 923 871 
831 674 925 

378 561 294 
645 298 317 
912 347 658 
===========
123 456 789 
456 789 132 
789 132 546 

297 815 463 
564 923 871 
831 674 295 

378 561 924 
645 297 318 
912 348 657 
===========
123 456 789 
456 789 132 
789 132 546 

297 815 463 
564 923 871 
831 674 925 

378 561 294 
645 297 318 
912 348 657 
===========
123 456 789 
456 789 132 
789 132 546 

297 815 463 
564 923 817 
831 647 295 

378 561 924 
645 298 371 
912 374 658 
===========
123 456 789 
456 789 132 
789 132 546 

297 815 463 
564 923 817 
831 647 925 

378 561 294 
645 298 371 
912 374 658 
===========
123 456 789 
456 789 132 
789 132 546 

297 815 463 
564 923 817 
831 647 295 

378 564 921 
645 291 378 
912 378 654 
===========
123 456 789 
456 789 132 
789 132 546 

297 815 463 
564 923 817 
831 647 925 

378 564 291 
645 291 378 
912 378 654 
===========
123 456 789 
456 789 132 
789 132 546 

297 815 463 
564 923 871 
831 647 295 

378 561 924 
645 298 317 
912 374 658 
===========
123 456 789 
456 789 132 
789 132 546 

297 815 463 
564 923 871 
831 647 925 

378 561 294 
645 298 317 
912 374 658 
===========
123 456 789 
456 789 132 
789 132 546 

297 841 365 
564 973 218 
831 625 497 

378 594 621 
645 218 973 
912 367 854 
===========
123 456 789 
456 789 132 
789 132 546 

297 841 365 
564 973 218 
831 625 974 

378 594 621 
645 217 893 
912 368 457 
===========
123 456 789 
456 789 132 
789 132 546 

297 841 365 
564 923 817 
831 675 294 

378 594 621 
645 218 973 
912 367 458 
===========
123 456 789 
456 789 132 
789 132 546 

297 841 653 
564 923 817 
831 675 924 

378 594 261 
645 217 398 
912 368 475 
===========
123 456 789 
456 789 132 
789 132 546 

297 843 615 
564 971 328 
831 625 497 

378 594 261 
645 218 973 
912 367 854 
===========
123 456 789 
456 789 132 
789 132 546 

297 843 615 
564 971 328 
831 625 974 

378 594 261 
645 217 893 
912 368 457 
===========
123 456 789 
456 789 132 
789 132 546 

297 843 615 
564 971 823 
831 625 974 

378 594 261 
645 218 397 
912 367 458 
===========
123 456 789 
456 789 132 
789 132 546 

297 843 615 
564 971 823 
831 625 974 

378 594 261 
645 217 398 
912 368 457 
===========
123 456 789 
456 789 132 
789 132 546 

297 843 615 
564 921 378 
831 675 924 

378 594 261 
645 217 893 
912 368 457 
===========
123 456 789 
456 789 132 
789 132 546 

297 843 615 
564 921 873 
831 675 924 

378 594 261 
645 218 397 
912 367 458 
===========
123 456 789 
456 789 132 
789 132 546 

297 843 615 
564 921 873 
831 675 924 

378 594 261 
645 217 398 
912 368 457 
===========
123 456 789 
456 789 132 
789 132 546 

297 843 615 
564 917 328 
831 625 974 

378 594 261 
645 271 893 
912 368 457 
===========
123 456 789 
456 789 132 
789 132 546 

297 843 615 
564 917 823 
831 625 974 

378 594 261 
645 271 398 
912 368 457 
===========
123 456 789 
456 789 132 
789 132 546 

297 843 651 
564 917 328 
831 625 497 

378 591 264 
645 278 913 
912 364 875 
===========
123 456 789 
456 789 132 
789 132 546 

297 845 361 
564 913 278 
831 627 495 

378 591 624 
645 278 913 
912 364 857 
===========
123 456 789 
456 789 132 
789 132 546 

297 845 613 
564 913 827 
831 627 954 

378 594 261 
645 271 398 
912 368 475 
===========
123 456 789 
456 789 132 
789 132 546 

297 845 613 
564 913 827 
831 627 954 

378 564 291 
645 291 378 
912 378 465 
===========
123 456 789 
456 789 132 
789 132 546 

297 613 458 
564 827 391 
831 945 267 

378 591 624 
645 278 913 
912 364 875 
===========
123 456 789 
456 789 132 
789 132 546 

297 613 458 
564 827 391 
831 945 627 

378 591 264 
645 278 913 
912 364 875 
===========
123 456 789 
456 789 132 
789 132 546 

297 613 458 
564 827 913 
831 945 267 

378 591 624 
645 278 391 
912 364 875 
===========
123 456 789 
456 789 132 
789 132 546 

297 613 458 
564 827 913 
831 945 627 

378 591 264 
645 278 391 
912 364 875 
===========
123 456 789 
456 789 132 
789 132 546 

297 613 458 
564 827 913 
831 945 627 

378 561 294 
645 298 371 
912 374 865 
===========
123 456 789 
456 789 132 
789 132 546 

297 613 854 
564 827 913 
831 945 267 

378 594 621 
645 271 398 
912 368 475 
===========
123 456 789 
456 789 132 
789 132 546 

297 613 854 
564 827 913 
831 945 627 

378 594 261 
645 271 398 
912 368 475 
===========
123 456 789 
456 789 132 
789 132 546 

297 613 854 
564 827 913 
831 945 627 

378 564 291 
645 291 378 
912 378 465 
===========
123 456 789 
456 789 132 
789 132 546 

297 614 358 
564 873 291 
831 925 467 

378 561 924 
645 297 813 
912 348 675 
===========
123 456 789 
456 789 132 
789 132 546 

297 614 358 
564 873 921 
831 925 467 

378 561 294 
645 297 813 
912 348 675 
===========
123 456 789 
456 789 132 
789 132 546 

297 614 853 
564 873 291 
831 925 467 

378 561 924 
645 297 318 
912 348 675 
===========
123 456 789 
456 789 132 
789 132 546 

297 614 853 
564 873 921 
831 925 467 

378 561 294 
645 297 318 
912 348 675 
===========
123 456 789 
456 789 132 
789 132 546 

297 641 358 
564 823 917 
831 975 264 

378 594 621 
645 217 893 
912 368 475 
===========
123 456 789 
456 789 132 
789 132 546 

297 641 358 
564 823 917 
831 975 624 

378 594 261 
645 217 893 
912 368 475 
===========
123 456 789 
456 789 132 
789 132 546 

297 641 853 
564 823 917 
831 975 264 

378 594 621 
645 217 398 
912 368 475 
===========
123 456 789 
456 789 132 
789 132 546 

297 641 853 
564 823 917 
831 975 624 

378 594 261 
645 217 398 
912 368 475 
===========
123 456 789 
456 789 132 
789 132 546 

297 643 815 
564 871 923 
831 925 674 

378 594 261 
645 218 397 
912 367 458 
===========
123 456 789 
456 789 132 
789 132 546 

297 643 815 
564 871 923 
831 925 674 

378 594 261 
645 217 398 
912 368 457 
===========
123 456 789 
456 789 132 
789 132 546 

297 643 815 
564 821 397 
831 975 264 

378 594 621 
645 218 973 
912 367 458 
===========
123 456 789 
456 789 132 
789 132 546 

297 643 815 
564 821 397 
831 975 624 

378 594 261 
645 218 973 
912 367 458 
===========
123 456 789 
456 789 132 
789 132 546 

297 643 815 
564 821 973 
831 975 264 

378 594 621 
645 218 397 
912 367 458 
===========
123 456 789 
456 789 132 
789 132 546 

297 643 815 
564 821 973 
831 975 624 

378 594 261 
645 218 397 
912 367 458 
===========
123 456 789 
456 789 132 
789 132 546 

297 643 815 
564 821 973 
831 975 264 

378 594 621 
645 217 398 
912 368 457 
===========
123 456 789 
456 789 132 
789 132 546 

297 643 815 
564 821 973 
831 975 624 

378 594 261 
645 217 398 
912 368 457 
===========
123 456 789 
456 789 132 
789 132 546 

297 643 815 
564 817 923 
831 925 674 

378 594 261 
645 271 398 
912 368 457 
===========
123 456 789 
456 789 132 
789 132 546 

297 643 815 
564 817 293 
831 925 467 

378 561 924 
645 298 371 
912 374 658 
===========
123 456 789 
456 789 132 
789 132 546 

297 643 815 
564 817 293 
831 925 467 

378 564 921 
645 291 378 
912 378 654 
===========
123 456 789 
456 789 132 
789 132 546 

297 643 815 
564 817 923 
831 925 467 

378 561 294 
645 298 371 
912 374 658 
===========
123 456 789 
456 789 132 
789 132 546 

297 643 815 
564 817 923 
831 925 467 

378 564 291 
645 291 378 
912 378 654 
===========
123 456 789 
456 789 132 
789 132 546 

297 645 318 
564 813 927 
831 927 654 

378 594 261 
645 271 893 
912 368 475 
===========
123 456 789 
456 789 132 
789 132 546 

297 645 318 
564 813 297 
831 927 465 

378 564 921 
645 291 873 
912 378 654 
===========
123 456 789 
456 789 132 
789 132 546 

297 645 318 
564 813 297 
831 927 654 

378 564 921 
645 291 873 
912 378 465 
===========
123 456 789 
456 789 132 
789 132 546 

297 645 318 
564 813 927 
831 927 465 

378 564 291 
645 291 873 
912 378 654 
===========
123 456 789 
456 789 132 
789 132 546 

297 645 318 
564 813 927 
831 927 654 

378 564 291 
645 291 873 
912 378 465 
===========
123 456 789 
456 789 132 
789 132 546 

297 645 813 
564 813 927 
831 927 654 

378 594 261 
645 271 398 
912 368 475 
===========
123 456 789 
456 789 132 
789 132 546 

297 645 813 
564 813 297 
831 927 465 

378 561 924 
645 298 371 
912 374 658 
===========
123 456 789 
456 789 132 
789 132 546 

297 645 813 
564 813 297 
831 927 465 

378 564 921 
645 291 378 
912 378 654 
===========
123 456 789 
456 789 132 
789 132 546 

297 645 813 
564 813 297 
831 927 654 

378 564 921 
645 291 378 
912 378 465 
===========
123 456 789 
456 789 132 
789 132 546 

297 645 813 
564 813 927 
831 927 465 

378 561 294 
645 298 371 
912 374 658 
===========
123 456 789 
456 789 132 
789 132 546 

297 645 813 
564 813 927 
831 927 465 

378 564 291 
645 291 378 
912 378 654 
===========
123 456 789 
456 789 132 
789 132 546 

297 645 813 
564 813 927 
831 927 654 

378 564 291 
645 291 378 
912 378 465 
===========
123 456 789 
456 789 132 
789 132 546 

297 813 465 
564 927 813 
831 564 927 

378 691 254 
645 278 391 
912 345 678 
===========
123 456 789 
456 789 132 
789 132 546 

297 813 465 
564 927 318 
831 564 297 

378 645 921 
645 291 873 
912 378 654 
===========
123 456 789 
456 789 132 
789 132 546 

297 813 465 
564 927 318 
831 564 927 

378 645 291 
645 291 873 
912 378 654 
===========
123 456 789 
456 789 132 
789 132 546 

297 813 465 
564 927 813 
831 564 297 

378 645 921 
645 291 378 
912 378 654 
===========
123 456 789 
456 789 132 
789 132 546 

297 813 465 
564 927 813 
831 564 927 

378 645 291 
645 291 378 
912 378 654 
===========
123 456 789 
456 789 132 
789 132 546 

297 813 654 
564 927 318 
831 564 297 

378 645 921 
645 291 873 
912 378 465 
===========
123 456 789 
456 789 132 
789 132 546 

297 813 654 
564 927 318 
831 564 927 

378 645 291 
645 291 873 
912 378 465 
===========
123 456 789 
456 789 132 
789 132 546 

297 813 654 
564 927 813 
831 564 297 

378 641 925 
645 298 371 
912 375 468 
===========
123 456 789 
456 789 132 
789 132 546 

297 813 654 
564 927 813 
831 564 927 

378 641 295 
645 298 371 
912 375 468 
===========
123 456 789 
456 789 132 
789 132 546 

297 813 654 
564 927 813 
831 564 297 

378 645 921 
645 291 378 
912 378 465 
===========
123 456 789 
456 789 132 
789 132 546 

297 813 654 
564 927 813 
831 564 927 

378 645 291 
645 291 378 
912 378 465 
===========
123 456 789 
456 789 132 
789 132 546 

297 814 653 
564 923 817 
831 567 294 

378 641 925 
645 298 371 
912 375 468 
===========
123 456 789 
456 789 132 
789 132 546 

297 814 653 
564 923 817 
831 567 924 

378 641 295 
645 298 371 
912 375 468 
===========
123 456 789 
456 789 132 
789 132 546 

297 814 653 
564 923 817 
831 567 294 

378 645 921 
645 291 378 
912 378 465 
===========
123 456 789 
456 789 132 
789 132 546 

297 814 653 
564 923 817 
831 567 924 

378 645 291 
645 291 378 
912 378 465 
===========
123 456 789 
456 789 132 
789 132 546 

297 814 653 
564 923 871 
831 567 294 

378 641 925 
645 298 317 
912 375 468 
===========
123 456 789 
456 789 132 
789 132 546 

297 814 653 
564 923 871 
831 567 924 

378 641 295 
645 298 317 
912 375 468 
===========
123 456 789 
456 789 132 
789 132 546 

297 841 365 
564 923 817 
831 567 294 

378 695 421 
645 218 973 
912 374 658 
===========
123 456 789 
456 789 132 
789 132 546 

297 841 653 
564 923 871 
831 567 924 

378 694 215 
645 218 397 
912 375 468 
===========
123 456 789 
456 789 132 
789 132 546 

297 841 653 
564 923 817 
831 567 294 

378 614 925 
645 298 371 
912 375 468 
===========
123 456 789 
456 789 132 
789 132 546 

297 841 653 
564 923 817 
831 567 924 

378 614 295 
645 298 371 
912 375 468 
===========
123 456 789 
456 789 132 
789 132 546 

297 841 653 
564 923 871 
831 567 294 

378 614 925 
645 298 317 
912 375 468 
===========
123 456 789 
456 789 132 
789 132 546 

297 841 653 
564 923 871 
831 567 924 

378 614 295 
645 298 317 
912 375 468 
===========
123 456 789 
456 789 132 
789 132 546 

297 843 615 
564 921 873 
831 567 924 

378 694 251 
645 218 397 
912 375 468 
===========
123 456 789 
456 789 132 
789 132 546 

297 843 651 
564 921 873 
831 567 924 

378 694 215 
645 218 397 
912 375 468 
===========
123 456 789 
456 789 132 
789 132 546 

297 843 651 
564 921 873 
831 567 294 

378 614 925 
645 298 317 
912 375 468 
===========
123 456 789 
456 789 132 
789 132 546 

297 843 651 
564 921 873 
831 567 924 

378 614 295 
645 298 317 
912 375 468 
===========
123 456 789 
456 789 132 
789 132 546 

297 861 354 
564 973 218 
831 524 697 

378 695 421 
645 218 973 
912 347 865 
===========
123 456 789 
456 789 132 
789 132 546 

297 861 354 
564 973 218 
831 524 967 

378 695 421 
645 217 893 
912 348 675 
===========
123 456 789 
456 789 132 
789 132 546 

297 861 453 
564 973 821 
831 524 967 

378 695 214 
645 217 398 
912 348 675 
===========
123 456 789 
456 789 132 
789 132 546 

297 861 453 
564 973 218 
831 524 697 

378 615 924 
645 298 371 
912 347 865 
===========
123 456 789 
456 789 132 
789 132 546 

297 861 453 
564 973 821 
831 524 967 

378 615 294 
645 297 318 
912 348 675 
===========
123 456 789 
456 789 132 
789 132 546 

297 863 415 
564 917 823 
831 524 967 

378 691 254 
645 278 391 
912 345 678 
===========
123 456 789 
456 789 132 
789 132 546 

297 863 415 
564 971 823 
831 524 967 

378 615 294 
645 298 371 
912 347 658 
===========
123 456 789 
456 789 132 
789 132 546 

297 863 415 
564 917 328 
831 524 967 

378 645 291 
645 291 873 
912 378 654 
===========
123 456 789 
456 789 132 
789 132 546 

297 863 415 
564 917 823 
831 524 967 

378 645 291 
645 291 378 
912 378 654 
===========
123 456 789 
456 789 132 
789 132 546 

297 863 451 
564 971 328 
831 524 697 

378 695 214 
645 218 973 
912 347 865 
===========
123 456 789 
456 789 132 
789 132 546 

297 863 451 
564 971 328 
831 524 967 

378 695 214 
645 217 893 
912 348 675 
===========
123 456 789 
456 789 132 
789 132 546 

297 863 451 
564 971 823 
831 524 967 

378 695 214 
645 217 398 
912 348 675 
===========
123 456 789 
456 789 132 
789 132 546 

297 863 451 
564 917 328 
831 524 967 

378 695 214 
645 271 893 
912 348 675 
===========
123 456 789 
456 789 132 
789 132 546 

297 863 451 
564 917 823 
831 524 967 

378 695 214 
645 271 398 
912 348 675 
===========
123 456 789 
456 789 132 
789 132 546 

297 863 451 
564 971 328 
831 524 967 

378 615 294 
645 297 813 
912 348 675 
===========
123 456 789 
456 789 132 
789 132 546 

297 863 451 
564 971 823 
831 524 967 

378 615 294 
645 297 318 
912 348 675 
===========
123 456 789 
456 789 132 
789 132 546 

297 864 315 
564 913 278 
831 527 964 

378 695 421 
645 271 893 
912 348 657 
===========
123 456 789 
456 789 132 
789 132 546 

297 864 351 
564 913 278 
831 527 694 

378 691 425 
645 278 913 
912 345 867 
===========
123 456 789 
456 789 132 
789 132 546 

297 513 864 
564 827 391 
831 964 257 

378 691 425 
645 278 913 
912 345 678 
===========
123 456 789 
456 789 132 
789 132 546 

297 513 864 
564 827 913 
831 964 257 

378 691 425 
645 278 391 
912 345 678 
===========
123 456 789 
456 789 132 
789 132 546 

297 513 864 
564 827 913 
831 964 257 

378 695 421 
645 271 398 
912 348 675 
===========
123 456 789 
456 789 132 
789 132 546 

297 513 864 
564 827 913 
831 964 275 

378 695 421 
645 271 398 
912 348 657 
===========
123 456 789 
456 789 132 
789 132 546 

297 514 368 
564 823 917 
831 967 254 

378 695 421 
645 271 893 
912 348 675 
===========
123 456 789 
456 789 132 
789 132 546 

297 514 368 
564 823 971 
831 967 425 

378 695 214 
645 271 893 
912 348 657 
===========
123 456 789 
456 789 132 
789 132 546 

297 514 368 
564 823 917 
831 967 425 

378 645 291 
645 291 873 
912 378 654 
===========
123 456 789 
456 789 132 
789 132 546 

297 514 863 
564 823 917 
831 967 254 

378 691 425 
645 278 391 
912 345 678 
===========
123 456 789 
456 789 132 
789 132 546 

297 514 863 
564 823 917 
831 967 425 

378 691 254 
645 278 391 
912 345 678 
===========
123 456 789 
456 789 132 
789 132 546 

297 514 863 
564 823 917 
831 967 254 

378 695 421 
645 271 398 
912 348 675 
===========
123 456 789 
456 789 132 
789 132 546 

297 514 863 
564 823 971 
831 967 425 

378 695 214 
645 271 398 
912 348 657 
===========
123 456 789 
456 789 132 
789 132 546 

297 514 863 
564 823 917 
831 967 425 

378 645 291 
645 291 378 
912 378 654 
===========
123 456 789 
456 789 132 
789 132 546 

297 541 863 
564 823 971 
831 967 425 

378 695 214 
645 218 397 
912 374 658 
===========
123 456 789 
456 789 132 
789 132 546 

297 541 863 
564 823 917 
831 967 425 

378 615 294 
645 298 371 
912 374 658 
===========
123 456 789 
456 789 132 
789 132 546 

297 541 863 
564 823 971 
831 967 425 

378 615 294 
645 298 317 
912 374 658 
===========
123 456 789 
456 789 132 
789 132 546 

297 543 618 
564 821 397 
831 967 254 

378 695 421 
645 218 973 
912 374 865 
===========
123 456 789 
456 789 132 
789 132 546 

297 543 618 
564 821 397 
831 967 425 

378 694 251 
645 218 973 
912 375 864 
===========
123 456 789 
456 789 132 
789 132 546 

297 543 618 
564 821 973 
831 967 254 

378 695 421 
645 218 397 
912 374 865 
===========
123 456 789 
456 789 132 
789 132 546 

297 543 618 
564 821 973 
831 967 425 

378 694 251 
645 218 397 
912 375 864 
===========
123 456 789 
456 789 132 
789 132 546 

297 543 861 
564 821 397 
831 967 425 

378 695 214 
645 218 973 
912 374 658 
===========
123 456 789 
456 789 132 
789 132 546 

297 543 861 
564 821 973 
831 967 425 

378 695 214 
645 218 397 
912 374 658 
===========
123 456 789 
456 789 132 
789 132 546 

297 543 861 
564 821 973 
831 967 425 

378 615 294 
645 298 317 
912 374 658 
===========
123 456 789 
456 789 132 
789 132 546 

297 563 418 
564 817 923 
831 924 675 

378 691 254 
645 278 391 
912 345 867 
===========
123 456 789 
456 789 132 
789 132 546 

297 563 418 
564 871 293 
831 924 657 

378 615 924 
645 298 371 
912 347 865 
===========
123 456 789 
456 789 132 
789 132 546 

297 563 418 
564 871 923 
831 924 657 

378 615 294 
645 298 371 
912 347 865 
===========
123 456 789 
456 789 132 
789 132 546 

297 563 418 
564 821 397 
831 947 625 

378 694 251 
645 218 973 
912 375 864 
===========
123 456 789 
456 789 132 
789 132 546 

297 563 418 
564 821 973 
831 947 625 

378 694 251 
645 218 397 
912 375 864 
===========
123 456 789 
456 789 132 
789 132 546 

297 563 418 
564 817 293 
831 924 657 

378 641 925 
645 298 371 
912 375 864 
===========
123 456 789 
456 789 132 
789 132 546 

297 563 418 
564 817 923 
831 924 657 

378 641 295 
645 298 371 
912 375 864 
===========
123 456 789 
456 789 132 
789 132 546 

297 563 814 
564 821 397 
831 974 265 

378 695 421 
645 218 973 
912 347 658 
===========
123 456 789 
456 789 132 
789 132 546 

297 563 814 
564 821 973 
831 974 265 

378 695 421 
645 218 397 
912 347 658 
===========
123 456 789 
456 789 132 
789 132 546 

297 563 814 
564 821 973 
831 974 265 

378 695 421 
645 217 398 
912 348 657 
===========
123 456 789 
456 789 132 
789 132 546 

297 563 814 
564 821 397 
831 947 265 

378 695 421 
645 218 973 
912 374 658 
===========
123 456 789 
456 789 132 
789 132 546 

297 563 814 
564 821 397 
831 947 625 

378 694 251 
645 218 973 
912 375 468 
===========
123 456 789 
456 789 132 
789 132 546 

297 563 814 
564 821 973 
831 947 265 

378 695 421 
645 218 397 
912 374 658 
===========
123 456 789 
456 789 132 
789 132 546 

297 563 814 
564 821 973 
831 947 625 

378 694 251 
645 218 397 
912 375 468 
===========
123 456 789 
456 789 132 
789 132 546 

297 563 814 
564 817 293 
831 924 657 

378 641 925 
645 298 371 
912 375 468 
===========
123 456 789 
456 789 132 
789 132 546 

297 563 814 
564 817 293 
831 924 657 

378 645 921 
645 291 378 
912 378 465 
===========
123 456 789 
456 789 132 
789 132 546 

297 563 814 
564 817 923 
831 924 657 

378 641 295 
645 298 371 
912 375 468 
===========
123 456 789 
456 789 132 
789 132 546 

297 563 814 
564 817 923 
831 924 657 

378 645 291 
645 291 378 
912 378 465 
===========
123 456 789 
456 789 132 
789 132 546 

297 564 318 
564 813 297 
831 927 465 

378 645 921 
645 291 873 
912 378 654 
===========
123 456 789 
456 789 132 
789 132 546 

297 564 318 
564 813 297 
831 927 654 

378 645 921 
645 291 873 
912 378 465 
===========
123 456 789 
456 789 132 
789 132 546 

297 564 318 
564 813 927 
831 927 465 

378 645 291 
645 291 873 
912 378 654 
===========
123 456 789 
456 789 132 
789 132 546 

297 564 318 
564 813 927 
831 927 654 

378 645 291 
645 291 873 
912 378 465 
===========
123 456 789 
456 789 132 
789 132 546 

297 564 813 
564 813 927 
831 927 465 

378 691 254 
645 278 391 
912 345 678 
===========
123 456 789 
456 789 132 
789 132 546 

297 564 813 
564 813 297 
831 927 654 

378 641 925 
645 298 371 
912 375 468 
===========
123 456 789 
456 789 132 
789 132 546 

297 564 813 
564 813 297 
831 927 465 

378 645 921 
645 291 378 
912 378 654 
===========
123 456 789 
456 789 132 
789 132 546 

297 564 813 
564 813 297 
831 927 654 

378 645 921 
645 291 378 
912 378 465 
===========
123 456 789 
456 789 132 
789 132 546 

297 564 813 
564 813 927 
831 927 654 

378 641 295 
645 298 371 
912 375 468 
===========
123 456 789 
456 789 132 
789 132 546 

297 564 813 
564 813 927 
831 927 465 

378 645 291 
645 291 378 
912 378 654 
===========
123 456 789 
456 789 132 
789 132 546 

297 564 813 
564 813 927 
831 927 654 

378 645 291 
645 291 378 
912 378 465 
===========
123 456 789 
456 789 132 
789 132 546 

297 613 458 
564 897 321 
831 524 967 

378 965 214 
645 271 893 
912 348 675 
===========
123 456 789 
456 789 132 
789 132 546 

297 613 458 
564 897 213 
831 524 967 

378 941 625 
645 278 391 
912 365 874 
===========
123 456 789 
456 789 132 
789 132 546 

297 613 458 
564 897 321 
831 524 697 

378 941 265 
645 278 913 
912 365 874 
===========
123 456 789 
456 789 132 
789 132 546 

297 613 458 
564 827 391 
831 594 267 

378 941 625 
645 278 913 
912 365 874 
===========
123 456 789 
456 789 132 
789 132 546 

297 613 458 
564 827 391 
831 594 627 

378 941 265 
645 278 913 
912 365 874 
===========
123 456 789 
456 789 132 
789 132 546 

297 613 458 
564 827 913 
831 594 267 

378 941 625 
645 278 391 
912 365 874 
===========
123 456 789 
456 789 132 
789 132 546 

297 613 458 
564 827 913 
831 594 627 

378 941 265 
645 278 391 
912 365 874 
===========
123 456 789 
456 789 132 
789 132 546 

297 613 854 
564 897 213 
831 524 967 

378 961 425 
645 278 391 
912 345 678 
===========
123 456 789 
456 789 132 
789 132 546 

297 613 854 
564 897 213 
831 524 967 

378 965 421 
645 271 398 
912 348 675 
===========
123 456 789 
456 789 132 
789 132 546 

297 613 854 
564 827 391 
831 594 267 

378 961 425 
645 278 913 
912 345 678 
===========
123 456 789 
456 789 132 
789 132 546 

297 613 854 
564 827 913 
831 594 267 

378 961 425 
645 278 391 
912 345 678 
===========
123 456 789 
456 789 132 
789 132 546 

297 613 854 
564 827 913 
831 594 267 

378 965 421 
645 271 398 
912 348 675 
===========
123 456 789 
456 789 132 
789 132 546 

297 613 854 
564 897 213 
831 524 967 

378 941 625 
645 278 391 
912 365 478 
===========
123 456 789 
456 789 132 
789 132 546 

297 613 854 
564 897 213 
831 524 967 

378 945 621 
645 271 398 
912 368 475 
===========
123 456 789 
456 789 132 
789 132 546 

297 613 854 
564 897 321 
831 524 697 

378 941 265 
645 278 913 
912 365 478 
===========
123 456 789 
456 789 132 
789 132 546 

297 613 854 
564 827 391 
831 594 267 

378 941 625 
645 278 913 
912 365 478 
===========
123 456 789 
456 789 132 
789 132 546 

297 613 854 
564 827 391 
831 594 627 

378 941 265 
645 278 913 
912 365 478 
===========
123 456 789 
456 789 132 
789 132 546 

297 613 854 
564 827 913 
831 594 267 

378 941 625 
645 278 391 
912 365 478 
===========
123 456 789 
456 789 132 
789 132 546 

297 613 854 
564 827 913 
831 594 627 

378 941 265 
645 278 391 
912 365 478 
===========
